SHARED-CM1
TRUE, 0, 0, 20, 0, 0.0, 0.0, 0.0, 1.0, 0.06153846, 0.6557377
FALSE, 0, 20, 0, 0, 0.0, 0.0, 0.0, 0.0, 0.14814815, 0.08695652
TRUE, 6, 0, 12, 2, 0.4, 0.14285715, 1.0, 0.6666667, 0.20779221, 0.6666667
FALSE, 2, 12, 0, 6, 0.4, 1.0, 0.33333334, 0.0, 0.52747256, 0.33333334
TRUE, 16, 0, 4, 0, 0.8, 0.0, 0.0, 0.2, 0.317757, 0.2857143
FALSE, 0, 4, 0, 16, 0.8, 1.0, 0.8, 0.0, 0.84867394, 0.61538464
TRUE, 8, 2, 10, 0, 0.4, 0.0, 0.0, 0.5555556, 0.15, 0.41666666
FALSE, 0, 10, 2, 8, 0.4, 0.8, 0.44444445, 1.0, 0.55813956, 0.53333336
TRUE, 3, 0, 13, 4, 0.35, 0.23529412, 1.0, 0.8125, 0.27586207, 0.8062016
FALSE, 4, 13, 0, 3, 0.35, 1.0, 0.1875, 0.0, 0.46153846, 0.19354838

SHARED-KC1
TRUE, 14, 0, 60, 11, 0.29411766, 0.15492958, 1.0, 0.8108108, 0.20213157, 0.86049545
FALSE, 11, 60, 0, 14, 0.29411766, 1.0, 0.1891892, 0.0, 0.44331855, 0.11570248
TRUE, 30, 1, 44, 10, 0.47058824, 0.18518518, 0.90909094, 0.5945946, 0.26578072, 0.71895427
FALSE, 10, 44, 1, 30, 0.47058824, 0.9677419, 0.4054054, 0.09090909, 0.6332454, 0.14851485
TRUE, 44, 2, 31, 8, 0.6117647, 0.20512821, 0.8, 0.41333333, 0.3072378, 0.545055
FALSE, 8, 31, 2, 44, 0.6117647, 0.95652175, 0.58666664, 0.2, 0.7462492, 0.2983051
TRUE, 31, 1, 40, 13, 0.5176471, 0.24528302, 0.9285714, 0.5633803, 0.3328484, 0.7012812
FALSE, 13, 40, 1, 31, 0.5176471, 0.96875, 0.43661973, 0.071428575, 0.67474645, 0.12277228
TRUE, 22, 1, 47, 15, 0.43529412, 0.24193548, 0.9375, 0.68115944, 0.3110115, 0.7890319
FALSE, 15, 47, 1, 22, 0.43529412, 0.95652175, 0.3188406, 0.0625, 0.59830946, 0.104513064

SHARED-KC2
TRUE, 6, 0, 10, 5, 0.52380955, 0.33333334, 1.0, 0.625, 0.4, 0.71428573
FALSE, 5, 10, 0, 6, 0.52380955, 1.0, 0.375, 0.0, 0.6315789, 0.23076923
TRUE, 3, 0, 13, 5, 0.3809524, 0.2777778, 1.0, 0.8125, 0.31496063, 0.8227848
FALSE, 5, 13, 0, 3, 0.3809524, 1.0, 0.1875, 0.0, 0.48979592, 0.1764706
TRUE, 4, 0, 13, 4, 0.3809524, 0.23529412, 1.0, 0.7647059, 0.2857143, 0.7819549
FALSE, 4, 13, 0, 4, 0.3809524, 1.0, 0.23529412, 0.0, 0.5, 0.21621622
TRUE, 7, 0, 12, 2, 0.42857143, 0.14285715, 1.0, 0.6315789, 0.21176471, 0.6486486
FALSE, 2, 12, 0, 7, 0.42857143, 1.0, 0.36842105, 0.0, 0.5575221, 0.35
TRUE, 5, 0, 11, 5, 0.47619048, 0.3125, 1.0, 0.6875, 0.37037036, 0.75342464
FALSE, 5, 11, 0, 5, 0.47619048, 1.0, 0.3125, 0.0, 0.5882353, 0.2173913

SHARED-KC3
TRUE, 8, 0, 8, 3, 0.57894737, 0.27272728, 1.0, 0.5, 0.3646409, 0.6
FALSE, 3, 8, 0, 8, 0.57894737, 1.0, 0.5, 0.0, 0.6795367, 0.33333334
TRUE, 5, 0, 14, 0, 0.2631579, 0.0, 0.0, 0.7368421, 0.10810811, 0.59574467
FALSE, 0, 14, 0, 5, 0.2631579, 1.0, 0.2631579, 0.0, 0.42553192, 0.3448276
TRUE, 1, 0, 16, 2, 0.15789473, 0.11111111, 1.0, 0.9411765, 0.12765957, 0.7804878
FALSE, 2, 16, 0, 1, 0.15789473, 1.0, 0.05882353, 0.0, 0.23076923, 0.1
TRUE, 9, 0, 7, 3, 0.6315789, 0.3, 1.0, 0.4375, 0.4, 0.55263156
FALSE, 3, 7, 0, 9, 0.6315789, 1.0, 0.5625, 0.0, 0.72, 0.34615386
TRUE, 5, 1, 12, 1, 0.31578946, 0.07692308, 0.5, 0.7058824, 0.12371134, 0.58536583
FALSE, 1, 12, 1, 5, 0.31578946, 0.8333333, 0.29411766, 0.5, 0.45801526, 0.37037036

SHARED-MW1
TRUE, 3, 0, 12, 1, 0.25, 0.07692308, 1.0, 0.8, 0.11594203, 0.61538464
FALSE, 1, 12, 0, 3, 0.25, 1.0, 0.2, 0.0, 0.35820895, 0.2857143
TRUE, 7, 0, 8, 1, 0.5, 0.11111111, 1.0, 0.53333336, 0.17977528, 0.516129
FALSE, 1, 8, 0, 7, 0.5, 1.0, 0.46666667, 0.0, 0.61202186, 0.4827586
TRUE, 7, 0, 9, 1, 0.47058824, 0.1, 1.0, 0.5625, 0.1632653, 0.5294118
FALSE, 1, 9, 0, 7, 0.47058824, 1.0, 0.4375, 0.0, 0.58947366, 0.46666667
TRUE, 2, 0, 15, 0, 0.11764706, 0.0, 0.0, 0.88235295, 0.08955224, 0.63829786
FALSE, 0, 15, 0, 2, 0.11764706, 1.0, 0.11764706, 0.0, 0.25531915, 0.1904762
TRUE, 10, 0, 6, 1, 0.64705884, 0.14285715, 1.0, 0.375, 0.23157895, 0.42857143
FALSE, 1, 6, 0, 10, 0.64705884, 1.0, 0.625, 0.0, 0.730897, 0.5555556

SHARED-MC2
TRUE, 0, 0, 4, 3, 0.42857143, 0.42857143, 1.0, 1.0, 0.43636364, 0.7741935
FALSE, 3, 4, 0, 0, 0.42857143, 0.0, 0.0, 0.0, 0.47058824, 0.22222222
TRUE, 1, 0, 3, 3, 0.5714286, 0.5, 1.0, 0.75, 0.5, 0.75
FALSE, 3, 3, 0, 1, 0.5714286, 1.0, 0.25, 0.0, 0.5, 0.25
TRUE, 1, 0, 5, 1, 0.2857143, 0.16666667, 1.0, 0.8333333, 0.2, 0.625
FALSE, 1, 5, 0, 1, 0.2857143, 1.0, 0.16666667, 0.0, 0.33333334, 0.25
TRUE, 1, 3, 2, 1, 0.2857143, 0.33333334, 0.25, 0.6666667, 0.30769232, 0.36363637
FALSE, 1, 2, 3, 1, 0.2857143, 0.25, 0.33333334, 0.75, 0.26666668, 0.46153846
TRUE, 1, 0, 3, 3, 0.5714286, 0.5, 1.0, 0.75, 0.5, 0.75
FALSE, 3, 3, 0, 1, 0.5714286, 1.0, 0.25, 0.0, 0.5, 0.25

SHARED-PC1
TRUE, 0, 0, 41, 4, 0.08888889, 0.08888889, 1.0, 1.0, 0.0968523, 0.87935656
FALSE, 4, 41, 0, 0, 0.08888889, 0.0, 0.0, 0.0, 0.1754386, 0.04255319
TRUE, 25, 1, 16, 3, 0.62222224, 0.15789473, 0.75, 0.3902439, 0.25187406, 0.51336896
FALSE, 3, 16, 1, 25, 0.62222224, 0.96153843, 0.6097561, 0.25, 0.75553155, 0.35460994
TRUE, 0, 0, 42, 3, 0.06666667, 0.06666667, 1.0, 1.0, 0.07476635, 0.8484849
FALSE, 3, 42, 0, 0, 0.06666667, 0.0, 0.0, 0.0, 0.14545454, 0.04255319
TRUE, 9, 2, 32, 2, 0.24444444, 0.05882353, 0.5, 0.7804878, 0.094827585, 0.60952383
FALSE, 2, 32, 2, 9, 0.24444444, 0.8181818, 0.2195122, 0.5, 0.37642586, 0.30508474
TRUE, 4, 1, 36, 4, 0.17777778, 0.1, 0.8, 0.9, 0.128, 0.84705883
FALSE, 4, 36, 1, 4, 0.17777778, 0.8, 0.1, 0.2, 0.29090908, 0.13333334

AR3
TRUE, 0, 0, 3, 0, 0.0, 0.0, 0.0, 1.0, 0.2857143, 0.6
FALSE, 0, 3, 0, 0, 0.0, 0.0, 0.0, 0.0, 0.4, 0.33333334
TRUE, 2, 1, 0, 0, 0.6666667, 0.0, 0.0, 0.0, 0.54545456, 0.4
FALSE, 0, 0, 1, 2, 0.6666667, 0.6666667, 1.0, 1.0, 0.6315789, 0.5714286
TRUE, 2, 0, 1, 0, 0.6666667, 0.0, 0.0, 0.33333334, 0.54545456, 0.4
FALSE, 0, 1, 0, 2, 0.6666667, 1.0, 0.6666667, 0.0, 0.6315789, 0.5714286
TRUE, 2, 0, 1, 0, 0.6666667, 0.0, 0.0, 0.33333334, 0.54545456, 0.4
FALSE, 0, 1, 0, 2, 0.6666667, 1.0, 0.6666667, 0.0, 0.6315789, 0.5714286
TRUE, 3, 0, 0, 0, 1.0, 0.0, 0.0, 0.0, 0.5714286, 0.33333334
FALSE, 0, 0, 0, 3, 1.0, 1.0, 1.0, 0.0, 0.7058824, 0.6

AR4
TRUE, 3, 2, 0, 0, 0.6, 0.0, 0.0, 0.0, 0.53333336, 0.2857143
FALSE, 0, 0, 2, 3, 0.6, 0.6, 1.0, 1.0, 0.58536583, 0.7058824
TRUE, 5, 0, 0, 0, 1.0, 0.0, 0.0, 0.0, 0.6, 0.25
FALSE, 0, 0, 0, 5, 1.0, 1.0, 1.0, 0.0, 0.7894737, 0.625
TRUE, 4, 1, 0, 0, 0.8, 0.0, 0.0, 0.0, 0.5882353, 0.2857143
FALSE, 0, 0, 1, 4, 0.8, 0.8, 1.0, 1.0, 0.754717, 0.61538464
TRUE, 5, 0, 0, 0, 1.0, 0.0, 0.0, 0.0, 0.6, 0.25
FALSE, 0, 0, 0, 5, 1.0, 1.0, 1.0, 0.0, 0.7894737, 0.625
TRUE, 4, 1, 0, 0, 0.8, 0.0, 0.0, 0.0, 0.5882353, 0.2857143
FALSE, 0, 0, 1, 4, 0.8, 0.8, 1.0, 1.0, 0.754717, 0.61538464

AR5
TRUE, 1, 1, 0, 0, 0.5, 0.0, 0.0, 0.0, 0.5, 0.5
FALSE, 0, 0, 1, 1, 0.5, 0.5, 1.0, 1.0, 0.5, 0.5
TRUE, 2, 0, 0, 0, 1.0, 0.0, 0.0, 0.0, 0.54545456, 0.4
FALSE, 0, 0, 0, 2, 1.0, 1.0, 1.0, 0.0, 0.6315789, 0.5714286
TRUE, 2, 0, 0, 0, 1.0, 0.0, 0.0, 0.0, 0.54545456, 0.4
FALSE, 0, 0, 0, 2, 1.0, 1.0, 1.0, 0.0, 0.6315789, 0.5714286
TRUE, 2, 0, 0, 0, 1.0, 0.0, 0.0, 0.0, 0.54545456, 0.4
FALSE, 0, 0, 0, 2, 1.0, 1.0, 1.0, 0.0, 0.6315789, 0.5714286
TRUE, 1, 1, 0, 0, 0.5, 0.0, 0.0, 0.0, 0.5, 0.5
FALSE, 0, 0, 1, 1, 0.5, 0.5, 1.0, 1.0, 0.5, 0.5

