SHARED-CM1
TRUE, 16, 4, 0, 0, 0.8, 0.0, 0.0, 0.0, 0.60714287, 0.09090909
FALSE, 0, 0, 4, 16, 0.8, 0.8, 1.0, 1.0, 0.78612715, 0.8648649
TRUE, 19, 1, 0, 0, 0.95, 0.0, 0.0, 0.0, 0.6451613, 0.09090909
FALSE, 0, 0, 1, 19, 0.95, 0.95, 1.0, 1.0, 0.9290953, 0.6551724
TRUE, 17, 3, 0, 0, 0.85, 0.0, 0.0, 0.0, 0.62068963, 0.09090909
FALSE, 0, 0, 3, 17, 0.85, 0.85, 1.0, 1.0, 0.83378744, 0.8360656
TRUE, 19, 1, 0, 0, 0.95, 0.0, 0.0, 0.0, 0.6451613, 0.09090909
FALSE, 0, 0, 1, 19, 0.95, 0.95, 1.0, 1.0, 0.9290953, 0.6551724
TRUE, 17, 3, 0, 0, 0.85, 0.0, 0.0, 0.0, 0.62068963, 0.09090909
FALSE, 0, 0, 3, 17, 0.85, 0.85, 1.0, 1.0, 0.83378744, 0.8360656

SHARED-KC1
TRUE, 74, 11, 0, 0, 0.87058824, 0.0, 0.0, 0.0, 0.6329114, 0.022988506
FALSE, 0, 0, 11, 74, 0.87058824, 0.87058824, 1.0, 1.0, 0.8663077, 0.95037943
TRUE, 73, 12, 0, 0, 0.85882354, 0.0, 0.0, 0.0, 0.6297872, 0.022988506
FALSE, 0, 0, 12, 73, 0.85882354, 0.85882354, 1.0, 1.0, 0.8546792, 0.9537289
TRUE, 72, 13, 0, 0, 0.84705883, 0.0, 0.0, 0.0, 0.62660944, 0.022988506
FALSE, 0, 0, 13, 72, 0.84705883, 0.84705883, 1.0, 1.0, 0.8430508, 0.95656615
TRUE, 74, 11, 0, 0, 0.87058824, 0.0, 0.0, 0.0, 0.6329114, 0.022988506
FALSE, 0, 0, 11, 74, 0.87058824, 0.87058824, 1.0, 1.0, 0.8663077, 0.95037943
TRUE, 71, 14, 0, 0, 0.8352941, 0.0, 0.0, 0.0, 0.6233766, 0.022988506
FALSE, 0, 0, 14, 71, 0.8352941, 0.8352941, 1.0, 1.0, 0.83142227, 0.9589966

SHARED-KC2
TRUE, 15, 6, 0, 0, 0.71428573, 0.0, 0.0, 0.0, 0.58181816, 0.08695652
FALSE, 0, 0, 6, 15, 0.71428573, 0.71428573, 1.0, 1.0, 0.7048458, 0.8955224
TRUE, 18, 3, 0, 0, 0.85714287, 0.0, 0.0, 0.0, 0.6229508, 0.08695652
FALSE, 0, 0, 3, 18, 0.85714287, 0.85714287, 1.0, 1.0, 0.84132844, 0.8372093
TRUE, 17, 4, 0, 0, 0.8095238, 0.0, 0.0, 0.0, 0.6101695, 0.08695652
FALSE, 0, 0, 4, 17, 0.8095238, 0.8095238, 1.0, 1.0, 0.7958388, 0.86624205
TRUE, 16, 2, 0, 3, 0.9047619, 1.0, 0.6, 0.0, 0.8028169, 0.10714286
FALSE, 3, 0, 2, 16, 0.9047619, 0.8888889, 1.0, 0.4, 0.8760807, 0.5614035
TRUE, 17, 2, 0, 2, 0.9047619, 1.0, 0.5, 0.0, 0.75247526, 0.1
FALSE, 2, 0, 2, 17, 0.9047619, 0.8947368, 1.0, 0.5, 0.87891155, 0.65384614

SHARED-KC3
TRUE, 18, 1, 0, 0, 0.94736844, 0.0, 0.0, 0.0, 0.6440678, 0.0952381
FALSE, 0, 0, 1, 18, 0.94736844, 0.94736844, 1.0, 1.0, 0.9255751, 0.6545454
TRUE, 18, 0, 0, 1, 1.0, 1.0, 1.0, 0.0, 0.6440678, 0.0952381
FALSE, 1, 0, 0, 18, 1.0, 1.0, 1.0, 0.0, 0.9255751, 0.6545454
TRUE, 17, 2, 0, 0, 0.8947368, 0.0, 0.0, 0.0, 0.6315789, 0.0952381
FALSE, 0, 0, 2, 17, 0.8947368, 0.8947368, 1.0, 1.0, 0.8755365, 0.7816092
TRUE, 18, 1, 0, 0, 0.94736844, 0.0, 0.0, 0.0, 0.6440678, 0.0952381
FALSE, 0, 0, 1, 18, 0.94736844, 0.94736844, 1.0, 1.0, 0.9255751, 0.6545454
TRUE, 17, 0, 1, 1, 0.94736844, 0.5, 1.0, 0.055555556, 0.64285713, 0.1
FALSE, 1, 1, 0, 17, 0.94736844, 1.0, 0.9444444, 0.0, 0.92168677, 0.65384614

SHARED-MW1
TRUE, 14, 2, 0, 0, 0.875, 0.0, 0.0, 0.0, 0.625, 0.11111111
FALSE, 0, 0, 2, 14, 0.875, 0.875, 1.0, 1.0, 0.85365856, 0.7777778
TRUE, 15, 1, 0, 0, 0.9375, 0.0, 0.0, 0.0, 0.64, 0.11111111
FALSE, 0, 0, 1, 15, 0.9375, 0.9375, 1.0, 1.0, 0.9125475, 0.65217394
TRUE, 15, 2, 0, 0, 0.88235295, 0.0, 0.0, 0.0, 0.627451, 0.10526316
FALSE, 0, 0, 2, 15, 0.88235295, 0.88235295, 1.0, 1.0, 0.8617594, 0.77922076
TRUE, 15, 2, 0, 0, 0.88235295, 0.0, 0.0, 0.0, 0.627451, 0.10526316
FALSE, 0, 0, 2, 15, 0.88235295, 0.88235295, 1.0, 1.0, 0.8617594, 0.77922076
TRUE, 16, 1, 0, 0, 0.9411765, 0.0, 0.0, 0.0, 0.6415094, 0.10526316
FALSE, 0, 0, 1, 16, 0.9411765, 0.9411765, 1.0, 1.0, 0.9173693, 0.6530612

SHARED-MC2
TRUE, 4, 0, 1, 2, 0.85714287, 0.6666667, 1.0, 0.2, 0.7058824, 0.30769232
FALSE, 2, 1, 0, 4, 0.85714287, 1.0, 0.8, 0.0, 0.7741935, 0.47058824
TRUE, 3, 2, 2, 0, 0.42857143, 0.0, 0.0, 0.4, 0.4, 0.36363637
FALSE, 0, 2, 2, 3, 0.42857143, 0.6, 0.6, 1.0, 0.54545456, 0.6315789
TRUE, 5, 1, 0, 1, 0.85714287, 1.0, 0.5, 0.0, 0.6, 0.25
FALSE, 1, 0, 1, 5, 0.85714287, 0.8333333, 1.0, 0.5, 0.7894737, 0.625
TRUE, 4, 1, 1, 1, 0.71428573, 0.5, 0.5, 0.2, 0.5882353, 0.2857143
FALSE, 1, 1, 1, 4, 0.71428573, 0.8, 0.8, 0.5, 0.754717, 0.61538464
TRUE, 4, 2, 0, 1, 0.71428573, 1.0, 0.33333334, 0.0, 0.5555556, 0.25
FALSE, 1, 0, 2, 4, 0.71428573, 0.6666667, 1.0, 0.6666667, 0.6451613, 0.72727275

SHARED-PC1
TRUE, 42, 3, 0, 0, 0.93333334, 0.0, 0.0, 0.0, 0.6466165, 0.04255319
FALSE, 0, 0, 3, 42, 0.93333334, 0.93333334, 1.0, 1.0, 0.9240215, 0.8484849
TRUE, 40, 5, 0, 0, 0.8888889, 0.0, 0.0, 0.0, 0.6356589, 0.04255319
FALSE, 0, 0, 5, 40, 0.8888889, 0.8888889, 1.0, 1.0, 0.8805369, 0.8988764
TRUE, 41, 1, 2, 1, 0.93333334, 0.33333334, 0.5, 0.046511628, 0.49122807, 0.08510638
FALSE, 1, 2, 1, 41, 0.93333334, 0.97619045, 0.95348835, 0.5, 0.954281, 0.656
TRUE, 44, 0, 0, 1, 1.0, 1.0, 1.0, 0.0, 0.6569343, 0.04255319
FALSE, 1, 0, 0, 44, 1.0, 1.0, 1.0, 0.0, 0.9675055, 0.6616541
TRUE, 41, 3, 1, 0, 0.9111111, 0.0, 0.0, 0.023809524, 0.64615387, 0.04347826
FALSE, 0, 1, 3, 41, 0.9111111, 0.9318182, 0.97619045, 1.0, 0.9223353, 0.84827584

AR3
TRUE, 3, 0, 0, 0, 1.0, 0.0, 0.0, 0.0, 0.5714286, 0.33333334
FALSE, 0, 0, 0, 3, 1.0, 1.0, 1.0, 0.0, 0.7058824, 0.6
TRUE, 3, 0, 0, 0, 1.0, 0.0, 0.0, 0.0, 0.5714286, 0.33333334
FALSE, 0, 0, 0, 3, 1.0, 1.0, 1.0, 0.0, 0.7058824, 0.6
TRUE, 3, 0, 0, 0, 1.0, 0.0, 0.0, 0.0, 0.5714286, 0.33333334
FALSE, 0, 0, 0, 3, 1.0, 1.0, 1.0, 0.0, 0.7058824, 0.6
TRUE, 2, 1, 0, 0, 0.6666667, 0.0, 0.0, 0.0, 0.54545456, 0.4
FALSE, 0, 0, 1, 2, 0.6666667, 0.6666667, 1.0, 1.0, 0.6315789, 0.5714286
TRUE, 2, 1, 0, 0, 0.6666667, 0.0, 0.0, 0.0, 0.54545456, 0.4
FALSE, 0, 0, 1, 2, 0.6666667, 0.6666667, 1.0, 1.0, 0.6315789, 0.5714286

AR4
TRUE, 4, 1, 0, 0, 0.8, 0.0, 0.0, 0.0, 0.5882353, 0.2857143
FALSE, 0, 0, 1, 4, 0.8, 0.8, 1.0, 1.0, 0.754717, 0.61538464
TRUE, 4, 0, 1, 0, 0.8, 0.0, 0.0, 0.2, 0.5882353, 0.2857143
FALSE, 0, 1, 0, 4, 0.8, 1.0, 0.8, 0.0, 0.754717, 0.61538464
TRUE, 4, 1, 0, 0, 0.8, 0.0, 0.0, 0.0, 0.5882353, 0.2857143
FALSE, 0, 0, 1, 4, 0.8, 0.8, 1.0, 1.0, 0.754717, 0.61538464
TRUE, 4, 0, 1, 0, 0.8, 0.0, 0.0, 0.2, 0.5882353, 0.2857143
FALSE, 0, 1, 0, 4, 0.8, 1.0, 0.8, 0.0, 0.754717, 0.61538464
TRUE, 3, 2, 0, 0, 0.6, 0.0, 0.0, 0.0, 0.53333336, 0.2857143
FALSE, 0, 0, 2, 3, 0.6, 0.6, 1.0, 1.0, 0.58536583, 0.7058824

AR5
TRUE, 1, 1, 0, 0, 0.5, 0.0, 0.0, 0.0, 0.5, 0.5
FALSE, 0, 0, 1, 1, 0.5, 0.5, 1.0, 1.0, 0.5, 0.5
TRUE, 2, 0, 0, 0, 1.0, 0.0, 0.0, 0.0, 0.54545456, 0.4
FALSE, 0, 0, 0, 2, 1.0, 1.0, 1.0, 0.0, 0.6315789, 0.5714286
TRUE, 2, 0, 0, 0, 1.0, 0.0, 0.0, 0.0, 0.54545456, 0.4
FALSE, 0, 0, 0, 2, 1.0, 1.0, 1.0, 0.0, 0.6315789, 0.5714286
TRUE, 2, 0, 0, 0, 1.0, 0.0, 0.0, 0.0, 0.54545456, 0.4
FALSE, 0, 0, 0, 2, 1.0, 1.0, 1.0, 0.0, 0.6315789, 0.5714286
TRUE, 1, 1, 0, 0, 0.5, 0.0, 0.0, 0.0, 0.5, 0.5
FALSE, 0, 0, 1, 1, 0.5, 0.5, 1.0, 1.0, 0.5, 0.5

