SHARED-CM1
TRUE, 18, 2, 0, 0, 0.9, 0.0, 0.0, 0.0, 0.6333333, 0.09090909
FALSE, 0, 0, 2, 18, 0.9, 0.9, 1.0, 1.0, 0.8814433, 0.7826087
TRUE, 17, 3, 0, 0, 0.85, 0.0, 0.0, 0.0, 0.62068963, 0.09090909
FALSE, 0, 0, 3, 17, 0.85, 0.85, 1.0, 1.0, 0.83378744, 0.8360656
TRUE, 16, 3, 1, 0, 0.8, 0.0, 0.0, 0.05882353, 0.6181818, 0.0952381
FALSE, 0, 1, 3, 16, 0.8, 0.84210527, 0.9411765, 1.0, 0.82549316, 0.8347826
TRUE, 18, 1, 1, 0, 0.9, 0.0, 0.0, 0.05263158, 0.6440678, 0.0952381
FALSE, 0, 1, 1, 18, 0.9, 0.94736844, 0.94736844, 1.0, 0.9255751, 0.6545454
TRUE, 19, 0, 1, 0, 0.95, 0.0, 0.0, 0.05, 0.6451613, 0.09090909
FALSE, 0, 1, 0, 19, 0.95, 1.0, 0.95, 0.0, 0.9290953, 0.6551724

SHARED-KC1
TRUE, 61, 8, 10, 6, 0.7882353, 0.375, 0.42857143, 0.14084508, 0.50821745, 0.21201414
FALSE, 6, 10, 8, 61, 0.7882353, 0.884058, 0.85915494, 0.5714286, 0.8334013, 0.68635726
TRUE, 56, 8, 13, 8, 0.7529412, 0.3809524, 0.5, 0.1884058, 0.5059289, 0.2736842
FALSE, 8, 13, 8, 56, 0.7529412, 0.875, 0.8115942, 0.5, 0.8093948, 0.61878455
TRUE, 46, 7, 28, 4, 0.5882353, 0.125, 0.36363637, 0.3783784, 0.20618556, 0.37086093
FALSE, 4, 28, 7, 46, 0.5882353, 0.8679245, 0.6216216, 0.6363636, 0.7012195, 0.62890625
TRUE, 53, 3, 17, 12, 0.7647059, 0.41379312, 0.8, 0.24285714, 0.5370052, 0.37260273
FALSE, 12, 17, 3, 53, 0.7647059, 0.9464286, 0.75714284, 0.2, 0.84591776, 0.3164179
TRUE, 55, 7, 17, 6, 0.7176471, 0.26086956, 0.46153846, 0.2361111, 0.38264507, 0.31240427
FALSE, 6, 17, 7, 55, 0.7176471, 0.88709676, 0.7638889, 0.53846157, 0.79342556, 0.6316653

SHARED-KC2
TRUE, 13, 1, 4, 3, 0.7619048, 0.42857143, 0.75, 0.23529412, 0.5485714, 0.35820895
FALSE, 3, 4, 1, 13, 0.7619048, 0.9285714, 0.7647059, 0.25, 0.8370221, 0.3768116
TRUE, 12, 2, 5, 2, 0.6666667, 0.2857143, 0.5, 0.29411766, 0.4, 0.37037036
FALSE, 2, 5, 2, 12, 0.6666667, 0.85714287, 0.7058824, 0.5, 0.75, 0.58536583
TRUE, 16, 4, 1, 0, 0.7619048, 0.0, 0.0, 0.05882353, 0.60714287, 0.09090909
FALSE, 0, 1, 4, 16, 0.7619048, 0.8, 0.9411765, 1.0, 0.78612715, 0.8648649
TRUE, 15, 0, 4, 2, 0.8095238, 0.33333334, 1.0, 0.21052632, 0.46575344, 0.32
FALSE, 2, 4, 0, 15, 0.8095238, 1.0, 0.7894737, 0.0, 0.8471761, 0.46875
TRUE, 12, 4, 5, 0, 0.5714286, 0.0, 0.0, 0.29411766, 0.26, 0.23809524
FALSE, 0, 5, 4, 12, 0.5714286, 0.75, 0.7058824, 1.0, 0.66101694, 0.75

SHARED-KC3
TRUE, 17, 2, 0, 0, 0.8947368, 0.0, 0.0, 0.0, 0.6315789, 0.0952381
FALSE, 0, 0, 2, 17, 0.8947368, 0.8947368, 1.0, 1.0, 0.8755365, 0.7816092
TRUE, 16, 2, 1, 0, 0.84210527, 0.0, 0.0, 0.05882353, 0.6296296, 0.1
FALSE, 0, 1, 2, 16, 0.84210527, 0.8888889, 0.9411765, 1.0, 0.8690096, 0.7804878
TRUE, 17, 2, 0, 0, 0.8947368, 0.0, 0.0, 0.0, 0.6315789, 0.0952381
FALSE, 0, 0, 2, 17, 0.8947368, 0.8947368, 1.0, 1.0, 0.8755365, 0.7816092
TRUE, 18, 0, 1, 0, 0.94736844, 0.0, 0.0, 0.05263158, 0.6440678, 0.0952381
FALSE, 0, 1, 0, 18, 0.94736844, 1.0, 0.94736844, 0.0, 0.9255751, 0.6545454
TRUE, 16, 1, 2, 0, 0.84210527, 0.0, 0.0, 0.11111111, 0.47887325, 0.18181819
FALSE, 0, 2, 1, 16, 0.84210527, 0.9411765, 0.8888889, 1.0, 0.89326763, 0.64

SHARED-MW1
TRUE, 15, 1, 0, 0, 0.9375, 0.0, 0.0, 0.0, 0.64, 0.11111111
FALSE, 0, 0, 1, 15, 0.9375, 0.9375, 1.0, 1.0, 0.9125475, 0.65217394
TRUE, 15, 1, 0, 0, 0.9375, 0.0, 0.0, 0.0, 0.64, 0.11111111
FALSE, 0, 0, 1, 15, 0.9375, 0.9375, 1.0, 1.0, 0.9125475, 0.65217394
TRUE, 13, 2, 2, 0, 0.7647059, 0.0, 0.0, 0.13333334, 0.46666667, 0.1904762
FALSE, 0, 2, 2, 13, 0.7647059, 0.8666667, 0.8666667, 1.0, 0.8198198, 0.7536232
TRUE, 16, 0, 0, 1, 1.0, 1.0, 1.0, 0.0, 0.6415094, 0.10526316
FALSE, 1, 0, 0, 16, 1.0, 1.0, 1.0, 0.0, 0.9173693, 0.6530612
TRUE, 12, 5, 0, 0, 0.7058824, 0.0, 0.0, 0.0, 0.5777778, 0.10526316
FALSE, 0, 0, 5, 12, 0.7058824, 0.7058824, 1.0, 1.0, 0.6948775, 0.8759124

SHARED-MC2
TRUE, 3, 0, 1, 3, 0.85714287, 0.75, 1.0, 0.25, 0.75, 0.375
FALSE, 3, 1, 0, 3, 0.85714287, 1.0, 0.75, 0.0, 0.75, 0.375
TRUE, 4, 3, 0, 0, 0.5714286, 0.0, 0.0, 0.0, 0.5263158, 0.22222222
FALSE, 0, 0, 3, 4, 0.5714286, 0.5714286, 1.0, 1.0, 0.5633803, 0.7741935
TRUE, 6, 1, 0, 0, 0.85714287, 0.0, 0.0, 0.0, 0.6086956, 0.22222222
FALSE, 0, 0, 1, 6, 0.85714287, 0.85714287, 1.0, 1.0, 0.815534, 0.6315789
TRUE, 4, 1, 1, 1, 0.71428573, 0.5, 0.5, 0.2, 0.5882353, 0.2857143
FALSE, 1, 1, 1, 4, 0.71428573, 0.8, 0.8, 0.5, 0.754717, 0.61538464
TRUE, 3, 3, 1, 0, 0.42857143, 0.0, 0.0, 0.25, 0.5, 0.25
FALSE, 0, 1, 3, 3, 0.42857143, 0.5, 0.75, 1.0, 0.5, 0.75

SHARED-PC1
TRUE, 44, 1, 0, 0, 0.9777778, 0.0, 0.0, 0.0, 0.6569343, 0.04255319
FALSE, 0, 0, 1, 44, 0.9777778, 0.9777778, 1.0, 1.0, 0.9675055, 0.6616541
TRUE, 41, 4, 0, 0, 0.9111111, 0.0, 0.0, 0.0, 0.64122134, 0.04255319
FALSE, 0, 0, 4, 41, 0.9111111, 0.9111111, 1.0, 1.0, 0.90227926, 0.87935656
TRUE, 39, 2, 4, 0, 0.8666667, 0.0, 0.0, 0.093023255, 0.32520324, 0.14545454
FALSE, 0, 4, 2, 39, 0.8666667, 0.9512195, 0.90697676, 1.0, 0.90856147, 0.7684729
TRUE, 42, 3, 0, 0, 0.93333334, 0.0, 0.0, 0.0, 0.6466165, 0.04255319
FALSE, 0, 0, 3, 42, 0.93333334, 0.93333334, 1.0, 1.0, 0.9240215, 0.8484849
TRUE, 41, 3, 1, 0, 0.9111111, 0.0, 0.0, 0.023809524, 0.64615387, 0.04347826
FALSE, 0, 1, 3, 41, 0.9111111, 0.9318182, 0.97619045, 1.0, 0.9223353, 0.84827584

AR3
TRUE, 3, 0, 0, 0, 1.0, 0.0, 0.0, 0.0, 0.5714286, 0.33333334
FALSE, 0, 0, 0, 3, 1.0, 1.0, 1.0, 0.0, 0.7058824, 0.6
TRUE, 3, 0, 0, 0, 1.0, 0.0, 0.0, 0.0, 0.5714286, 0.33333334
FALSE, 0, 0, 0, 3, 1.0, 1.0, 1.0, 0.0, 0.7058824, 0.6
TRUE, 3, 0, 0, 0, 1.0, 0.0, 0.0, 0.0, 0.5714286, 0.33333334
FALSE, 0, 0, 0, 3, 1.0, 1.0, 1.0, 0.0, 0.7058824, 0.6
TRUE, 2, 1, 0, 0, 0.6666667, 0.0, 0.0, 0.0, 0.54545456, 0.4
FALSE, 0, 0, 1, 2, 0.6666667, 0.6666667, 1.0, 1.0, 0.6315789, 0.5714286
TRUE, 2, 1, 0, 0, 0.6666667, 0.0, 0.0, 0.0, 0.54545456, 0.4
FALSE, 0, 0, 1, 2, 0.6666667, 0.6666667, 1.0, 1.0, 0.6315789, 0.5714286

AR4
TRUE, 3, 2, 0, 0, 0.6, 0.0, 0.0, 0.0, 0.53333336, 0.2857143
FALSE, 0, 0, 2, 3, 0.6, 0.6, 1.0, 1.0, 0.58536583, 0.7058824
TRUE, 3, 2, 0, 0, 0.6, 0.0, 0.0, 0.0, 0.53333336, 0.2857143
FALSE, 0, 0, 2, 3, 0.6, 0.6, 1.0, 1.0, 0.58536583, 0.7058824
TRUE, 5, 0, 0, 0, 1.0, 0.0, 0.0, 0.0, 0.6, 0.25
FALSE, 0, 0, 0, 5, 1.0, 1.0, 1.0, 0.0, 0.7894737, 0.625
TRUE, 4, 1, 0, 0, 0.8, 0.0, 0.0, 0.0, 0.5882353, 0.2857143
FALSE, 0, 0, 1, 4, 0.8, 0.8, 1.0, 1.0, 0.754717, 0.61538464
TRUE, 4, 0, 1, 0, 0.8, 0.0, 0.0, 0.2, 0.5882353, 0.2857143
FALSE, 0, 1, 0, 4, 0.8, 1.0, 0.8, 0.0, 0.754717, 0.61538464

AR5
TRUE, 1, 1, 0, 0, 0.5, 0.0, 0.0, 0.0, 0.5, 0.5
FALSE, 0, 0, 1, 1, 0.5, 0.5, 1.0, 1.0, 0.5, 0.5
TRUE, 2, 0, 0, 0, 1.0, 0.0, 0.0, 0.0, 0.54545456, 0.4
FALSE, 0, 0, 0, 2, 1.0, 1.0, 1.0, 0.0, 0.6315789, 0.5714286
TRUE, 2, 0, 0, 0, 1.0, 0.0, 0.0, 0.0, 0.54545456, 0.4
FALSE, 0, 0, 0, 2, 1.0, 1.0, 1.0, 0.0, 0.6315789, 0.5714286
TRUE, 2, 0, 0, 0, 1.0, 0.0, 0.0, 0.0, 0.54545456, 0.4
FALSE, 0, 0, 0, 2, 1.0, 1.0, 1.0, 0.0, 0.6315789, 0.5714286
TRUE, 2, 0, 0, 0, 1.0, 0.0, 0.0, 0.0, 0.54545456, 0.4
FALSE, 0, 0, 0, 2, 1.0, 1.0, 1.0, 0.0, 0.6315789, 0.5714286

