SHARED-CM1
TRUE, 19, 1, 0, 0, 0.95, 0.0, 0.0, 0.0, 0.6451613, 0.09090909
FALSE, 0, 0, 1, 19, 0.95, 0.95, 1.0, 1.0, 0.9290953, 0.6551724
TRUE, 20, 0, 0, 0, 1.0, 0.0, 0.0, 0.0, 0.64615387, 0.08695652
FALSE, 0, 0, 0, 20, 1.0, 1.0, 1.0, 0.0, 0.93229747, 0.6557377
TRUE, 20, 0, 0, 0, 1.0, 0.0, 0.0, 0.0, 0.64615387, 0.08695652
FALSE, 0, 0, 0, 20, 1.0, 1.0, 1.0, 0.0, 0.93229747, 0.6557377
TRUE, 18, 2, 0, 0, 0.9, 0.0, 0.0, 0.0, 0.6333333, 0.09090909
FALSE, 0, 0, 2, 18, 0.9, 0.9, 1.0, 1.0, 0.8814433, 0.7826087
TRUE, 16, 4, 0, 0, 0.8, 0.0, 0.0, 0.0, 0.60714287, 0.09090909
FALSE, 0, 0, 4, 16, 0.8, 0.8, 1.0, 1.0, 0.78612715, 0.8648649

SHARED-KC1
TRUE, 77, 8, 0, 0, 0.90588236, 0.0, 0.0, 0.0, 0.6419753, 0.022988506
FALSE, 0, 0, 8, 77, 0.90588236, 0.90588236, 1.0, 1.0, 0.9011929, 0.9354594
TRUE, 75, 10, 0, 0, 0.88235295, 0.0, 0.0, 0.0, 0.6359833, 0.022988506
FALSE, 0, 0, 10, 75, 0.88235295, 0.88235295, 1.0, 1.0, 0.87793607, 0.9463722
TRUE, 75, 10, 0, 0, 0.88235295, 0.0, 0.0, 0.0, 0.6359833, 0.022988506
FALSE, 0, 0, 10, 75, 0.88235295, 0.88235295, 1.0, 1.0, 0.87793607, 0.9463722
TRUE, 72, 13, 0, 0, 0.84705883, 0.0, 0.0, 0.0, 0.62660944, 0.022988506
FALSE, 0, 0, 13, 72, 0.84705883, 0.84705883, 1.0, 1.0, 0.8430508, 0.95656615
TRUE, 71, 14, 0, 0, 0.8352941, 0.0, 0.0, 0.0, 0.6233766, 0.022988506
FALSE, 0, 0, 14, 71, 0.8352941, 0.8352941, 1.0, 1.0, 0.83142227, 0.9589966

SHARED-KC2
TRUE, 14, 7, 0, 0, 0.6666667, 0.0, 0.0, 0.0, 0.5660377, 0.08695652
FALSE, 0, 0, 7, 14, 0.6666667, 0.6666667, 1.0, 1.0, 0.6593407, 0.9032258
TRUE, 16, 3, 1, 1, 0.8095238, 0.5, 0.25, 0.05882353, 0.6181818, 0.0952381
FALSE, 1, 1, 3, 16, 0.8095238, 0.84210527, 0.9411765, 0.75, 0.82549316, 0.8347826
TRUE, 16, 5, 0, 0, 0.7619048, 0.0, 0.0, 0.0, 0.5964912, 0.08695652
FALSE, 0, 0, 5, 16, 0.7619048, 0.7619048, 1.0, 1.0, 0.7503448, 0.8839779
TRUE, 19, 1, 0, 1, 0.95238096, 1.0, 0.5, 0.0, 0.6451613, 0.09090909
FALSE, 1, 0, 1, 19, 0.95238096, 0.95, 1.0, 0.5, 0.9290953, 0.6551724
TRUE, 16, 3, 0, 2, 0.85714287, 1.0, 0.4, 0.0, 0.7346939, 0.102564104
FALSE, 2, 0, 3, 16, 0.85714287, 0.84210527, 1.0, 0.6, 0.8299712, 0.73282444

SHARED-KC3
TRUE, 17, 2, 0, 0, 0.8947368, 0.0, 0.0, 0.0, 0.6315789, 0.0952381
FALSE, 0, 0, 2, 17, 0.8947368, 0.8947368, 1.0, 1.0, 0.8755365, 0.7816092
TRUE, 17, 1, 0, 1, 0.94736844, 1.0, 0.5, 0.0, 0.64285713, 0.1
FALSE, 1, 0, 1, 17, 0.94736844, 0.9444444, 1.0, 0.5, 0.92168677, 0.65384614
TRUE, 15, 4, 0, 0, 0.7894737, 0.0, 0.0, 0.0, 0.6037736, 0.0952381
FALSE, 0, 0, 4, 15, 0.7894737, 0.7894737, 1.0, 1.0, 0.77544427, 0.8633093
TRUE, 18, 1, 0, 0, 0.94736844, 0.0, 0.0, 0.0, 0.6440678, 0.0952381
FALSE, 0, 0, 1, 18, 0.94736844, 0.94736844, 1.0, 1.0, 0.9255751, 0.6545454
TRUE, 17, 2, 0, 0, 0.8947368, 0.0, 0.0, 0.0, 0.6315789, 0.0952381
FALSE, 0, 0, 2, 17, 0.8947368, 0.8947368, 1.0, 1.0, 0.8755365, 0.7816092

SHARED-MW1
TRUE, 16, 0, 0, 0, 1.0, 0.0, 0.0, 0.0, 0.6415094, 0.10526316
FALSE, 0, 0, 0, 16, 1.0, 1.0, 1.0, 0.0, 0.9173693, 0.6530612
TRUE, 14, 2, 0, 0, 0.875, 0.0, 0.0, 0.0, 0.625, 0.11111111
FALSE, 0, 0, 2, 14, 0.875, 0.875, 1.0, 1.0, 0.85365856, 0.7777778
TRUE, 16, 1, 0, 0, 0.9411765, 0.0, 0.0, 0.0, 0.6415094, 0.10526316
FALSE, 0, 0, 1, 16, 0.9411765, 0.9411765, 1.0, 1.0, 0.9173693, 0.6530612
TRUE, 17, 0, 0, 0, 1.0, 0.0, 0.0, 0.0, 0.64285713, 0.1
FALSE, 0, 0, 0, 17, 1.0, 1.0, 1.0, 0.0, 0.92168677, 0.65384614
TRUE, 16, 1, 0, 0, 0.9411765, 0.0, 0.0, 0.0, 0.6415094, 0.10526316
FALSE, 0, 0, 1, 16, 0.9411765, 0.9411765, 1.0, 1.0, 0.9173693, 0.6530612

SHARED-MC2
TRUE, 2, 1, 1, 3, 0.71428573, 0.75, 0.75, 0.33333334, 0.73170733, 0.46153846
FALSE, 3, 1, 1, 2, 0.71428573, 0.6666667, 0.6666667, 0.25, 0.6896552, 0.36363637
TRUE, 3, 3, 1, 0, 0.42857143, 0.0, 0.0, 0.25, 0.5, 0.25
FALSE, 0, 1, 3, 3, 0.42857143, 0.5, 0.75, 1.0, 0.5, 0.75
TRUE, 3, 2, 1, 1, 0.5714286, 0.5, 0.33333334, 0.25, 0.53333336, 0.2857143
FALSE, 1, 1, 2, 3, 0.5714286, 0.6, 0.75, 0.6666667, 0.58536583, 0.7058824
TRUE, 4, 1, 2, 0, 0.5714286, 0.0, 0.0, 0.33333334, 0.4347826, 0.4
FALSE, 0, 2, 1, 4, 0.5714286, 0.8, 0.6666667, 1.0, 0.7017544, 0.5714286
TRUE, 4, 2, 0, 1, 0.71428573, 1.0, 0.33333334, 0.0, 0.5555556, 0.25
FALSE, 1, 0, 2, 4, 0.71428573, 0.6666667, 1.0, 0.6666667, 0.6451613, 0.72727275

SHARED-PC1
TRUE, 39, 5, 1, 0, 0.8666667, 0.0, 0.0, 0.025, 0.63492066, 0.04347826
FALSE, 0, 1, 5, 39, 0.8666667, 0.8863636, 0.975, 1.0, 0.8778841, 0.8986175
TRUE, 42, 2, 0, 1, 0.95555556, 1.0, 0.33333334, 0.0, 0.6515151, 0.04347826
FALSE, 1, 0, 2, 42, 0.95555556, 0.95454544, 1.0, 0.6666667, 0.94456065, 0.7924528
TRUE, 37, 1, 6, 1, 0.84444445, 0.14285715, 0.5, 0.13953489, 0.244373, 0.21818182
FALSE, 1, 6, 1, 37, 0.84444445, 0.9736842, 0.8604651, 0.5, 0.9044709, 0.63247865
TRUE, 42, 2, 1, 0, 0.93333334, 0.0, 0.0, 0.023255814, 0.6515151, 0.04347826
FALSE, 0, 1, 2, 42, 0.93333334, 0.95454544, 0.9767442, 1.0, 0.94456065, 0.7924528
TRUE, 42, 2, 1, 0, 0.93333334, 0.0, 0.0, 0.023255814, 0.6515151, 0.04347826
FALSE, 0, 1, 2, 42, 0.93333334, 0.95454544, 0.9767442, 1.0, 0.94456065, 0.7924528

AR3
TRUE, 3, 0, 0, 0, 1.0, 0.0, 0.0, 0.0, 0.5714286, 0.33333334
FALSE, 0, 0, 0, 3, 1.0, 1.0, 1.0, 0.0, 0.7058824, 0.6
TRUE, 3, 0, 0, 0, 1.0, 0.0, 0.0, 0.0, 0.5714286, 0.33333334
FALSE, 0, 0, 0, 3, 1.0, 1.0, 1.0, 0.0, 0.7058824, 0.6
TRUE, 3, 0, 0, 0, 1.0, 0.0, 0.0, 0.0, 0.5714286, 0.33333334
FALSE, 0, 0, 0, 3, 1.0, 1.0, 1.0, 0.0, 0.7058824, 0.6
TRUE, 2, 1, 0, 0, 0.6666667, 0.0, 0.0, 0.0, 0.54545456, 0.4
FALSE, 0, 0, 1, 2, 0.6666667, 0.6666667, 1.0, 1.0, 0.6315789, 0.5714286
TRUE, 3, 0, 0, 0, 1.0, 0.0, 0.0, 0.0, 0.5714286, 0.33333334
FALSE, 0, 0, 0, 3, 1.0, 1.0, 1.0, 0.0, 0.7058824, 0.6

AR4
TRUE, 3, 2, 0, 0, 0.6, 0.0, 0.0, 0.0, 0.53333336, 0.2857143
FALSE, 0, 0, 2, 3, 0.6, 0.6, 1.0, 1.0, 0.58536583, 0.7058824
TRUE, 5, 0, 0, 0, 1.0, 0.0, 0.0, 0.0, 0.6, 0.25
FALSE, 0, 0, 0, 5, 1.0, 1.0, 1.0, 0.0, 0.7894737, 0.625
TRUE, 3, 2, 0, 0, 0.6, 0.0, 0.0, 0.0, 0.53333336, 0.2857143
FALSE, 0, 0, 2, 3, 0.6, 0.6, 1.0, 1.0, 0.58536583, 0.7058824
TRUE, 3, 2, 0, 0, 0.6, 0.0, 0.0, 0.0, 0.53333336, 0.2857143
FALSE, 0, 0, 2, 3, 0.6, 0.6, 1.0, 1.0, 0.58536583, 0.7058824
TRUE, 4, 1, 0, 0, 0.8, 0.0, 0.0, 0.0, 0.5882353, 0.2857143
FALSE, 0, 0, 1, 4, 0.8, 0.8, 1.0, 1.0, 0.754717, 0.61538464

AR5
TRUE, 2, 0, 0, 0, 1.0, 0.0, 0.0, 0.0, 0.54545456, 0.4
FALSE, 0, 0, 0, 2, 1.0, 1.0, 1.0, 0.0, 0.6315789, 0.5714286
TRUE, 1, 1, 0, 0, 0.5, 0.0, 0.0, 0.0, 0.5, 0.5
FALSE, 0, 0, 1, 1, 0.5, 0.5, 1.0, 1.0, 0.5, 0.5
TRUE, 1, 1, 0, 0, 0.5, 0.0, 0.0, 0.0, 0.5, 0.5
FALSE, 0, 0, 1, 1, 0.5, 0.5, 1.0, 1.0, 0.5, 0.5
TRUE, 1, 1, 0, 0, 0.5, 0.0, 0.0, 0.0, 0.5, 0.5
FALSE, 0, 0, 1, 1, 0.5, 0.5, 1.0, 1.0, 0.5, 0.5
TRUE, 1, 1, 0, 0, 0.5, 0.0, 0.0, 0.0, 0.5, 0.5
FALSE, 0, 0, 1, 1, 0.5, 0.5, 1.0, 1.0, 0.5, 0.5

