SHARED-CM1
TRUE, 19, 1, 0, 0, 0.95, 0.0, 0.0, 0.0, 0.6451613, 0.09090909
FALSE, 0, 0, 1, 19, 0.95, 0.95, 1.0, 1.0, 0.9290953, 0.6551724
TRUE, 19, 0, 1, 0, 0.95, 0.0, 0.0, 0.05, 0.6451613, 0.09090909
FALSE, 0, 1, 0, 19, 0.95, 1.0, 0.95, 0.0, 0.9290953, 0.6551724
TRUE, 15, 2, 3, 0, 0.75, 0.0, 0.0, 0.16666667, 0.3764706, 0.22222222
FALSE, 0, 3, 2, 15, 0.75, 0.88235295, 0.8333333, 1.0, 0.8177172, 0.7407407
TRUE, 17, 2, 1, 0, 0.85, 0.0, 0.0, 0.055555556, 0.6315789, 0.0952381
FALSE, 0, 1, 2, 17, 0.85, 0.8947368, 0.9444444, 1.0, 0.8755365, 0.7816092
TRUE, 16, 3, 1, 0, 0.8, 0.0, 0.0, 0.05882353, 0.6181818, 0.0952381
FALSE, 0, 1, 3, 16, 0.8, 0.84210527, 0.9411765, 1.0, 0.82549316, 0.8347826

SHARED-KC1
TRUE, 46, 4, 25, 10, 0.65882355, 0.2857143, 0.71428573, 0.35211268, 0.3985765, 0.4716981
FALSE, 10, 25, 4, 46, 0.65882355, 0.92, 0.64788735, 0.2857143, 0.7678092, 0.39655173
TRUE, 53, 5, 17, 10, 0.7411765, 0.37037036, 0.6666667, 0.24285714, 0.49392396, 0.35602096
FALSE, 10, 17, 5, 53, 0.7411765, 0.9137931, 0.75714284, 0.33333334, 0.81848264, 0.4628821
TRUE, 45, 3, 29, 8, 0.62352943, 0.21621622, 0.72727275, 0.3918919, 0.3210905, 0.5093304
FALSE, 8, 29, 3, 45, 0.62352943, 0.9375, 0.6081081, 0.27272728, 0.74894017, 0.37656903
TRUE, 52, 7, 17, 9, 0.7176471, 0.34615386, 0.5625, 0.24637681, 0.4670353, 0.34266517
FALSE, 9, 17, 7, 52, 0.7176471, 0.88135594, 0.7536232, 0.4375, 0.79112107, 0.5536122
TRUE, 51, 5, 22, 7, 0.68235296, 0.2413793, 0.5833333, 0.30136988, 0.35660958, 0.39741936
FALSE, 7, 22, 5, 51, 0.68235296, 0.91071427, 0.69863015, 0.41666666, 0.78016615, 0.52200615

SHARED-KC2
TRUE, 10, 1, 7, 3, 0.61904764, 0.3, 0.75, 0.4117647, 0.4041451, 0.5316456
FALSE, 3, 7, 1, 10, 0.61904764, 0.90909094, 0.5882353, 0.25, 0.7365439, 0.3508772
TRUE, 11, 3, 2, 5, 0.7619048, 0.71428573, 0.625, 0.15384616, 0.7373272, 0.24691358
FALSE, 5, 2, 3, 11, 0.7619048, 0.78571427, 0.84615386, 0.375, 0.7736264, 0.51968503
TRUE, 16, 2, 2, 1, 0.8095238, 0.33333334, 0.33333334, 0.11111111, 0.4722222, 0.16666667
FALSE, 1, 2, 2, 16, 0.8095238, 0.8888889, 0.8888889, 0.6666667, 0.847352, 0.7619048
TRUE, 17, 0, 1, 3, 0.95238096, 0.75, 1.0, 0.055555556, 0.82191783, 0.10344828
FALSE, 3, 1, 0, 17, 0.95238096, 1.0, 0.9444444, 0.0, 0.9264305, 0.39534885
TRUE, 13, 2, 5, 1, 0.6666667, 0.16666667, 0.33333334, 0.2777778, 0.26666668, 0.3030303
FALSE, 1, 5, 2, 13, 0.6666667, 0.8666667, 0.7222222, 0.6666667, 0.7536232, 0.6933333

SHARED-KC3
TRUE, 16, 1, 2, 0, 0.84210527, 0.0, 0.0, 0.11111111, 0.47887325, 0.18181819
FALSE, 0, 2, 1, 16, 0.84210527, 0.9411765, 0.8888889, 1.0, 0.89326763, 0.64
TRUE, 16, 3, 0, 0, 0.84210527, 0.0, 0.0, 0.0, 0.6181818, 0.0952381
FALSE, 0, 0, 3, 16, 0.84210527, 0.84210527, 1.0, 1.0, 0.82549316, 0.8347826
TRUE, 17, 1, 1, 0, 0.8947368, 0.0, 0.0, 0.055555556, 0.64285713, 0.1
FALSE, 0, 1, 1, 17, 0.8947368, 0.9444444, 0.9444444, 1.0, 0.92168677, 0.65384614
TRUE, 14, 2, 2, 1, 0.7894737, 0.33333334, 0.33333334, 0.125, 0.46875, 0.18181819
FALSE, 1, 2, 2, 14, 0.7894737, 0.875, 0.875, 0.6666667, 0.8300395, 0.7567568
TRUE, 16, 2, 1, 0, 0.84210527, 0.0, 0.0, 0.05882353, 0.6296296, 0.1
FALSE, 0, 1, 2, 16, 0.84210527, 0.8888889, 0.9411765, 1.0, 0.8690096, 0.7804878

SHARED-MW1
TRUE, 15, 1, 0, 0, 0.9375, 0.0, 0.0, 0.0, 0.64, 0.11111111
FALSE, 0, 0, 1, 15, 0.9375, 0.9375, 1.0, 1.0, 0.9125475, 0.65217394
TRUE, 13, 3, 0, 0, 0.8125, 0.0, 0.0, 0.0, 0.6086956, 0.11111111
FALSE, 0, 0, 3, 13, 0.8125, 0.8125, 1.0, 1.0, 0.7947598, 0.82978725
TRUE, 14, 2, 1, 0, 0.8235294, 0.0, 0.0, 0.06666667, 0.625, 0.11111111
FALSE, 0, 1, 2, 14, 0.8235294, 0.875, 0.93333334, 1.0, 0.85365856, 0.7777778
TRUE, 15, 2, 0, 0, 0.88235295, 0.0, 0.0, 0.0, 0.627451, 0.10526316
FALSE, 0, 0, 2, 15, 0.88235295, 0.88235295, 1.0, 1.0, 0.8617594, 0.77922076
TRUE, 14, 3, 0, 0, 0.8235294, 0.0, 0.0, 0.0, 0.6122449, 0.10526316
FALSE, 0, 0, 3, 14, 0.8235294, 0.8235294, 1.0, 1.0, 0.80614203, 0.83168316

SHARED-MC2
TRUE, 4, 1, 0, 2, 0.85714287, 1.0, 0.6666667, 0.0, 0.7058824, 0.30769232
FALSE, 2, 0, 1, 4, 0.85714287, 0.8, 1.0, 0.33333334, 0.7741935, 0.47058824
TRUE, 2, 5, 0, 0, 0.2857143, 0.0, 0.0, 0.0, 0.4, 0.22222222
FALSE, 0, 0, 5, 2, 0.2857143, 0.2857143, 1.0, 1.0, 0.30769232, 0.7407407
TRUE, 4, 3, 0, 0, 0.5714286, 0.0, 0.0, 0.0, 0.5263158, 0.22222222
FALSE, 0, 0, 3, 4, 0.5714286, 0.5714286, 1.0, 1.0, 0.5633803, 0.7741935
TRUE, 4, 2, 1, 0, 0.5714286, 0.0, 0.0, 0.2, 0.5555556, 0.25
FALSE, 0, 1, 2, 4, 0.5714286, 0.6666667, 0.8, 1.0, 0.6451613, 0.72727275
TRUE, 5, 1, 1, 0, 0.71428573, 0.0, 0.0, 0.16666667, 0.6, 0.25
FALSE, 0, 1, 1, 5, 0.71428573, 0.8333333, 0.8333333, 1.0, 0.7894737, 0.625

SHARED-PC1
TRUE, 42, 1, 2, 0, 0.93333334, 0.0, 0.0, 0.045454547, 0.49142858, 0.083333336
FALSE, 0, 2, 1, 42, 0.93333334, 0.9767442, 0.95454544, 1.0, 0.95530283, 0.65625
TRUE, 42, 2, 0, 1, 0.95555556, 1.0, 0.33333334, 0.0, 0.6515151, 0.04347826
FALSE, 1, 0, 2, 42, 0.95555556, 0.95454544, 1.0, 0.6666667, 0.94456065, 0.7924528
TRUE, 40, 2, 2, 1, 0.9111111, 0.33333334, 0.33333334, 0.04761905, 0.48809522, 0.083333336
FALSE, 1, 2, 2, 40, 0.9111111, 0.95238096, 0.95238096, 0.6666667, 0.931289, 0.78431374
TRUE, 44, 1, 0, 0, 0.9777778, 0.0, 0.0, 0.0, 0.6569343, 0.04255319
FALSE, 0, 0, 1, 44, 0.9777778, 0.9777778, 1.0, 1.0, 0.9675055, 0.6616541
TRUE, 42, 3, 0, 0, 0.93333334, 0.0, 0.0, 0.0, 0.6466165, 0.04255319
FALSE, 0, 0, 3, 42, 0.93333334, 0.93333334, 1.0, 1.0, 0.9240215, 0.8484849

AR3
TRUE, 3, 0, 0, 0, 1.0, 0.0, 0.0, 0.0, 0.5714286, 0.33333334
FALSE, 0, 0, 0, 3, 1.0, 1.0, 1.0, 0.0, 0.7058824, 0.6
TRUE, 3, 0, 0, 0, 1.0, 0.0, 0.0, 0.0, 0.5714286, 0.33333334
FALSE, 0, 0, 0, 3, 1.0, 1.0, 1.0, 0.0, 0.7058824, 0.6
TRUE, 1, 2, 0, 0, 0.33333334, 0.0, 0.0, 0.0, 0.44444445, 0.4
FALSE, 0, 0, 2, 1, 0.33333334, 0.33333334, 1.0, 1.0, 0.36363637, 0.5714286
TRUE, 3, 0, 0, 0, 1.0, 0.0, 0.0, 0.0, 0.5714286, 0.33333334
FALSE, 0, 0, 0, 3, 1.0, 1.0, 1.0, 0.0, 0.7058824, 0.6
TRUE, 3, 0, 0, 0, 1.0, 0.0, 0.0, 0.0, 0.5714286, 0.33333334
FALSE, 0, 0, 0, 3, 1.0, 1.0, 1.0, 0.0, 0.7058824, 0.6

AR4
TRUE, 4, 1, 0, 0, 0.8, 0.0, 0.0, 0.0, 0.5882353, 0.2857143
FALSE, 0, 0, 1, 4, 0.8, 0.8, 1.0, 1.0, 0.754717, 0.61538464
TRUE, 3, 1, 1, 0, 0.6, 0.0, 0.0, 0.25, 0.5714286, 0.33333334
FALSE, 0, 1, 1, 3, 0.6, 0.75, 0.75, 1.0, 0.7058824, 0.6
TRUE, 4, 0, 1, 0, 0.8, 0.0, 0.0, 0.2, 0.5882353, 0.2857143
FALSE, 0, 1, 0, 4, 0.8, 1.0, 0.8, 0.0, 0.754717, 0.61538464
TRUE, 4, 1, 0, 0, 0.8, 0.0, 0.0, 0.0, 0.5882353, 0.2857143
FALSE, 0, 0, 1, 4, 0.8, 0.8, 1.0, 1.0, 0.754717, 0.61538464
TRUE, 3, 2, 0, 0, 0.6, 0.0, 0.0, 0.0, 0.53333336, 0.2857143
FALSE, 0, 0, 2, 3, 0.6, 0.6, 1.0, 1.0, 0.58536583, 0.7058824

AR5
TRUE, 2, 0, 0, 0, 1.0, 0.0, 0.0, 0.0, 0.54545456, 0.4
FALSE, 0, 0, 0, 2, 1.0, 1.0, 1.0, 0.0, 0.6315789, 0.5714286
TRUE, 1, 1, 0, 0, 0.5, 0.0, 0.0, 0.0, 0.5, 0.5
FALSE, 0, 0, 1, 1, 0.5, 0.5, 1.0, 1.0, 0.5, 0.5
TRUE, 2, 0, 0, 0, 1.0, 0.0, 0.0, 0.0, 0.54545456, 0.4
FALSE, 0, 0, 0, 2, 1.0, 1.0, 1.0, 0.0, 0.6315789, 0.5714286
TRUE, 2, 0, 0, 0, 1.0, 0.0, 0.0, 0.0, 0.54545456, 0.4
FALSE, 0, 0, 0, 2, 1.0, 1.0, 1.0, 0.0, 0.6315789, 0.5714286
TRUE, 2, 0, 0, 0, 1.0, 0.0, 0.0, 0.0, 0.54545456, 0.4
FALSE, 0, 0, 0, 2, 1.0, 1.0, 1.0, 0.0, 0.6315789, 0.5714286

