((FALSE,10,0,0,43,1.00,.00,1.00,.00,1.00)
 (TRUE,43,0,0,10,1.00,.00,1.00,.00,1.00) (FALSE,7,4,2,40,.91,.22,.95,.36,.83)
 (TRUE,40,2,4,7,.78,.09,.64,.16,.83) (FALSE,13,5,3,32,.86,.19,.91,.31,.84)
 (TRUE,32,3,5,13,.81,.14,.72,.23,.84) (FALSE,2,6,0,45,.88,.00,1.00,.00,.92)
 (TRUE,45,0,6,2,1.00,.12,.25,.21,.92) (FALSE,10,7,1,35,.83,.09,.97,.16,.87)
 (TRUE,35,1,7,10,.91,.17,.59,.28,.87) (FALSE,3,2,1,47,.96,.25,.98,.40,.82)
 (TRUE,47,1,2,3,.75,.04,.60,.08,.82) (FALSE,8,2,2,41,.95,.20,.95,.33,.85)
 (TRUE,41,2,2,8,.80,.05,.80,.09,.85) (FALSE,9,1,1,42,.98,.10,.98,.18,.93)
 (TRUE,42,1,1,9,.90,.02,.90,.05,.93) (FALSE,8,2,1,42,.95,.11,.98,.20,.92)
 (TRUE,42,1,2,8,.89,.05,.80,.09,.92) (FALSE,7,2,4,40,.95,.36,.91,.53,.74)
 (TRUE,40,4,2,7,.64,.05,.78,.09,.74))