((FALSE,4,0,8,41,1.00,.67,.84,.80,.53) (TRUE,41,8,0,4,.33,.00,1.00,.00,.53)
 (FALSE,5,2,4,42,.95,.44,.91,.61,.68) (TRUE,42,4,2,5,.56,.05,.71,.08,.68)
 (FALSE,5,1,4,43,.98,.44,.91,.61,.69) (TRUE,43,4,1,5,.56,.02,.83,.04,.69)
 (FALSE,6,0,4,43,1.00,.40,.91,.57,.72) (TRUE,43,4,0,6,.60,.00,1.00,.00,.72)
 (FALSE,7,3,3,40,.93,.30,.93,.45,.78) (TRUE,40,3,3,7,.70,.07,.70,.13,.78)
 (FALSE,3,0,5,45,1.00,.63,.90,.77,.56) (TRUE,45,5,0,3,.38,.00,1.00,.00,.56)
 (FALSE,4,0,4,45,1.00,.50,.92,.67,.65) (TRUE,45,4,0,4,.50,.00,1.00,.00,.65)
 (FALSE,7,1,0,45,.98,.00,1.00,.00,.98) (TRUE,45,0,1,7,1.00,.02,.88,.04,.98)
 (FALSE,5,2,5,41,.95,.50,.89,.66,.64) (TRUE,41,5,2,5,.50,.05,.71,.09,.64)
 (FALSE,10,0,0,43,1.00,.00,1.00,.00,1.00)
 (TRUE,43,0,0,10,1.00,.00,1.00,.00,1.00))