((FALSE,4,99,8,0,.00,.67,.00,.00,.15) (TRUE,0,8,99,4,.33,1.00,.04,.00,.15)
 (FALSE,5,99,5,2,.02,.50,.29,.04,.22) (TRUE,2,5,99,5,.50,.98,.05,.66,.22)
 (TRUE,0,5,102,4,.44,1.00,.04,.00,.19) (FALSE,4,102,5,0,.00,.56,.00,.00,.19)
 (FALSE,0,100,10,1,.01,1.00,.09,.00,.005)
 (TRUE,1,10,100,0,.00,.99,.00,.00,.005) (FALSE,4,103,4,0,.00,.50,.00,.00,.21)
 (TRUE,0,4,103,4,.50,1.00,.04,.00,.21) (FALSE,2,102,6,1,.01,.75,.14,.02,.12)
 (TRUE,1,6,102,2,.25,.99,.02,.40,.12) (TRUE,0,6,104,1,.14,1.00,.01,.00,.07)
 (FALSE,1,104,6,0,.00,.86,.00,.00,.07) (FALSE,3,104,4,0,.00,.57,.00,.00,.19)
 (TRUE,0,4,104,3,.43,1.00,.03,.00,.19) (FALSE,4,105,2,0,.00,.33,.00,.00,.25)
 (TRUE,0,2,105,4,.67,1.00,.04,.00,.25) (FALSE,3,101,6,1,.01,.67,.14,.02,.16)
 (TRUE,1,6,101,3,.33,.99,.03,.50,.16))