46 0.478261
92 0.597826
138 0.652174
184 0.701087
230 0.747826
276 0.768116
322 0.782609
368 0.804348
414 0.818841
460 0.828261
506 0.839921
552 0.849638
598 0.854515
644 0.858696
690 0.865217
736 0.869565
782 0.875959
828 0.88285
874 0.887872
920 0.891304
966 0.89441
1012 0.898221
1058 0.899811
1104 0.902174
1150 0.906087
1196 0.908027
1242 0.910628
1288 0.91382
1334 0.916042
1380 0.918116
1426 0.920757
1472 0.922554
1518 0.924242
1564 0.925831
1610 0.926708
1656 0.925725
1702 0.927145
1748 0.92849
1794 0.930323
1840 0.930978
1886 0.931601
1932 0.931677
1978 0.93276
2024 0.934289
2070 0.935266
2116 0.936673
2162 0.937558
2208 0.938406
2254 0.938776
2300 0.94
