75 0.906667
150 0.92
225 0.92
300 0.923333
375 0.92
450 0.917778
525 0.92381
600 0.926667
675 0.928889
750 0.929333
825 0.930909
900 0.927778
975 0.930256
1050 0.929524
1125 0.931556
1200 0.93
1275 0.93098
1350 0.931852
1425 0.93193
1500 0.932667
1575 0.931429
1650 0.932727
1725 0.933913
1800 0.933889
1875 0.933867
1950 0.934359
2025 0.934815
2100 0.935714
2175 0.936092
2250 0.937333
2325 0.937634
2400 0.938333
2475 0.938586
2550 0.939216
2625 0.939048
2700 0.938519
2775 0.938739
2850 0.938246
2925 0.938462
3000 0.938667
3075 0.938537
3150 0.939365
3225 0.939535
3300 0.938788
3375 0.938963
3450 0.938551
3525 0.937021
3600 0.937778
3675 0.937143
3750 0.9376
