63 0.984127
126 0.992063
189 0.994709
252 0.996032
315 0.996825
378 0.997354
441 0.997732
504 0.998016
567 0.998236
630 0.998413
693 0.998557
756 0.998677
819 0.98779
882 0.988662
945 0.989418
1008 0.990079
1071 0.990663
1134 0.991182
1197 0.991646
1260 0.992063
1323 0.992441
1386 0.992785
1449 0.993099
1512 0.993386
1575 0.988571
1638 0.989011
1701 0.989418
1764 0.989796
1827 0.990148
1890 0.990476
1953 0.990783
2016 0.991071
2079 0.991342
2142 0.991597
2205 0.991837
2268 0.992063
2331 0.992278
2394 0.992481
2457 0.992674
2520 0.992857
2583 0.993031
2646 0.993197
2709 0.993355
2772 0.993506
2835 0.993651
2898 0.993789
2961 0.993921
3024 0.994048
3087 0.994169
3150 0.994286
