10 0.4
20 0.5
30 0.4
40 0.4
50 0.38
60 0.366667
70 0.328571
80 0.2875
90 0.266667
100 0.25
110 0.236364
120 0.241667
130 0.230769
140 0.221429
150 0.233333
160 0.225
170 0.229412
180 0.222222
190 0.226316
200 0.22
210 0.228571
220 0.222727
230 0.221739
240 0.2125
250 0.204
260 0.196154
270 0.188889
280 0.189286
290 0.182759
300 0.18
310 0.174194
320 0.16875
330 0.163636
340 0.158824
350 0.157143
360 0.161111
370 0.164865
380 0.163158
390 0.166667
400 0.1625
410 0.163415
420 0.164286
430 0.160465
440 0.159091
450 0.155556
460 0.154348
470 0.151064
480 0.147917
490 0.146939
500 0.146
