19 0.263158
38 0.473684
57 0.526316
76 0.513158
95 0.536842
114 0.561404
133 0.578947
152 0.559211
171 0.549708
190 0.563158
209 0.564593
228 0.574561
247 0.582996
266 0.593985
285 0.585965
304 0.585526
323 0.591331
342 0.584795
361 0.584488
380 0.581579
399 0.588972
418 0.588517
437 0.594966
456 0.596491
475 0.587368
494 0.578947
513 0.57115
532 0.565789
551 0.564428
570 0.568421
589 0.572156
608 0.570724
627 0.572568
646 0.572755
665 0.572932
684 0.570175
703 0.570413
722 0.566482
741 0.562753
760 0.557895
779 0.555841
798 0.553885
817 0.553244
836 0.553828
855 0.553216
874 0.550343
893 0.545353
912 0.54057
931 0.53276
950 0.528421
969 0.524252
988 0.517206
