63 0.984127
126 0.992063
189 0.994709
252 0.996032
315 0.996825
378 0.997354
441 0.997732
504 0.998016
567 0.998236
630 0.998413
693 0.998557
756 0.998677
819 0.993895
882 0.994331
945 0.994709
1008 0.99504
1071 0.995331
1134 0.995591
1197 0.995823
1260 0.996032
1323 0.996221
1386 0.996392
1449 0.996549
1512 0.996693
1575 0.992381
1638 0.992674
1701 0.992945
1764 0.993197
1827 0.993432
1890 0.993651
1953 0.993856
2016 0.994048
2079 0.994228
2142 0.994398
2205 0.994558
2268 0.994709
2331 0.994852
2394 0.994987
2457 0.995116
2520 0.995238
2583 0.995354
2646 0.995465
2709 0.99557
2772 0.995671
2835 0.995767
2898 0.995859
2961 0.995947
3024 0.996032
3087 0.996113
3150 0.99619
