3 0.333333
6 0.5
9 0.444444
12 0.5
15 0.533333
18 0.555556
21 0.47619
24 0.458333
27 0.481481
30 0.433333
33 0.393939
36 0.361111
39 0.333333
42 0.333333
45 0.311111
48 0.3125
51 0.333333
54 0.333333
57 0.315789
60 0.316667
63 0.301587
66 0.30303
69 0.289855
72 0.277778
75 0.28
78 0.282051
81 0.271605
84 0.261905
87 0.264368
90 0.255556
93 0.247312
96 0.25
99 0.252525
102 0.254902
105 0.247619
108 0.25
111 0.243243
114 0.245614
117 0.239316
120 0.233333
123 0.227642
126 0.238095
129 0.24031
132 0.234848
135 0.22963
138 0.224638
141 0.219858
144 0.222222
147 0.217687
150 0.213333
153 0.20915
156 0.205128
159 0.201258
162 0.197531
165 0.193939
