46 0.434783
92 0.554348
138 0.615942
184 0.657609
230 0.704348
276 0.724638
322 0.742236
368 0.76087
414 0.763285
460 0.769565
506 0.778656
552 0.791667
598 0.789298
644 0.791925
690 0.794203
736 0.797554
782 0.80179
828 0.804348
874 0.808924
920 0.808696
966 0.809524
1012 0.811265
1058 0.812854
1104 0.813406
1150 0.816522
1196 0.817726
1242 0.81723
1288 0.820652
1334 0.818591
1380 0.819565
1426 0.821879
1472 0.825408
1518 0.824769
1564 0.824169
1610 0.823602
1656 0.82186
1702 0.821387
1748 0.820366
1794 0.819955
1840 0.819022
1886 0.813362
1932 0.812629
1978 0.812942
2024 0.810277
2070 0.807729
2116 0.808129
2162 0.807123
2208 0.806159
2254 0.804348
2300 0.803478
