3 0.333333
6 0.333333
9 0.444444
12 0.5
15 0.466667
18 0.5
21 0.47619
24 0.458333
27 0.481481
30 0.433333
33 0.424242
36 0.416667
39 0.384615
42 0.380952
45 0.355556
48 0.354167
51 0.372549
54 0.37037
57 0.350877
60 0.35
63 0.333333
66 0.333333
69 0.318841
72 0.333333
75 0.333333
78 0.333333
81 0.320988
84 0.321429
87 0.321839
90 0.322222
93 0.322581
96 0.333333
99 0.323232
102 0.323529
105 0.314286
108 0.305556
111 0.306306
114 0.307018
117 0.307692
120 0.308333
123 0.308943
126 0.309524
129 0.310078
132 0.30303
135 0.303704
138 0.304348
141 0.297872
144 0.298611
147 0.292517
150 0.293333
153 0.287582
156 0.282051
159 0.27673
162 0.277778
165 0.272727
