7 0.142857
14 0.571429
21 0.571429
28 0.642857
35 0.657143
42 0.690476
49 0.714286
56 0.714286
63 0.746032
70 0.742857
77 0.766234
84 0.75
91 0.747253
98 0.72449
105 0.742857
112 0.741071
119 0.731092
126 0.738095
133 0.736842
140 0.728571
147 0.721088
154 0.720779
161 0.720497
168 0.714286
175 0.725714
182 0.736264
189 0.73545
196 0.739796
203 0.743842
210 0.752381
217 0.741935
224 0.745536
231 0.74026
238 0.743697
245 0.75102
252 0.75
259 0.745174
266 0.736842
273 0.739927
280 0.742857
287 0.731707
294 0.738095
301 0.727575
308 0.724026
315 0.72381
322 0.726708
329 0.723404
336 0.729167
343 0.723032
350 0.728571
