1 0
2 0
3 0
4 0
5 0
6 0
7 0.142857
8 0.25
9 0.222222
10 0.3
11 0.272727
12 0.333333
13 0.307692
14 0.285714
15 0.266667
16 0.3125
17 0.294118
18 0.333333
19 0.315789
20 0.3
21 0.333333
22 0.318182
23 0.304348
24 0.291667
25 0.28
26 0.269231
27 0.259259
28 0.285714
29 0.310345
30 0.3
31 0.322581
32 0.34375
33 0.363636
34 0.382353
35 0.371429
36 0.361111
37 0.378378
38 0.368421
39 0.384615
40 0.375
41 0.365854
42 0.380952
43 0.395349
44 0.386364
45 0.377778
46 0.369565
47 0.382979
48 0.375
49 0.367347
50 0.38
51 0.372549
52 0.384615
53 0.396226
54 0.407407
55 0.418182
56 0.428571
57 0.421053
58 0.413793
59 0.40678
60 0.416667
61 0.42623
62 0.435484
63 0.444444
64 0.4375
65 0.446154
66 0.439394
67 0.447761
68 0.441176
69 0.434783
70 0.428571
71 0.43662
72 0.430556
73 0.438356
74 0.432432
75 0.44
76 0.434211
77 0.441558
78 0.435897
79 0.43038
80 0.425
81 0.419753
82 0.414634
83 0.421687
84 0.416667
85 0.423529
86 0.418605
87 0.425287
88 0.420455
89 0.41573
90 0.422222
91 0.428571
92 0.434783
93 0.430108
94 0.43617
95 0.431579
96 0.427083
