7 0.714286
14 0.714286
21 0.666667
28 0.571429
35 0.628571
42 0.619048
49 0.632653
56 0.607143
63 0.587302
70 0.6
77 0.61039
84 0.619048
91 0.604396
98 0.591837
105 0.6
112 0.598214
119 0.613445
126 0.619048
133 0.616541
140 0.614286
147 0.612245
154 0.616883
161 0.614907
168 0.625
175 0.634286
182 0.648352
189 0.640212
196 0.642857
203 0.64532
210 0.642857
217 0.64977
224 0.647321
231 0.649351
238 0.655462
245 0.644898
252 0.638889
259 0.648649
266 0.642857
273 0.644689
280 0.653571
287 0.644599
294 0.646259
301 0.651163
308 0.655844
315 0.657143
322 0.652174
329 0.650456
336 0.645833
343 0.64723
350 0.645714
357 0.64986
364 0.656593
371 0.654987
378 0.656085
385 0.65974
392 0.665816
