16 0.4375
32 0.5
48 0.583333
64 0.640625
80 0.6875
96 0.729167
112 0.758929
128 0.773438
144 0.798611
160 0.81875
176 0.835227
192 0.838542
208 0.850962
224 0.861607
240 0.870833
256 0.878906
272 0.886029
288 0.892361
304 0.898026
320 0.903125
336 0.904762
352 0.909091
368 0.913043
384 0.916667
400 0.92
416 0.923077
432 0.923611
448 0.926339
464 0.928879
480 0.93125
496 0.933468
512 0.935547
528 0.9375
544 0.939338
560 0.941071
576 0.940972
592 0.942568
608 0.944079
624 0.94391
640 0.945312
656 0.946646
672 0.947917
688 0.949128
704 0.950284
720 0.951389
736 0.952446
752 0.953457
768 0.954427
784 0.955357
800 0.95625
816 0.957108
832 0.957933
