3 0.666667
6 0.833333
9 0.777778
12 0.833333
15 0.866667
18 0.888889
21 0.904762
24 0.916667
27 0.925926
30 0.933333
33 0.878788
36 0.861111
39 0.871795
42 0.880952
45 0.888889
48 0.895833
51 0.901961
54 0.907407
57 0.894737
60 0.9
63 0.904762
66 0.909091
69 0.898551
72 0.875
75 0.866667
78 0.858974
81 0.864198
84 0.869048
87 0.862069
90 0.844444
93 0.827957
96 0.822917
99 0.808081
102 0.794118
105 0.8
108 0.796296
111 0.774775
114 0.754386
117 0.752137
120 0.741667
123 0.739837
126 0.738095
129 0.736434
132 0.742424
135 0.740741
138 0.73913
141 0.730496
144 0.729167
147 0.727891
150 0.72
153 0.718954
