7 0.714286
14 0.785714
21 0.714286
28 0.607143
35 0.685714
42 0.714286
49 0.734694
56 0.696429
63 0.698413
70 0.7
77 0.727273
84 0.738095
91 0.725275
98 0.72449
105 0.733333
112 0.732143
119 0.739496
126 0.746032
133 0.744361
140 0.757143
147 0.755102
154 0.766234
161 0.770186
168 0.77381
175 0.782857
182 0.791209
189 0.798942
196 0.795918
203 0.793103
210 0.795238
217 0.801843
224 0.808036
231 0.813853
238 0.819328
245 0.816327
252 0.813492
259 0.818533
266 0.819549
273 0.81685
280 0.821429
287 0.8223
294 0.826531
301 0.830565
308 0.831169
315 0.834921
322 0.838509
329 0.835866
336 0.827381
343 0.830904
350 0.831429
357 0.834734
364 0.837912
371 0.838275
378 0.838624
385 0.841558
392 0.844388
