3 0
6 0.5
9 0.666667
12 0.75
15 0.8
18 0.722222
21 0.714286
24 0.666667
27 0.703704
30 0.7
33 0.69697
36 0.694444
39 0.717949
42 0.738095
45 0.733333
48 0.708333
51 0.72549
54 0.740741
57 0.754386
60 0.766667
63 0.746032
66 0.742424
69 0.753623
72 0.763889
75 0.733333
78 0.74359
81 0.740741
84 0.738095
87 0.747126
90 0.744444
93 0.741935
96 0.75
99 0.757576
102 0.754902
105 0.752381
108 0.759259
111 0.765766
114 0.77193
117 0.777778
120 0.775
123 0.780488
126 0.785714
129 0.790698
132 0.795455
135 0.792593
138 0.789855
141 0.780142
144 0.784722
147 0.782313
150 0.78
153 0.777778
156 0.782051
