63 0.984127
126 0.992063
189 0.994709
252 0.996032
315 0.996825
378 0.997354
441 0.997732
504 0.998016
567 0.998236
630 0.998413
693 0.998557
756 0.998677
819 0.995116
882 0.995465
945 0.995767
1008 0.996032
1071 0.996265
1134 0.996473
1197 0.996658
1260 0.996825
1323 0.996977
1386 0.997114
1449 0.997239
1512 0.997354
1575 0.995556
1638 0.995726
1701 0.995885
1764 0.996032
1827 0.996169
1890 0.996296
1953 0.996416
2016 0.996528
2079 0.996633
2142 0.996732
2205 0.996825
2268 0.996914
2331 0.996997
2394 0.997076
2457 0.997151
2520 0.997222
2583 0.99729
2646 0.997354
2709 0.997416
2772 0.997475
2835 0.997531
2898 0.997585
2961 0.997636
3024 0.997685
3087 0.997732
3150 0.997778
