8 0
16 0.0625
24 0.0416667
32 0.125
40 0.175
48 0.145833
56 0.125
64 0.140625
72 0.166667
80 0.2125
88 0.215909
96 0.21875
104 0.221154
112 0.214286
120 0.225
128 0.234375
136 0.242647
144 0.270833
152 0.263158
160 0.275
168 0.27381
176 0.272727
184 0.277174
192 0.286458
200 0.29
208 0.293269
216 0.296296
224 0.308036
232 0.323276
240 0.341667
248 0.350806
256 0.355469
264 0.359848
272 0.360294
280 0.371429
288 0.381944
296 0.391892
304 0.398026
312 0.397436
320 0.3875
328 0.378049
336 0.369048
344 0.360465
352 0.352273
360 0.344444
368 0.336957
376 0.329787
384 0.322917
392 0.316327
400 0.31
408 0.303922
416 0.298077
