5 0.2
10 0.2
15 0.266667
20 0.4
25 0.44
30 0.466667
35 0.514286
40 0.55
45 0.533333
50 0.54
55 0.563636
60 0.583333
65 0.6
70 0.628571
75 0.653333
80 0.675
85 0.694118
90 0.7
95 0.715789
100 0.73
105 0.742857
110 0.754545
115 0.765217
120 0.775
125 0.784
130 0.784615
135 0.792593
140 0.792857
145 0.793103
150 0.793333
155 0.793548
160 0.8
165 0.8
170 0.805882
175 0.811429
180 0.816667
185 0.821622
190 0.821053
195 0.820513
200 0.82
205 0.82439
210 0.828571
215 0.832558
220 0.831818
225 0.831111
230 0.830435
235 0.829787
240 0.829167
245 0.82449
250 0.828
