43 0.44186
86 0.534884
129 0.589147
172 0.598837
215 0.651163
258 0.678295
301 0.694352
344 0.718023
387 0.739018
430 0.751163
473 0.769556
516 0.777132
559 0.792487
602 0.802326
645 0.806202
688 0.815407
731 0.823529
774 0.826873
817 0.831089
860 0.837209
903 0.840532
946 0.844609
989 0.847321
1032 0.852713
1075 0.853953
1118 0.856887
1161 0.861326
1204 0.863787
1247 0.865277
1290 0.868217
1333 0.871718
1376 0.875727
1419 0.878788
1462 0.880985
1505 0.883721
1548 0.885659
1591 0.888749
1634 0.890453
1677 0.892665
1720 0.893605
1763 0.895065
1806 0.896456
1849 0.897242
1892 0.899577
1935 0.900775
1978 0.902427
2021 0.902524
2064 0.90407
2107 0.906028
2150 0.907907
