7 0.571429
14 0.642857
21 0.714286
28 0.785714
35 0.8
42 0.833333
49 0.857143
56 0.875
63 0.888889
70 0.9
77 0.909091
84 0.916667
91 0.923077
98 0.928571
105 0.933333
112 0.9375
119 0.941176
126 0.944444
133 0.947368
140 0.95
147 0.952381
154 0.954545
161 0.956522
168 0.958333
175 0.96
182 0.961538
189 0.962963
196 0.964286
203 0.965517
210 0.966667
217 0.967742
224 0.964286
231 0.965368
238 0.966387
245 0.967347
252 0.968254
259 0.969112
266 0.969925
273 0.970696
280 0.971429
287 0.972125
294 0.972789
301 0.973422
308 0.974026
315 0.974603
322 0.975155
329 0.975684
336 0.97619
343 0.976676
350 0.977143
357 0.977591
364 0.978022
