5 0.2
10 0.2
15 0.2
20 0.3
25 0.32
30 0.333333
35 0.371429
40 0.4
45 0.4
50 0.38
55 0.4
60 0.433333
65 0.430769
70 0.457143
75 0.466667
80 0.5
85 0.517647
90 0.533333
95 0.557895
100 0.58
105 0.6
110 0.618182
115 0.617391
120 0.625
125 0.632
130 0.638462
135 0.651852
140 0.657143
145 0.662069
150 0.66
155 0.664516
160 0.66875
165 0.672727
170 0.676471
175 0.685714
180 0.688889
185 0.691892
190 0.694737
195 0.697436
200 0.7
205 0.707317
210 0.714286
215 0.72093
220 0.718182
225 0.72
230 0.717391
235 0.719149
240 0.716667
245 0.710204
250 0.716
