10 0.5
20 0.55
30 0.666667
40 0.625
50 0.58
60 0.566667
70 0.557143
80 0.5625
90 0.588889
100 0.6
110 0.6
120 0.625
130 0.592308
140 0.607143
150 0.6
160 0.60625
170 0.629412
180 0.638889
190 0.657895
200 0.655
210 0.666667
220 0.681818
230 0.695652
240 0.704167
250 0.716
260 0.719231
270 0.725926
280 0.735714
290 0.741379
300 0.75
310 0.758065
320 0.765625
330 0.772727
340 0.779412
350 0.785714
360 0.788889
370 0.789189
380 0.792105
390 0.794872
400 0.7975
410 0.8
420 0.802381
430 0.806977
440 0.811364
450 0.815556
460 0.819565
470 0.823404
480 0.827083
490 0.830612
500 0.834
