6 0
12 0.0833333
18 0.111111
24 0.125
30 0.1
36 0.0833333
42 0.0952381
48 0.0833333
54 0.0740741
60 0.116667
66 0.121212
72 0.125
78 0.115385
84 0.142857
90 0.144444
96 0.145833
102 0.156863
108 0.166667
114 0.175439
120 0.175
126 0.190476
132 0.181818
138 0.195652
144 0.1875
150 0.193333
156 0.198718
162 0.203704
168 0.208333
174 0.212644
180 0.211111
186 0.225806
192 0.21875
198 0.227273
204 0.22549
210 0.22381
216 0.222222
222 0.225225
228 0.223684
234 0.230769
240 0.229167
246 0.227642
252 0.230159
258 0.224806
264 0.231061
270 0.22963
276 0.224638
282 0.22695
288 0.222222
294 0.22449
300 0.226667
