4 0.75
8 0.875
12 0.833333
16 0.875
20 0.85
24 0.833333
28 0.821429
32 0.84375
36 0.777778
40 0.725
44 0.704545
48 0.729167
52 0.75
56 0.767857
60 0.783333
64 0.78125
68 0.779412
72 0.777778
76 0.789474
80 0.8
84 0.809524
88 0.806818
92 0.815217
96 0.791667
100 0.76
104 0.769231
108 0.777778
112 0.767857
116 0.767241
120 0.766667
124 0.758065
128 0.757812
132 0.742424
136 0.735294
140 0.735714
144 0.743056
148 0.743243
152 0.75
156 0.75
160 0.75
164 0.756098
168 0.761905
172 0.767442
176 0.755682
180 0.761111
184 0.755435
188 0.744681
192 0.729167
196 0.714286
200 0.71
204 0.710784
208 0.706731
