3 0.666667
6 0.833333
9 0.777778
12 0.833333
15 0.866667
18 0.888889
21 0.904762
24 0.916667
27 0.925926
30 0.933333
33 0.878788
36 0.861111
39 0.871795
42 0.880952
45 0.888889
48 0.895833
51 0.901961
54 0.907407
57 0.912281
60 0.916667
63 0.920635
66 0.924242
69 0.913043
72 0.902778
75 0.906667
78 0.897436
81 0.901235
84 0.904762
87 0.896552
90 0.877778
93 0.870968
96 0.864583
99 0.858586
102 0.852941
105 0.857143
108 0.861111
111 0.846847
114 0.842105
117 0.846154
120 0.85
123 0.853659
126 0.857143
129 0.860465
132 0.863636
135 0.859259
138 0.862319
141 0.865248
144 0.868056
147 0.870748
150 0.866667
153 0.869281
