400 0.7325
800 0.855
1200 0.901667
1600 0.925
2000 0.94
2400 0.95
2800 0.957143
3200 0.9625
3600 0.966667
4000 0.97
4400 0.972727
4800 0.975
5200 0.976923
5600 0.978571
6000 0.98
6400 0.98125
6800 0.982353
7200 0.983333
7600 0.984211
8000 0.985
8400 0.985714
8800 0.986364
9200 0.986957
9600 0.9875
10000 0.988
10400 0.988462
10800 0.988889
11200 0.989286
11600 0.989655
12000 0.99
12400 0.990323
12800 0.990625
13200 0.990909
13600 0.991176
14000 0.991429
14400 0.991667
14800 0.991892
15200 0.992105
15600 0.992308
16000 0.9925
16400 0.992683
16800 0.992857
17200 0.993023
17600 0.993182
18000 0.993333
18400 0.993478
18800 0.993617
19200 0.99375
19600 0.993878
20000 0.994
