1 0
2 0
3 0.333333
4 0.25
5 0.2
6 0.166667
7 0.142857
8 0.125
9 0.111111
10 0.1
11 0.0909091
12 0.0833333
13 0.0769231
14 0.142857
15 0.133333
16 0.125
17 0.117647
18 0.111111
19 0.105263
20 0.1
21 0.142857
22 0.136364
23 0.173913
24 0.208333
25 0.24
26 0.269231
27 0.259259
28 0.25
29 0.241379
30 0.233333
31 0.225806
32 0.21875
33 0.242424
34 0.235294
35 0.228571
36 0.222222
37 0.216216
38 0.236842
39 0.230769
40 0.225
41 0.243902
42 0.238095
43 0.232558
44 0.25
45 0.244444
46 0.23913
47 0.234043
48 0.229167
49 0.22449
50 0.22
51 0.215686
52 0.211538
53 0.207547
54 0.203704
55 0.218182
56 0.232143
57 0.22807
58 0.224138
59 0.220339
60 0.216667
61 0.229508
62 0.225806
63 0.222222
64 0.21875
65 0.215385
66 0.212121
67 0.208955
68 0.205882
69 0.202899
70 0.2
71 0.197183
72 0.194444
73 0.191781
74 0.189189
75 0.186667
76 0.184211
77 0.181818
78 0.179487
79 0.189873
80 0.1875
81 0.197531
82 0.195122
83 0.192771
84 0.202381
85 0.2
86 0.209302
87 0.206897
88 0.204545
89 0.202247
90 0.2
91 0.197802
92 0.195652
93 0.193548
