1 0
2 0
3 0.333333
4 0.25
5 0.2
6 0.166667
7 0.142857
8 0.125
9 0.111111
10 0.1
11 0.0909091
12 0.0833333
13 0.0769231
14 0.0714286
15 0.0666667
16 0.125
17 0.117647
18 0.111111
19 0.105263
20 0.1
21 0.0952381
22 0.0909091
23 0.0869565
24 0.0833333
25 0.08
26 0.0769231
27 0.0740741
28 0.0714286
29 0.0689655
30 0.0666667
31 0.0967742
32 0.09375
33 0.0909091
34 0.117647
35 0.114286
36 0.111111
37 0.108108
38 0.105263
39 0.102564
40 0.1
41 0.097561
42 0.0952381
43 0.0930233
44 0.0909091
45 0.0888889
46 0.0869565
47 0.0851064
48 0.104167
49 0.102041
50 0.1
51 0.0980392
52 0.0961538
53 0.0943396
54 0.0925926
55 0.0909091
56 0.0892857
57 0.105263
58 0.103448
59 0.101695
60 0.1
