3 0.666667
6 0.333333
9 0.222222
12 0.25
15 0.2
18 0.222222
21 0.285714
24 0.291667
27 0.333333
30 0.3
33 0.272727
36 0.25
39 0.230769
42 0.261905
45 0.266667
48 0.3125
51 0.333333
54 0.37037
57 0.385965
60 0.4
63 0.412698
66 0.424242
69 0.449275
72 0.458333
75 0.48
78 0.474359
81 0.469136
84 0.464286
87 0.471264
90 0.488889
93 0.494624
96 0.5
99 0.505051
102 0.519608
105 0.533333
108 0.537037
111 0.54955
114 0.561404
117 0.57265
120 0.583333
123 0.585366
126 0.587302
129 0.589147
132 0.590909
135 0.6
138 0.608696
141 0.609929
144 0.618056
147 0.62585
150 0.633333
153 0.640523
156 0.647436
159 0.647799
162 0.654321
165 0.660606
168 0.666667
171 0.672515
174 0.678161
177 0.683616
180 0.688889
183 0.693989
186 0.698925
189 0.703704
192 0.708333
195 0.712821
