75 0.92
150 0.926667
225 0.937778
300 0.936667
375 0.938667
450 0.924444
525 0.927619
600 0.925
675 0.927407
750 0.930667
825 0.929697
900 0.931111
975 0.933333
1050 0.934286
1125 0.936
1200 0.9375
1275 0.940392
1350 0.943704
1425 0.945263
1500 0.945333
1575 0.944127
1650 0.942424
1725 0.943188
1800 0.943333
1875 0.943467
1950 0.944103
2025 0.944691
2100 0.94381
2175 0.944368
2250 0.944444
2325 0.944516
2400 0.942917
2475 0.943434
2550 0.944314
2625 0.944
2700 0.944444
2775 0.944865
2850 0.944912
2925 0.944957
3000 0.944333
3075 0.945041
3150 0.945714
3225 0.946357
3300 0.945758
3375 0.946074
3450 0.945797
3525 0.945248
3600 0.946389
3675 0.94585
3750 0.9456
