20 0.85
40 0.925
60 0.95
80 0.9625
100 0.97
120 0.975
140 0.978571
160 0.98125
180 0.983333
200 0.985
220 0.986364
240 0.9875
260 0.988462
280 0.989286
300 0.99
320 0.990625
340 0.991176
360 0.991667
380 0.992105
400 0.9925
420 0.992857
440 0.993182
460 0.993478
480 0.99375
500 0.994
520 0.994231
540 0.994444
560 0.994643
580 0.994828
600 0.995
620 0.995161
640 0.995313
660 0.995455
680 0.995588
700 0.995714
720 0.995833
740 0.995946
760 0.996053
780 0.996154
800 0.99625
820 0.996341
840 0.996429
860 0.996512
880 0.996591
900 0.996667
920 0.996739
940 0.996809
960 0.996875
980 0.996939
1000 0.997
