1 0
2 0
3 0.333333
4 0.25
5 0.2
6 0.166667
7 0.142857
8 0.125
9 0.111111
10 0.2
11 0.181818
12 0.166667
13 0.153846
14 0.214286
15 0.2
16 0.1875
17 0.176471
18 0.166667
19 0.210526
20 0.2
21 0.238095
22 0.272727
23 0.304348
24 0.333333
25 0.36
26 0.384615
27 0.37037
28 0.357143
29 0.344828
30 0.366667
31 0.354839
32 0.34375
33 0.363636
34 0.352941
35 0.371429
36 0.361111
37 0.378378
38 0.394737
39 0.384615
40 0.375
41 0.390244
42 0.404762
43 0.395349
44 0.409091
45 0.422222
46 0.434783
47 0.446809
48 0.4375
49 0.44898
50 0.44
51 0.45098
52 0.461538
53 0.471698
54 0.481481
55 0.490909
56 0.5
57 0.491228
58 0.482759
59 0.474576
60 0.483333
61 0.491803
62 0.483871
63 0.492063
64 0.484375
65 0.492308
66 0.5
67 0.507463
68 0.5
69 0.507246
70 0.5
71 0.492958
72 0.486111
73 0.493151
74 0.5
75 0.506667
76 0.5
77 0.506494
78 0.512821
79 0.518987
80 0.525
81 0.530864
82 0.536585
83 0.53012
84 0.535714
85 0.541176
86 0.546512
87 0.551724
88 0.556818
89 0.550562
90 0.555556
91 0.56044
92 0.565217
93 0.569892
