7 0
14 0.142857
21 0.142857
28 0.178571
35 0.228571
42 0.285714
49 0.306122
56 0.303571
63 0.301587
70 0.342857
77 0.363636
84 0.392857
91 0.384615
98 0.387755
105 0.409524
112 0.419643
119 0.436975
126 0.452381
133 0.443609
140 0.45
147 0.455782
154 0.461039
161 0.465839
168 0.482143
175 0.497143
182 0.516484
189 0.507937
196 0.515306
203 0.522167
210 0.52381
217 0.529954
224 0.526786
231 0.532468
238 0.542017
245 0.534694
252 0.531746
259 0.544402
266 0.541353
273 0.545788
280 0.557143
287 0.547038
294 0.55102
301 0.554817
308 0.561688
315 0.561905
322 0.559006
329 0.559271
336 0.556548
343 0.55102
350 0.551429
357 0.554622
364 0.563187
371 0.560647
378 0.563492
385 0.568831
392 0.576531
