4 0.25
8 0.5
12 0.5
16 0.625
20 0.65
24 0.666667
28 0.714286
32 0.6875
36 0.694444
40 0.725
44 0.75
48 0.770833
52 0.788462
56 0.785714
60 0.8
64 0.8125
68 0.808824
72 0.805556
76 0.789474
80 0.8
84 0.797619
88 0.806818
92 0.804348
96 0.8125
100 0.82
104 0.826923
108 0.833333
112 0.839286
116 0.844828
120 0.85
124 0.854839
128 0.859375
132 0.863636
136 0.867647
140 0.871429
144 0.875
148 0.878378
152 0.881579
156 0.884615
160 0.8875
164 0.890244
168 0.892857
172 0.895349
176 0.897727
180 0.9
184 0.902174
188 0.904255
192 0.90625
196 0.903061
200 0.9
204 0.901961
