16 0.5
32 0.59375
48 0.6875
64 0.734375
80 0.775
96 0.802083
112 0.830357
128 0.851562
144 0.868056
160 0.88125
176 0.892045
192 0.895833
208 0.903846
224 0.910714
240 0.916667
256 0.921875
272 0.926471
288 0.930556
304 0.934211
320 0.9375
336 0.940476
352 0.943182
368 0.945652
384 0.947917
400 0.95
416 0.951923
432 0.953704
448 0.955357
464 0.956897
480 0.958333
496 0.959677
512 0.960938
528 0.962121
544 0.963235
560 0.964286
576 0.965278
592 0.966216
608 0.967105
624 0.966346
640 0.967187
656 0.967988
672 0.96875
688 0.969477
704 0.97017
720 0.970833
736 0.971467
752 0.972074
768 0.972656
784 0.973214
800 0.97375
816 0.974265
832 0.97476
