2 0.5
4 0.5
6 0.5
8 0.625
10 0.7
12 0.666667
14 0.714286
16 0.6875
18 0.722222
20 0.75
22 0.772727
24 0.791667
26 0.807692
28 0.821429
30 0.833333
32 0.84375
34 0.852941
36 0.833333
38 0.842105
40 0.85
42 0.857143
44 0.863636
46 0.869565
48 0.875
50 0.88
52 0.884615
54 0.888889
56 0.892857
58 0.896552
60 0.9
62 0.903226
64 0.90625
66 0.909091
68 0.911765
70 0.914286
72 0.916667
74 0.918919
76 0.921053
78 0.923077
80 0.925
82 0.926829
84 0.928571
86 0.930233
88 0.931818
90 0.933333
92 0.934783
94 0.93617
96 0.9375
98 0.938776
100 0.94
102 0.941176
104 0.942308
106 0.943396
108 0.944444
110 0.936364
112 0.9375
114 0.938596
116 0.939655
118 0.940678
120 0.941667
122 0.934426
124 0.935484
126 0.936508
128 0.9375
130 0.938462
132 0.939394
134 0.940299
136 0.941176
138 0.942029
140 0.942857
142 0.943662
144 0.944444
146 0.945205
148 0.945946
