4 0
8 0.25
12 0.166667
16 0.1875
20 0.2
24 0.25
28 0.357143
32 0.34375
36 0.361111
40 0.4
44 0.431818
48 0.458333
52 0.461538
56 0.482143
60 0.483333
64 0.484375
68 0.485294
72 0.458333
76 0.434211
80 0.45
84 0.452381
88 0.477273
92 0.478261
96 0.5
100 0.5
104 0.519231
108 0.509259
112 0.517857
116 0.534483
120 0.55
124 0.556452
128 0.546875
132 0.537879
136 0.529412
140 0.528571
144 0.534722
148 0.547297
152 0.552632
156 0.557692
160 0.56875
164 0.579268
168 0.577381
172 0.587209
176 0.579545
180 0.583333
184 0.581522
188 0.590426
192 0.583333
196 0.576531
200 0.575
204 0.578431
