11 0.454545
22 0.409091
33 0.515152
44 0.522727
55 0.581818
66 0.621212
77 0.662338
88 0.681818
99 0.717172
110 0.718182
121 0.719008
132 0.734848
143 0.748252
154 0.766234
165 0.781818
176 0.789773
187 0.802139
198 0.813131
209 0.822967
220 0.831818
231 0.839827
242 0.847107
253 0.849802
264 0.856061
275 0.858182
286 0.863636
297 0.861953
308 0.863636
319 0.865204
330 0.866667
341 0.870968
352 0.872159
363 0.873278
374 0.877005
385 0.880519
396 0.881313
407 0.884521
418 0.88756
429 0.890443
440 0.893182
451 0.89357
462 0.896104
473 0.89852
484 0.900826
495 0.90303
506 0.905138
517 0.907157
528 0.909091
539 0.910946
550 0.910909
561 0.912656
572 0.914336
