3 0
6 0.5
9 0.666667
12 0.75
15 0.8
18 0.722222
21 0.619048
24 0.583333
27 0.592593
30 0.533333
33 0.484848
36 0.472222
39 0.461538
42 0.47619
45 0.488889
48 0.479167
51 0.470588
54 0.444444
57 0.45614
60 0.433333
63 0.412698
66 0.424242
69 0.42029
72 0.430556
75 0.413333
78 0.423077
81 0.407407
84 0.404762
87 0.413793
90 0.411111
93 0.408602
96 0.40625
99 0.393939
102 0.382353
105 0.371429
108 0.37037
111 0.369369
114 0.368421
117 0.367521
120 0.358333
123 0.357724
126 0.349206
129 0.341085
132 0.340909
135 0.333333
138 0.333333
141 0.333333
144 0.333333
147 0.326531
150 0.32
153 0.313725
156 0.320513
