3 0.666667
6 0.833333
9 0.777778
12 0.833333
15 0.866667
18 0.888889
21 0.904762
24 0.916667
27 0.925926
30 0.933333
33 0.878788
36 0.861111
39 0.871795
42 0.880952
45 0.888889
48 0.895833
51 0.901961
54 0.907407
57 0.912281
60 0.916667
63 0.920635
66 0.924242
69 0.913043
72 0.902778
75 0.906667
78 0.910256
81 0.91358
84 0.916667
87 0.908046
90 0.888889
93 0.88172
96 0.875
99 0.858586
102 0.852941
105 0.847619
108 0.842593
111 0.837838
114 0.833333
117 0.837607
120 0.833333
123 0.829268
126 0.833333
129 0.837209
132 0.840909
135 0.837037
138 0.84058
141 0.843972
144 0.840278
147 0.843537
150 0.84
153 0.843137
