1 0
2 0
3 0
4 0
5 0
6 0
7 0.142857
8 0.25
9 0.222222
10 0.3
11 0.272727
12 0.333333
13 0.307692
14 0.285714
15 0.266667
16 0.3125
17 0.294118
18 0.333333
19 0.315789
20 0.3
21 0.333333
22 0.363636
23 0.391304
24 0.416667
25 0.44
26 0.423077
27 0.407407
28 0.428571
29 0.448276
30 0.433333
31 0.451613
32 0.46875
33 0.484848
34 0.5
35 0.485714
36 0.472222
37 0.486486
38 0.473684
39 0.487179
40 0.475
41 0.463415
42 0.47619
43 0.488372
44 0.5
45 0.488889
46 0.5
47 0.510638
48 0.5
49 0.489796
50 0.5
51 0.490196
52 0.5
53 0.509434
54 0.518519
55 0.527273
56 0.535714
57 0.526316
58 0.534483
59 0.525424
60 0.533333
61 0.540984
62 0.548387
63 0.555556
64 0.5625
65 0.569231
66 0.575758
67 0.58209
68 0.573529
69 0.565217
70 0.557143
71 0.56338
72 0.555556
73 0.561644
74 0.567568
75 0.573333
76 0.565789
77 0.571429
78 0.576923
79 0.582278
80 0.5875
81 0.592593
82 0.597561
83 0.60241
84 0.595238
85 0.6
86 0.604651
87 0.609195
88 0.602273
89 0.595506
90 0.6
91 0.604396
92 0.608696
93 0.602151
94 0.606383
95 0.6
96 0.59375
