75 0.92
150 0.94
225 0.96
300 0.963333
375 0.970667
450 0.971111
525 0.975238
600 0.978333
675 0.980741
750 0.982667
825 0.984242
900 0.985556
975 0.986667
1050 0.987619
1125 0.988444
1200 0.988333
1275 0.98902
1350 0.98963
1425 0.990175
1500 0.99
1575 0.990476
1650 0.990909
1725 0.991304
1800 0.991667
1875 0.992
1950 0.992308
2025 0.992593
2100 0.992857
2175 0.993103
2250 0.993333
2325 0.993548
2400 0.99375
2475 0.993939
2550 0.994118
2625 0.994286
2700 0.994444
2775 0.994595
2850 0.994737
2925 0.994872
3000 0.995
3075 0.995122
3150 0.995238
3225 0.995349
3300 0.995455
3375 0.995556
3450 0.995652
3525 0.995745
3600 0.995833
3675 0.995918
3750 0.996
