400 0.8325
800 0.91625
1200 0.944167
1600 0.958125
2000 0.9665
2400 0.972083
2800 0.976071
3200 0.979062
3600 0.981389
4000 0.98325
4400 0.984773
4800 0.986042
5200 0.987115
5600 0.988036
6000 0.988833
6400 0.989531
6800 0.990147
7200 0.990694
7600 0.991184
8000 0.991625
8400 0.992024
8800 0.992386
9200 0.992717
9600 0.993021
10000 0.9933
10400 0.993558
10800 0.993796
11200 0.994018
11600 0.994224
12000 0.994417
12400 0.994597
12800 0.994766
13200 0.994924
13600 0.995074
14000 0.995214
14400 0.995347
14800 0.995473
15200 0.995592
15600 0.995705
16000 0.995812
16400 0.995915
16800 0.996012
17200 0.996105
17600 0.996193
18000 0.996278
18400 0.996359
18800 0.996436
19200 0.99651
19600 0.996582
20000 0.99665
