2 0
4 0
6 0
8 0
10 0.1
12 0.0833333
14 0.0714286
16 0.125
18 0.111111
20 0.15
22 0.136364
24 0.125
26 0.115385
28 0.107143
30 0.133333
32 0.125
34 0.117647
36 0.111111
38 0.131579
40 0.15
42 0.166667
44 0.159091
46 0.152174
48 0.145833
50 0.14
52 0.134615
54 0.148148
56 0.160714
58 0.155172
60 0.166667
62 0.177419
64 0.171875
66 0.181818
68 0.176471
70 0.185714
72 0.180556
74 0.202703
76 0.210526
78 0.205128
80 0.2
82 0.195122
84 0.202381
86 0.22093
88 0.215909
90 0.211111
92 0.206522
94 0.212766
96 0.208333
98 0.214286
100 0.21
102 0.205882
104 0.201923
106 0.198113
108 0.194444
110 0.190909
112 0.196429
114 0.192982
116 0.189655
118 0.186441
120 0.183333
122 0.180328
124 0.177419
126 0.174603
128 0.171875
130 0.169231
