2 0
4 0
6 0.166667
8 0.25
10 0.3
12 0.416667
14 0.5
16 0.5625
18 0.611111
20 0.6
22 0.636364
24 0.666667
26 0.653846
28 0.678571
30 0.7
32 0.71875
34 0.735294
36 0.75
38 0.763158
40 0.775
42 0.785714
44 0.795455
46 0.804348
48 0.8125
50 0.8
52 0.807692
54 0.796296
56 0.803571
58 0.793103
60 0.8
62 0.806452
64 0.8125
66 0.818182
68 0.823529
70 0.814286
72 0.819444
74 0.824324
76 0.828947
78 0.833333
80 0.8375
82 0.841463
84 0.845238
86 0.848837
88 0.852273
90 0.833333
92 0.836957
94 0.840426
96 0.84375
98 0.846939
100 0.84
102 0.843137
104 0.846154
106 0.849057
108 0.851852
110 0.854545
112 0.857143
114 0.859649
116 0.862069
118 0.855932
120 0.858333
122 0.860656
124 0.862903
126 0.857143
128 0.851562
130 0.853846
132 0.856061
134 0.858209
136 0.860294
