2 0
4 0.25
6 0.333333
8 0.25
10 0.4
12 0.416667
14 0.5
16 0.5
18 0.555556
20 0.55
22 0.5
24 0.458333
26 0.423077
28 0.428571
30 0.466667
32 0.46875
34 0.470588
36 0.5
38 0.526316
40 0.55
42 0.547619
44 0.568182
46 0.586957
48 0.604167
50 0.6
52 0.615385
54 0.62963
56 0.642857
58 0.637931
60 0.633333
62 0.645161
64 0.640625
66 0.651515
68 0.661765
70 0.657143
72 0.652778
74 0.662162
76 0.671053
78 0.666667
80 0.6625
82 0.658537
84 0.654762
86 0.662791
88 0.659091
90 0.666667
92 0.673913
94 0.680851
96 0.6875
98 0.683673
100 0.69
102 0.696078
104 0.692308
106 0.698113
108 0.703704
110 0.709091
112 0.714286
114 0.710526
116 0.706897
118 0.711864
120 0.716667
122 0.721311
124 0.725806
126 0.730159
128 0.734375
130 0.738462
