46 0.673913
92 0.793478
138 0.84058
184 0.880435
230 0.9
276 0.916667
322 0.925466
368 0.934783
414 0.942029
460 0.947826
506 0.952569
552 0.956522
598 0.959866
644 0.962733
690 0.965217
736 0.967391
782 0.969309
828 0.971014
874 0.97254
920 0.973913
966 0.975155
1012 0.976285
1058 0.977316
1104 0.978261
1150 0.97913
1196 0.979933
1242 0.980676
1288 0.981366
1334 0.982009
1380 0.982609
1426 0.98317
1472 0.983696
1518 0.98419
1564 0.984655
1610 0.985093
1656 0.985507
1702 0.985899
1748 0.98627
1794 0.986622
1840 0.986957
1886 0.987275
1932 0.987578
1978 0.987867
2024 0.988142
2070 0.988406
2116 0.988658
2162 0.988899
2208 0.98913
2254 0.989352
2300 0.989565
