5 0.2
10 0.1
15 0.133333
20 0.1
25 0.12
30 0.1
35 0.114286
40 0.125
45 0.133333
50 0.12
55 0.127273
60 0.133333
65 0.138462
70 0.142857
75 0.146667
80 0.1375
85 0.129412
90 0.122222
95 0.115789
100 0.11
105 0.104762
110 0.1
115 0.0956522
120 0.0916667
125 0.088
130 0.0846154
135 0.0814815
140 0.0785714
145 0.0758621
150 0.0733333
155 0.0774194
160 0.075
165 0.0727273
170 0.0705882
175 0.0742857
180 0.0777778
185 0.0756757
190 0.0736842
195 0.0717949
200 0.07
205 0.0731707
210 0.0714286
215 0.0744186
220 0.0772727
225 0.0755556
230 0.073913
235 0.0723404
240 0.0708333
245 0.0693878
250 0.068
255 0.0666667
260 0.0653846
265 0.0641509
270 0.062963
275 0.0618182
280 0.0607143
285 0.0596491
