19 0.526316
38 0.684211
57 0.77193
76 0.736842
95 0.789474
114 0.824561
133 0.849624
152 0.861842
171 0.871345
190 0.884211
209 0.894737
228 0.903509
247 0.910931
266 0.917293
285 0.912281
304 0.917763
323 0.922601
342 0.926901
361 0.930748
380 0.934211
399 0.937343
418 0.940191
437 0.942792
456 0.945175
475 0.945263
494 0.947368
513 0.949318
532 0.951128
551 0.950998
570 0.952632
589 0.95416
608 0.955592
627 0.956938
646 0.958204
665 0.959398
684 0.960526
703 0.961593
722 0.962604
741 0.963563
760 0.964474
779 0.96534
798 0.966165
817 0.966952
836 0.967703
855 0.968421
874 0.969108
893 0.969765
912 0.970395
931 0.970999
950 0.971579
969 0.972136
988 0.972672
