6 0.5
12 0.5
18 0.5
24 0.541667
30 0.533333
36 0.583333
42 0.642857
48 0.666667
54 0.703704
60 0.733333
66 0.742424
72 0.763889
78 0.769231
84 0.785714
90 0.8
96 0.802083
102 0.803922
108 0.796296
114 0.807018
120 0.816667
126 0.825397
132 0.833333
138 0.84058
144 0.847222
150 0.853333
156 0.858974
162 0.864198
168 0.863095
174 0.862069
180 0.861111
186 0.860215
192 0.859375
198 0.863636
204 0.867647
210 0.871429
216 0.875
222 0.878378
228 0.881579
234 0.884615
240 0.8875
246 0.890244
252 0.892857
258 0.895349
264 0.893939
270 0.896296
276 0.898551
282 0.900709
288 0.902778
294 0.904762
300 0.906667
