14 0.642857
28 0.607143
42 0.52381
56 0.5
70 0.485714
84 0.47619
98 0.469388
112 0.455357
126 0.428571
140 0.421429
154 0.396104
168 0.392857
182 0.39011
196 0.397959
210 0.390476
224 0.392857
238 0.382353
252 0.373016
266 0.360902
280 0.35
294 0.343537
308 0.337662
322 0.335404
336 0.327381
350 0.322857
364 0.318681
378 0.312169
392 0.303571
406 0.300493
420 0.295238
434 0.294931
448 0.292411
462 0.287879
476 0.285714
490 0.281633
504 0.279762
518 0.277992
532 0.278195
546 0.274725
560 0.275
574 0.275261
588 0.27551
602 0.272425
616 0.272727
630 0.273016
644 0.273292
658 0.273556
672 0.27381
686 0.272595
700 0.27
714 0.267507
728 0.269231
742 0.269542
