8 0
16 0.25
24 0.208333
32 0.21875
40 0.225
48 0.208333
56 0.178571
64 0.1875
72 0.166667
80 0.1875
88 0.181818
96 0.166667
104 0.163462
112 0.151786
120 0.141667
128 0.140625
136 0.147059
144 0.152778
152 0.144737
160 0.1375
168 0.136905
176 0.142045
184 0.141304
192 0.135417
200 0.13
208 0.125
216 0.12037
224 0.116071
232 0.116379
240 0.116667
248 0.120968
256 0.117188
264 0.113636
272 0.110294
280 0.110714
288 0.111111
296 0.108108
304 0.105263
312 0.102564
320 0.1
328 0.097561
336 0.0952381
344 0.0930233
352 0.0909091
360 0.0888889
368 0.0869565
376 0.0851064
384 0.0833333
392 0.0816327
400 0.08
408 0.0784314
416 0.0769231
