5 0.2
10 0.3
15 0.333333
20 0.4
25 0.48
30 0.566667
35 0.6
40 0.625
45 0.666667
50 0.68
55 0.709091
60 0.7
65 0.723077
70 0.728571
75 0.72
80 0.7375
85 0.729412
90 0.722222
95 0.726316
100 0.74
105 0.742857
110 0.736364
115 0.747826
120 0.75
125 0.752
130 0.753846
135 0.755556
140 0.764286
145 0.758621
150 0.753333
155 0.754839
160 0.75
165 0.751515
170 0.752941
175 0.748571
180 0.75
185 0.745946
190 0.747368
195 0.753846
200 0.745
205 0.746341
210 0.747619
215 0.748837
220 0.75
225 0.746667
230 0.747826
235 0.744681
240 0.745833
245 0.746939
250 0.748
255 0.745098
260 0.738462
