44 0.909091
88 0.852273
132 0.719697
176 0.659091
220 0.627273
264 0.590909
308 0.551948
352 0.525568
396 0.5
440 0.475
484 0.456612
528 0.439394
572 0.424825
616 0.412338
660 0.401515
704 0.390625
748 0.385027
792 0.377525
836 0.370813
880 0.364773
924 0.359307
968 0.355372
1012 0.350791
1056 0.346591
1100 0.342727
1144 0.339161
1188 0.335859
1232 0.332792
1276 0.329937
1320 0.327273
1364 0.32478
1408 0.322443
1452 0.320248
1496 0.31885
1540 0.316883
1584 0.315025
1628 0.313268
1672 0.311603
1716 0.310606
1760 0.309091
1804 0.30765
1848 0.306277
1892 0.304968
1936 0.303719
1980 0.302525
2024 0.301383
2068 0.30029
2112 0.300663
2156 0.301484
2200 0.300909
