6 0.333333
12 0.25
18 0.277778
24 0.291667
30 0.266667
36 0.25
42 0.261905
48 0.229167
54 0.222222
60 0.216667
66 0.212121
72 0.208333
78 0.217949
84 0.202381
90 0.211111
96 0.208333
102 0.205882
108 0.203704
114 0.210526
120 0.208333
126 0.214286
132 0.212121
138 0.210145
144 0.215278
150 0.22
156 0.217949
162 0.209877
168 0.208333
174 0.206897
180 0.211111
186 0.209677
192 0.208333
198 0.20202
204 0.196078
210 0.195238
216 0.199074
222 0.193694
228 0.197368
234 0.196581
240 0.191667
246 0.186992
252 0.18254
258 0.186047
264 0.185606
270 0.185185
276 0.181159
282 0.180851
288 0.177083
294 0.173469
300 0.17
306 0.169935
312 0.166667
318 0.163522
324 0.160494
330 0.157576
336 0.154762
