75 0.946667
150 0.973333
225 0.982222
300 0.986667
375 0.989333
450 0.991111
525 0.992381
600 0.993333
675 0.994074
750 0.994667
825 0.995152
900 0.995556
975 0.995897
1050 0.99619
1125 0.996444
1200 0.996667
1275 0.996863
1350 0.997037
1425 0.997193
1500 0.997333
1575 0.996825
1650 0.99697
1725 0.997101
1800 0.997222
1875 0.997333
1950 0.997436
2025 0.997531
2100 0.997619
2175 0.997701
2250 0.997778
2325 0.997849
2400 0.997917
2475 0.99798
2550 0.998039
2625 0.998095
2700 0.998148
2775 0.997838
2850 0.997895
2925 0.997949
3000 0.998
3075 0.998049
3150 0.998095
3225 0.99814
3300 0.998182
3375 0.998222
3450 0.998261
3525 0.998298
3600 0.998333
3675 0.998367
3750 0.9984
