1 0
2 0
3 0
4 0
5 0
6 0
7 0
8 0
9 0
10 0
11 0
12 0
13 0
14 0
15 0.0666667
16 0.125
17 0.117647
18 0.111111
19 0.105263
20 0.15
21 0.142857
22 0.136364
23 0.130435
24 0.125
25 0.12
26 0.115385
27 0.111111
28 0.142857
29 0.137931
30 0.133333
31 0.129032
32 0.125
33 0.121212
34 0.117647
35 0.114286
36 0.111111
37 0.108108
38 0.105263
39 0.102564
40 0.1
41 0.097561
42 0.119048
43 0.116279
44 0.136364
45 0.133333
46 0.152174
47 0.148936
48 0.145833
49 0.142857
50 0.14
51 0.137255
52 0.134615
53 0.150943
54 0.148148
55 0.145455
56 0.142857
57 0.140351
58 0.137931
59 0.135593
60 0.133333
61 0.131148
62 0.129032
