46 0.456522
92 0.532609
138 0.586957
184 0.597826
230 0.617391
276 0.634058
322 0.652174
368 0.660326
414 0.673913
460 0.665217
506 0.667984
552 0.668478
598 0.673913
644 0.67236
690 0.672464
736 0.672554
782 0.679028
828 0.684783
874 0.689931
920 0.696739
966 0.698758
1012 0.701581
1058 0.701323
1104 0.701993
1150 0.706957
1196 0.710702
1242 0.70934
1288 0.713509
1334 0.712894
1380 0.715217
1426 0.715989
1472 0.717391
1518 0.716733
1564 0.716113
1610 0.713665
1656 0.709541
1702 0.710341
1748 0.709954
1794 0.710702
1840 0.711413
1886 0.712089
1932 0.711698
1978 0.711325
2024 0.711957
2070 0.712077
2116 0.712665
2162 0.711841
2208 0.712409
2254 0.712067
2300 0.711304
