3 0
6 0.5
9 0.666667
12 0.75
15 0.8
18 0.722222
21 0.714286
24 0.666667
27 0.703704
30 0.666667
33 0.636364
36 0.611111
39 0.589744
42 0.619048
45 0.622222
48 0.604167
51 0.627451
54 0.648148
57 0.666667
60 0.683333
63 0.666667
66 0.666667
69 0.681159
72 0.694444
75 0.666667
78 0.679487
81 0.679012
84 0.678571
87 0.689655
90 0.688889
93 0.688172
96 0.697917
99 0.707071
102 0.696078
105 0.695238
108 0.685185
111 0.684685
114 0.692982
117 0.700855
120 0.7
123 0.707317
126 0.714286
129 0.72093
132 0.727273
135 0.725926
138 0.724638
141 0.716312
144 0.715278
147 0.714286
150 0.706667
153 0.699346
156 0.698718
