100 0.93
200 0.965
300 0.976667
400 0.9825
500 0.986
600 0.988333
700 0.99
800 0.99125
900 0.992222
1000 0.993
1100 0.993636
1200 0.994167
1300 0.994615
1400 0.995
1500 0.995333
1600 0.995625
1700 0.995882
1800 0.996111
1900 0.996316
2000 0.9965
2100 0.996667
2200 0.996818
2300 0.996957
2400 0.997083
2500 0.9972
2600 0.997308
2700 0.997407
2800 0.9975
2900 0.997586
3000 0.997667
3100 0.997742
3200 0.997812
3300 0.997879
3400 0.997941
3500 0.998
3600 0.998056
3700 0.998108
3800 0.998158
3900 0.998205
4000 0.99825
4100 0.998293
4200 0.998333
4300 0.998372
4400 0.998409
4500 0.998444
4600 0.998478
4700 0.998511
4800 0.998542
4900 0.998571
5000 0.9986
