2 0
4 0.5
6 0.666667
8 0.625
10 0.6
12 0.666667
14 0.714286
16 0.75
18 0.777778
20 0.75
22 0.772727
24 0.791667
26 0.807692
28 0.821429
30 0.833333
32 0.84375
34 0.852941
36 0.861111
38 0.868421
40 0.875
42 0.880952
44 0.886364
46 0.891304
48 0.895833
50 0.88
52 0.884615
54 0.87037
56 0.875
58 0.87931
60 0.883333
62 0.887097
64 0.890625
66 0.893939
68 0.897059
70 0.9
72 0.902778
74 0.905405
76 0.907895
78 0.910256
80 0.9125
82 0.914634
84 0.916667
86 0.918605
88 0.920455
90 0.9
92 0.902174
94 0.904255
96 0.90625
98 0.908163
100 0.9
102 0.901961
104 0.903846
106 0.90566
108 0.907407
110 0.909091
112 0.910714
114 0.912281
116 0.913793
118 0.915254
120 0.916667
122 0.918033
124 0.919355
126 0.912698
128 0.90625
130 0.907692
132 0.909091
134 0.910448
136 0.911765
