1 0
2 0
3 0
4 0
5 0.2
6 0.166667
7 0.142857
8 0.125
9 0.111111
10 0.1
11 0.0909091
12 0.0833333
13 0.0769231
14 0.0714286
15 0.0666667
16 0.0625
17 0.0588235
18 0.0555556
19 0.0526316
20 0.05
21 0.047619
22 0.0454545
23 0.0434783
24 0.0416667
25 0.04
26 0.0384615
27 0.037037
28 0.0357143
29 0.0344828
30 0.0333333
31 0.0322581
32 0.0625
33 0.0606061
34 0.0588235
35 0.0571429
36 0.0555556
37 0.0540541
38 0.0526316
39 0.0512821
40 0.05
41 0.0487805
42 0.047619
43 0.0465116
44 0.0454545
45 0.0444444
46 0.0434783
47 0.0425532
48 0.0416667
49 0.0408163
50 0.04
51 0.0392157
52 0.0384615
