3 0.666667
6 0.333333
9 0.222222
12 0.25
15 0.2
18 0.166667
21 0.142857
24 0.166667
27 0.148148
30 0.133333
33 0.121212
36 0.111111
39 0.102564
42 0.0952381
45 0.0888889
48 0.104167
51 0.0980392
54 0.0925926
57 0.105263
60 0.1
63 0.0952381
66 0.106061
69 0.115942
72 0.111111
75 0.106667
78 0.102564
81 0.0987654
84 0.0952381
87 0.091954
90 0.1
93 0.0967742
96 0.09375
99 0.0909091
102 0.0882353
105 0.0857143
108 0.0833333
111 0.0810811
114 0.0877193
117 0.0940171
120 0.1
123 0.105691
126 0.103175
129 0.100775
132 0.0984848
135 0.0962963
138 0.101449
141 0.0992908
144 0.0972222
147 0.0952381
150 0.0933333
153 0.0915033
156 0.0897436
159 0.0880503
162 0.0864198
165 0.0848485
168 0.0833333
171 0.0818713
174 0.0804598
177 0.079096
180 0.0777778
183 0.0765027
186 0.0752688
189 0.0740741
192 0.0729167
195 0.0717949
