43 0.232558
86 0.232558
129 0.217054
172 0.186047
215 0.172093
258 0.151163
301 0.146179
344 0.142442
387 0.136951
430 0.127907
473 0.120507
516 0.118217
559 0.112701
602 0.106312
645 0.100775
688 0.0959302
731 0.0916553
774 0.0865633
817 0.0820073
860 0.077907
903 0.0775194
946 0.0750529
989 0.0738119
1032 0.0707364
1075 0.0697674
1118 0.0679785
1161 0.0663221
1204 0.0639535
1247 0.0617482
1290 0.0612403
1333 0.060015
1376 0.0588663
1419 0.0577872
1462 0.0560876
1505 0.0564784
1548 0.0555556
1591 0.0540541
1634 0.0526316
1677 0.0524747
1720 0.0511628
1763 0.0510493
1806 0.0498339
1849 0.0492158
1892 0.0491543
1935 0.048062
1978 0.0470172
2021 0.0465116
2064 0.0465116
2107 0.0455624
2150 0.0446512
