1 0
2 0
3 0
4 0
5 0
6 0
7 0.142857
8 0.25
9 0.222222
10 0.3
11 0.272727
12 0.333333
13 0.307692
14 0.285714
15 0.333333
16 0.375
17 0.411765
18 0.444444
19 0.473684
20 0.5
21 0.52381
22 0.545455
23 0.565217
24 0.583333
25 0.6
26 0.615385
27 0.62963
28 0.642857
29 0.655172
30 0.666667
31 0.677419
32 0.6875
33 0.69697
34 0.705882
35 0.685714
36 0.694444
37 0.702703
38 0.710526
39 0.717949
40 0.7
41 0.682927
42 0.690476
43 0.697674
44 0.704545
45 0.688889
46 0.695652
47 0.702128
48 0.6875
49 0.693878
50 0.7
51 0.686275
52 0.692308
53 0.698113
54 0.703704
55 0.709091
56 0.714286
57 0.719298
58 0.724138
59 0.728814
60 0.733333
61 0.737705
62 0.741935
63 0.746032
64 0.75
65 0.753846
66 0.757576
67 0.761194
68 0.764706
69 0.768116
70 0.757143
71 0.760563
72 0.763889
73 0.767123
74 0.77027
75 0.773333
76 0.763158
77 0.766234
78 0.769231
79 0.772152
80 0.775
81 0.777778
82 0.780488
83 0.783133
84 0.785714
85 0.788235
86 0.790698
87 0.793103
88 0.784091
89 0.775281
90 0.777778
91 0.78022
92 0.782609
93 0.774194
94 0.776596
95 0.778947
96 0.770833
