45 0.911111
90 0.844444
135 0.711111
180 0.655556
225 0.622222
270 0.585185
315 0.546032
360 0.519444
405 0.491358
450 0.468889
495 0.448485
540 0.431481
585 0.417094
630 0.404762
675 0.394074
720 0.384722
765 0.376471
810 0.369136
855 0.363743
900 0.357778
945 0.352381
990 0.348485
1035 0.343961
1080 0.339815
1125 0.336889
1170 0.333333
1215 0.330041
1260 0.326984
1305 0.324904
1350 0.322222
1395 0.319713
1440 0.317361
1485 0.315825
1530 0.313725
1575 0.311746
1620 0.309877
1665 0.308709
1710 0.307018
1755 0.305413
1800 0.303889
1845 0.302981
1890 0.301587
1935 0.300258
1980 0.29899
2025 0.298272
2070 0.297101
2115 0.295981
2160 0.295833
2205 0.295238
2250 0.295111
