20 0.35
40 0.625
60 0.683333
80 0.7125
100 0.72
120 0.741667
140 0.742857
160 0.75625
180 0.755556
200 0.725
220 0.718182
240 0.7125
260 0.707692
280 0.696429
300 0.69
320 0.684375
340 0.682353
360 0.688889
380 0.697368
400 0.6975
420 0.690476
440 0.688636
460 0.68913
480 0.683333
500 0.684
520 0.680769
540 0.675926
560 0.669643
580 0.663793
600 0.661667
620 0.656452
640 0.651563
660 0.643939
680 0.636765
700 0.635714
720 0.627778
740 0.632432
760 0.625
780 0.624359
800 0.6225
820 0.623171
840 0.617857
860 0.615116
880 0.610227
900 0.604444
920 0.605435
940 0.602128
960 0.603125
980 0.602041
1000 0.601
