2 0.5
4 0.5
6 0.5
8 0.625
10 0.7
12 0.583333
14 0.571429
16 0.5
18 0.5
20 0.55
22 0.545455
24 0.583333
26 0.615385
28 0.642857
30 0.633333
32 0.625
34 0.617647
36 0.611111
38 0.631579
40 0.625
42 0.642857
44 0.636364
46 0.652174
48 0.645833
50 0.66
52 0.634615
54 0.648148
56 0.660714
58 0.655172
60 0.666667
62 0.677419
64 0.671875
66 0.681818
68 0.691176
70 0.685714
72 0.694444
74 0.689189
76 0.697368
78 0.705128
80 0.7125
82 0.695122
84 0.702381
86 0.697674
88 0.693182
90 0.688889
92 0.695652
94 0.680851
96 0.666667
98 0.653061
100 0.66
102 0.656863
104 0.653846
106 0.641509
108 0.648148
110 0.636364
112 0.633929
114 0.631579
116 0.637931
118 0.644068
120 0.65
122 0.639344
124 0.645161
126 0.650794
128 0.640625
130 0.638462
132 0.643939
134 0.641791
136 0.647059
138 0.652174
140 0.657143
142 0.65493
144 0.659722
146 0.650685
148 0.648649
