4 0.5
8 0.625
12 0.5
16 0.5625
20 0.55
24 0.541667
28 0.535714
32 0.53125
36 0.555556
40 0.575
44 0.590909
48 0.5625
52 0.557692
56 0.571429
60 0.566667
64 0.546875
68 0.544118
72 0.555556
76 0.539474
80 0.5375
84 0.547619
88 0.568182
92 0.576087
96 0.572917
100 0.58
104 0.567308
108 0.574074
112 0.580357
116 0.560345
120 0.55
124 0.540323
128 0.53125
132 0.522727
136 0.507353
140 0.507143
144 0.493056
148 0.486486
152 0.5
156 0.50641
160 0.51875
164 0.518293
168 0.517857
172 0.511628
176 0.511364
180 0.505556
184 0.505435
188 0.515957
192 0.515625
196 0.520408
200 0.53
204 0.52451
208 0.528846
212 0.537736
216 0.541667
220 0.55
224 0.553571
