10 0.5
20 0.55
30 0.633333
40 0.6
50 0.56
60 0.55
70 0.528571
80 0.5375
90 0.566667
100 0.58
110 0.581818
120 0.6
130 0.569231
140 0.564286
150 0.56
160 0.56875
170 0.588235
180 0.594444
190 0.615789
200 0.61
210 0.614286
220 0.631818
230 0.647826
240 0.654167
250 0.668
260 0.673077
270 0.677778
280 0.689286
290 0.696552
300 0.706667
310 0.716129
320 0.725
330 0.733333
340 0.741176
350 0.748571
360 0.752778
370 0.751351
380 0.755263
390 0.758974
400 0.76
410 0.763415
420 0.766667
430 0.772093
440 0.777273
450 0.782222
460 0.786957
470 0.791489
480 0.795833
490 0.8
500 0.804
