3 0
6 0.166667
9 0.222222
12 0.25
15 0.266667
18 0.277778
21 0.333333
24 0.375
27 0.444444
30 0.5
33 0.515152
36 0.555556
39 0.538462
42 0.5
45 0.511111
48 0.5
51 0.490196
54 0.518519
57 0.508772
60 0.483333
63 0.460317
66 0.439394
69 0.42029
72 0.416667
75 0.426667
78 0.435897
81 0.45679
84 0.464286
87 0.471264
90 0.455556
93 0.451613
96 0.447917
99 0.464646
102 0.480392
105 0.495238
108 0.5
111 0.504505
114 0.517544
117 0.521368
120 0.533333
123 0.520325
126 0.515873
129 0.511628
132 0.507576
135 0.496296
138 0.507246
141 0.51773
144 0.513889
147 0.517007
150 0.526667
153 0.535948
156 0.532051
159 0.540881
162 0.54321
165 0.551515
168 0.553571
171 0.549708
174 0.557471
177 0.564972
180 0.572222
183 0.568306
186 0.569892
189 0.57672
