43 0.255814
86 0.197674
129 0.178295
172 0.162791
215 0.162791
258 0.158915
301 0.172757
344 0.177326
387 0.175711
430 0.169767
473 0.167019
516 0.166667
559 0.155635
602 0.152824
645 0.142636
688 0.143895
731 0.139535
774 0.138243
817 0.134639
860 0.133721
903 0.131783
946 0.134249
989 0.134479
1032 0.132752
1075 0.129302
1118 0.127013
1161 0.13006
1204 0.13206
1247 0.132318
1290 0.129457
1333 0.129032
1376 0.126453
1419 0.126145
1462 0.127223
1505 0.127575
1548 0.127907
1591 0.126964
1634 0.126071
1677 0.12582
1720 0.123837
1763 0.123653
1806 0.122924
1849 0.121147
1892 0.11945
1935 0.118346
1978 0.119312
2021 0.117763
2064 0.117248
2107 0.116279
2150 0.116279
