3 0
6 0.5
9 0.555556
12 0.666667
15 0.733333
18 0.666667
21 0.571429
24 0.541667
27 0.555556
30 0.533333
33 0.484848
36 0.472222
39 0.487179
42 0.5
45 0.511111
48 0.479167
51 0.490196
54 0.481481
57 0.491228
60 0.483333
63 0.47619
66 0.484848
69 0.463768
72 0.472222
75 0.453333
78 0.435897
81 0.419753
84 0.416667
87 0.425287
90 0.422222
93 0.419355
96 0.416667
99 0.424242
102 0.421569
105 0.419048
108 0.416667
111 0.405405
114 0.412281
117 0.418803
120 0.408333
123 0.406504
126 0.404762
129 0.403101
132 0.409091
135 0.407407
138 0.405797
141 0.404255
144 0.409722
147 0.414966
150 0.406667
153 0.405229
156 0.397436
