63 0.984127
126 0.992063
189 0.994709
252 0.996032
315 0.996825
378 0.997354
441 0.997732
504 0.998016
567 0.998236
630 0.998413
693 0.998557
756 0.998677
819 0.993895
882 0.994331
945 0.994709
1008 0.99504
1071 0.995331
1134 0.995591
1197 0.995823
1260 0.996032
1323 0.996221
1386 0.996392
1449 0.996549
1512 0.996693
1575 0.993651
1638 0.993895
1701 0.994121
1764 0.994331
1827 0.994527
1890 0.994709
1953 0.99488
2016 0.99504
2079 0.99519
2142 0.995331
2205 0.995465
2268 0.995591
2331 0.99571
2394 0.995823
2457 0.99593
2520 0.996032
2583 0.996129
2646 0.996221
2709 0.996309
2772 0.996392
2835 0.996473
2898 0.996549
2961 0.996623
3024 0.996693
3087 0.996761
3150 0.996825
