7 0.285714
14 0.642857
21 0.666667
28 0.714286
35 0.742857
42 0.785714
49 0.816327
56 0.821429
63 0.84127
70 0.857143
77 0.87013
84 0.880952
91 0.89011
98 0.897959
105 0.904762
112 0.910714
119 0.915966
126 0.920635
133 0.924812
140 0.928571
147 0.931973
154 0.935065
161 0.937888
168 0.940476
175 0.942857
182 0.945055
189 0.94709
196 0.94898
203 0.950739
210 0.952381
217 0.953917
224 0.955357
231 0.95671
238 0.957983
245 0.959184
252 0.960317
259 0.96139
266 0.962406
273 0.96337
280 0.964286
287 0.965157
294 0.965986
301 0.966777
308 0.967532
315 0.968254
322 0.968944
329 0.969605
336 0.970238
343 0.970845
350 0.971429
