75 0.96
150 0.98
225 0.986667
300 0.99
375 0.992
450 0.993333
525 0.994286
600 0.995
675 0.995556
750 0.996
825 0.996364
900 0.996667
975 0.996923
1050 0.997143
1125 0.997333
1200 0.9975
1275 0.997647
1350 0.997778
1425 0.997895
1500 0.998
1575 0.998095
1650 0.998182
1725 0.998261
1800 0.998333
1875 0.9984
1950 0.998462
2025 0.998519
2100 0.998571
2175 0.998621
2250 0.998667
2325 0.99871
2400 0.99875
2475 0.998788
2550 0.998824
2625 0.998857
2700 0.998889
2775 0.998919
2850 0.998947
2925 0.998974
3000 0.999
3075 0.999024
3150 0.999048
3225 0.99907
3300 0.999091
3375 0.999111
3450 0.99913
3525 0.999149
3600 0.999167
3675 0.999184
3750 0.9992
