1 0
2 0
3 0
4 0
5 0
6 0
7 0
8 0
9 0
10 0
11 0
12 0
13 0
14 0
15 0.0666667
16 0.125
17 0.117647
18 0.111111
19 0.105263
20 0.15
21 0.142857
22 0.136364
23 0.130435
24 0.125
25 0.12
26 0.115385
27 0.111111
28 0.142857
29 0.137931
30 0.133333
31 0.129032
32 0.125
33 0.121212
34 0.117647
35 0.114286
36 0.111111
37 0.108108
38 0.105263
39 0.102564
40 0.125
41 0.121951
42 0.142857
43 0.139535
44 0.159091
45 0.155556
46 0.173913
47 0.170213
48 0.166667
49 0.163265
50 0.16
51 0.156863
52 0.153846
53 0.169811
54 0.166667
55 0.163636
56 0.160714
57 0.175439
58 0.172414
59 0.169492
60 0.166667
61 0.163934
62 0.16129
