1 0
2 0
3 0.333333
4 0.5
5 0.6
6 0.5
7 0.428571
8 0.375
9 0.333333
10 0.3
11 0.272727
12 0.25
13 0.307692
14 0.285714
15 0.266667
16 0.25
17 0.235294
18 0.277778
19 0.263158
20 0.3
21 0.333333
22 0.318182
23 0.304348
24 0.333333
25 0.32
26 0.307692
27 0.296296
28 0.321429
29 0.310345
30 0.3
31 0.290323
32 0.28125
33 0.272727
34 0.294118
35 0.285714
36 0.305556
37 0.324324
38 0.315789
39 0.307692
40 0.325
41 0.317073
42 0.309524
43 0.325581
44 0.340909
45 0.333333
46 0.326087
47 0.319149
48 0.333333
49 0.326531
50 0.34
51 0.352941
52 0.365385
53 0.377358
54 0.37037
55 0.363636
