16 0.5625
32 0.6875
48 0.770833
64 0.8125
80 0.8375
96 0.864583
112 0.883929
128 0.898438
144 0.909722
160 0.91875
176 0.926136
192 0.932292
208 0.9375
224 0.941964
240 0.945833
256 0.949219
272 0.952206
288 0.954861
304 0.957237
320 0.959375
336 0.96131
352 0.963068
368 0.964674
384 0.966146
400 0.9675
416 0.96875
432 0.969907
448 0.970982
464 0.971983
480 0.972917
496 0.97379
512 0.974609
528 0.975379
544 0.976103
560 0.976786
576 0.977431
592 0.978041
608 0.978618
624 0.979167
640 0.979688
656 0.980183
672 0.980655
688 0.981105
704 0.981534
720 0.981944
736 0.982337
752 0.982713
768 0.983073
784 0.983418
800 0.98375
816 0.984069
832 0.984375
