4 0.25
8 0.5
12 0.5
16 0.5625
20 0.55
24 0.583333
28 0.642857
32 0.625
36 0.611111
40 0.65
44 0.681818
48 0.708333
52 0.730769
56 0.732143
60 0.75
64 0.765625
68 0.764706
72 0.75
76 0.736842
80 0.75
84 0.738095
88 0.75
92 0.75
96 0.760417
100 0.77
104 0.778846
108 0.787037
112 0.794643
116 0.801724
120 0.808333
124 0.814516
128 0.820312
132 0.818182
136 0.808824
140 0.807143
144 0.8125
148 0.817568
152 0.822368
156 0.820513
160 0.825
164 0.829268
168 0.833333
172 0.837209
176 0.835227
180 0.833333
184 0.831522
188 0.835106
192 0.833333
196 0.831633
200 0.825
204 0.828431
