43 0.255814
86 0.372093
129 0.434109
172 0.476744
215 0.544186
258 0.577519
301 0.604651
344 0.639535
387 0.666667
430 0.683721
473 0.704017
516 0.717054
559 0.733453
602 0.747508
645 0.753488
688 0.765988
731 0.777018
774 0.782946
817 0.789474
860 0.797674
903 0.802879
946 0.807611
989 0.811931
1032 0.818798
1075 0.821395
1118 0.824687
1161 0.830319
1204 0.833887
1247 0.836407
1290 0.839535
1333 0.843961
1376 0.848837
1419 0.852713
1462 0.855677
1505 0.859136
1548 0.861757
1591 0.865493
1634 0.867809
1677 0.870602
1720 0.872093
1763 0.874078
1806 0.875969
1849 0.877231
1892 0.880021
1935 0.881654
1978 0.883721
2021 0.883721
2064 0.885659
2107 0.887992
2150 0.890233
