2 0
4 0
6 0.166667
8 0.125
10 0.2
12 0.333333
14 0.285714
16 0.25
18 0.222222
20 0.3
22 0.318182
24 0.291667
26 0.307692
28 0.321429
30 0.333333
32 0.3125
34 0.323529
36 0.361111
38 0.394737
40 0.425
42 0.428571
44 0.454545
46 0.478261
48 0.479167
50 0.5
52 0.519231
54 0.537037
56 0.553571
58 0.551724
60 0.566667
62 0.580645
64 0.59375
66 0.606061
68 0.617647
70 0.628571
72 0.638889
74 0.648649
76 0.644737
78 0.653846
80 0.6625
82 0.670732
84 0.678571
86 0.686047
88 0.681818
90 0.688889
92 0.695652
94 0.691489
96 0.6875
98 0.693878
100 0.7
102 0.696078
104 0.701923
106 0.707547
108 0.712963
110 0.718182
112 0.714286
114 0.719298
116 0.724138
118 0.728814
120 0.733333
122 0.737705
124 0.741935
