7 0.714286
14 0.785714
21 0.714286
28 0.714286
35 0.771429
42 0.809524
49 0.816327
56 0.785714
63 0.809524
70 0.8
77 0.818182
84 0.833333
91 0.824176
98 0.826531
105 0.828571
112 0.821429
119 0.831933
126 0.833333
133 0.834586
140 0.842857
147 0.836735
154 0.844156
161 0.850932
168 0.85119
175 0.857143
182 0.862637
189 0.867725
196 0.862245
203 0.866995
210 0.866667
217 0.870968
224 0.875
231 0.878788
238 0.882353
245 0.881633
252 0.884921
259 0.888031
266 0.890977
273 0.886447
280 0.889286
287 0.888502
294 0.891156
301 0.893688
308 0.896104
315 0.898413
322 0.900621
329 0.899696
336 0.895833
343 0.897959
350 0.9
357 0.901961
364 0.903846
371 0.90566
378 0.907407
385 0.909091
392 0.910714
