1 0
2 0
3 0
4 0
5 0
6 0
7 0
8 0
9 0
10 0
11 0
12 0
13 0
14 0.0714286
15 0.133333
16 0.1875
17 0.176471
18 0.166667
19 0.157895
20 0.2
21 0.190476
22 0.181818
23 0.173913
24 0.166667
25 0.16
26 0.153846
27 0.185185
28 0.214286
29 0.206897
30 0.2
31 0.193548
32 0.1875
33 0.181818
34 0.176471
35 0.171429
36 0.166667
37 0.162162
38 0.184211
39 0.179487
40 0.2
41 0.195122
42 0.214286
43 0.209302
44 0.227273
45 0.222222
46 0.23913
47 0.255319
48 0.25
49 0.265306
50 0.28
51 0.294118
52 0.307692
53 0.320755
54 0.314815
55 0.309091
56 0.321429
57 0.333333
58 0.344828
59 0.355932
60 0.366667
61 0.377049
62 0.387097
