4 0.75
8 0.875
12 0.916667
16 0.9375
20 0.95
24 0.958333
28 0.964286
32 0.96875
36 0.972222
40 0.975
44 0.977273
48 0.979167
52 0.980769
56 0.982143
60 0.983333
64 0.984375
68 0.985294
72 0.986111
76 0.986842
80 0.9875
84 0.988095
88 0.988636
92 0.98913
96 0.989583
100 0.96
104 0.942308
108 0.944444
112 0.946429
116 0.948276
120 0.95
124 0.951613
128 0.953125
132 0.954545
136 0.955882
140 0.957143
144 0.958333
148 0.959459
152 0.960526
156 0.961538
160 0.9625
164 0.963415
168 0.964286
172 0.965116
176 0.965909
180 0.966667
184 0.967391
188 0.968085
192 0.96875
196 0.969388
200 0.97
204 0.970588
208 0.971154
