3 0.333333
6 0.5
9 0.444444
12 0.5
15 0.6
18 0.611111
21 0.619048
24 0.666667
27 0.703704
30 0.733333
33 0.757576
36 0.777778
39 0.74359
42 0.761905
45 0.733333
48 0.75
51 0.764706
54 0.777778
57 0.789474
60 0.8
63 0.809524
66 0.818182
69 0.826087
72 0.833333
75 0.826667
78 0.820513
81 0.814815
84 0.821429
87 0.827586
90 0.822222
93 0.817204
96 0.822917
99 0.828283
102 0.833333
105 0.838095
108 0.833333
111 0.828829
114 0.833333
117 0.837607
120 0.841667
123 0.845528
126 0.849206
129 0.852713
132 0.840909
135 0.837037
138 0.84058
141 0.829787
144 0.826389
147 0.829932
150 0.833333
153 0.836601
156 0.826923
159 0.830189
162 0.82716
165 0.830303
