46 0.608696
92 0.717391
138 0.775362
184 0.820652
230 0.852174
276 0.876812
322 0.888199
368 0.902174
414 0.913043
460 0.921739
506 0.928854
552 0.932971
598 0.938127
644 0.942547
690 0.946377
736 0.949728
782 0.952685
828 0.955314
874 0.957666
920 0.959783
966 0.961698
1012 0.963439
1058 0.964083
1104 0.96558
1150 0.966957
1196 0.968227
1242 0.968599
1288 0.96972
1334 0.970015
1380 0.971014
1426 0.97195
1472 0.972826
1518 0.97365
1564 0.974425
1610 0.975155
1656 0.975242
1702 0.975911
1748 0.975973
1794 0.976589
1840 0.977174
1886 0.977731
1932 0.977226
1978 0.977755
2024 0.978261
2070 0.978744
2116 0.979206
2162 0.979648
2208 0.980072
2254 0.980479
2300 0.98087
