5 0.2
10 0.1
15 0.133333
20 0.2
25 0.2
30 0.2
35 0.228571
40 0.25
45 0.266667
50 0.24
55 0.218182
60 0.2
65 0.2
70 0.185714
75 0.173333
80 0.1625
85 0.152941
90 0.155556
95 0.147368
100 0.17
105 0.180952
110 0.190909
115 0.182609
120 0.183333
125 0.176
130 0.184615
135 0.185185
140 0.2
145 0.2
150 0.206667
155 0.219355
160 0.2125
165 0.212121
170 0.217647
175 0.222857
180 0.227778
185 0.221622
190 0.226316
195 0.225641
200 0.23
205 0.22439
210 0.22381
215 0.223256
220 0.218182
225 0.222222
230 0.217391
235 0.212766
240 0.208333
245 0.208163
250 0.204
