5 0.2
10 0.4
15 0.466667
20 0.55
25 0.64
30 0.7
35 0.685714
40 0.7
45 0.688889
50 0.72
55 0.745455
60 0.766667
65 0.784615
70 0.785714
75 0.8
80 0.8
85 0.8
90 0.811111
95 0.821053
100 0.83
105 0.838095
110 0.845455
115 0.852174
120 0.858333
125 0.864
130 0.869231
135 0.874074
140 0.871429
145 0.868966
150 0.873333
155 0.877419
160 0.88125
165 0.884848
170 0.888235
175 0.891429
180 0.894444
185 0.897297
190 0.9
195 0.902564
200 0.905
205 0.907317
210 0.909524
215 0.911628
220 0.913636
225 0.915556
230 0.917391
235 0.919149
240 0.920833
245 0.922449
250 0.924
255 0.92549
260 0.926923
265 0.928302
270 0.92963
275 0.930909
280 0.932143
285 0.933333
