20 0.35
40 0.525
60 0.533333
80 0.5625
100 0.51
120 0.508333
140 0.485714
160 0.475
180 0.488889
200 0.5
220 0.472727
240 0.466667
260 0.45
280 0.435714
300 0.416667
320 0.415625
340 0.414706
360 0.408333
380 0.402632
400 0.3875
420 0.385714
440 0.381818
460 0.380435
480 0.377083
500 0.372
520 0.371154
540 0.372222
560 0.378571
580 0.375862
600 0.383333
620 0.383871
640 0.382812
660 0.386364
680 0.380882
700 0.37
720 0.368056
740 0.371622
760 0.371053
780 0.367949
800 0.36625
820 0.364634
840 0.366667
860 0.366279
880 0.3625
900 0.358889
920 0.358696
940 0.359574
960 0.360417
980 0.359184
1000 0.356
