1 0
2 0
3 0.333333
4 0.25
5 0.2
6 0.166667
7 0.142857
8 0.125
9 0.222222
10 0.3
11 0.363636
12 0.416667
13 0.461538
14 0.5
15 0.533333
16 0.5625
17 0.529412
18 0.5
19 0.526316
20 0.5
21 0.52381
22 0.545455
23 0.565217
24 0.583333
25 0.6
26 0.615385
27 0.592593
28 0.571429
29 0.551724
30 0.566667
31 0.580645
32 0.5625
33 0.575758
34 0.558824
35 0.571429
36 0.583333
37 0.594595
38 0.605263
39 0.589744
40 0.6
41 0.609756
42 0.619048
43 0.627907
44 0.636364
45 0.644444
46 0.652174
47 0.659574
48 0.645833
49 0.653061
50 0.64
51 0.647059
52 0.653846
53 0.660377
54 0.666667
55 0.672727
56 0.678571
57 0.684211
58 0.689655
59 0.694915
60 0.7
61 0.704918
62 0.693548
63 0.698413
64 0.703125
65 0.707692
66 0.712121
67 0.716418
68 0.705882
69 0.710145
70 0.7
71 0.704225
72 0.694444
73 0.69863
74 0.702703
75 0.706667
76 0.697368
77 0.701299
78 0.705128
79 0.708861
80 0.7125
81 0.716049
82 0.719512
83 0.722892
84 0.72619
85 0.729412
86 0.732558
87 0.735632
88 0.738636
89 0.741573
90 0.744444
91 0.747253
92 0.75
93 0.752688
