75 0.933333
150 0.96
225 0.973333
300 0.98
375 0.984
450 0.984444
525 0.986667
600 0.988333
675 0.98963
750 0.990667
825 0.991515
900 0.992222
975 0.992821
1050 0.993333
1125 0.993778
1200 0.994167
1275 0.99451
1350 0.994815
1425 0.995088
1500 0.995333
1575 0.995556
1650 0.995758
1725 0.995942
1800 0.996111
1875 0.996267
1950 0.99641
2025 0.996543
2100 0.996667
2175 0.996782
2250 0.996889
2325 0.996989
2400 0.997083
2475 0.997172
2550 0.997255
2625 0.997333
2700 0.997407
2775 0.997477
2850 0.997544
2925 0.997607
3000 0.997667
3075 0.997724
3150 0.997778
3225 0.997829
3300 0.997879
3375 0.997926
3450 0.997971
3525 0.998014
3600 0.998056
3675 0.998095
3750 0.998133
