100 0.66
200 0.745
300 0.77
400 0.76
500 0.774
600 0.773333
700 0.787143
800 0.78625
900 0.79
1000 0.791
1100 0.792727
1200 0.790833
1300 0.790769
1400 0.800714
1500 0.8
1600 0.803125
1700 0.801176
1800 0.804444
1900 0.803158
2000 0.8035
2100 0.801429
2200 0.802273
2300 0.802609
2400 0.804167
2500 0.8048
2600 0.806538
2700 0.808148
2800 0.808929
2900 0.808621
3000 0.808333
3100 0.806129
3200 0.807187
3300 0.807879
3400 0.808529
3500 0.808857
3600 0.810278
3700 0.812162
3800 0.813158
3900 0.814359
4000 0.816
4100 0.817805
4200 0.818333
4300 0.816977
4400 0.815909
4500 0.815556
4600 0.815217
4700 0.815745
4800 0.815
4900 0.815918
5000 0.8158
