7 0
14 0.214286
21 0.285714
28 0.321429
35 0.371429
42 0.452381
49 0.510204
56 0.535714
63 0.587302
70 0.6
77 0.636364
84 0.642857
91 0.659341
98 0.653061
105 0.67619
112 0.669643
119 0.672269
126 0.674603
133 0.691729
140 0.7
147 0.70068
154 0.714286
161 0.720497
168 0.714286
175 0.725714
182 0.736264
189 0.740741
196 0.75
203 0.753695
210 0.761905
217 0.769585
224 0.776786
231 0.78355
238 0.785714
245 0.791837
252 0.797619
259 0.799228
266 0.800752
273 0.805861
280 0.810714
287 0.815331
294 0.816327
301 0.820598
308 0.821429
315 0.822222
322 0.826087
329 0.829787
336 0.833333
343 0.833819
350 0.837143
