10 0
20 0
30 0
40 0
50 0
60 0
70 0
80 0
90 0
100 0.03
110 0.118182
120 0.191667
130 0.176923
140 0.164286
150 0.186667
160 0.2375
170 0.270588
180 0.255556
190 0.242105
200 0.265
210 0.3
220 0.327273
230 0.356522
240 0.383333
250 0.368
260 0.353846
270 0.359259
280 0.382143
290 0.396552
300 0.383333
310 0.370968
320 0.38125
330 0.4
340 0.414706
350 0.431429
360 0.447222
370 0.435135
380 0.423684
390 0.425641
400 0.44
410 0.45122
420 0.464286
430 0.476744
440 0.486364
450 0.497778
460 0.5
470 0.489362
480 0.479167
490 0.469388
500 0.46
510 0.460784
520 0.471154
