8 0
16 0.25
24 0.208333
32 0.28125
40 0.325
48 0.291667
56 0.25
64 0.265625
72 0.277778
80 0.3125
88 0.306818
96 0.302083
104 0.298077
112 0.285714
120 0.291667
128 0.304688
136 0.308824
144 0.333333
152 0.322368
160 0.33125
168 0.339286
176 0.346591
184 0.353261
192 0.364583
200 0.365
208 0.365385
216 0.375
224 0.388393
232 0.405172
240 0.420833
248 0.427419
256 0.429688
264 0.431818
272 0.430147
280 0.442857
288 0.451389
296 0.459459
304 0.463816
312 0.461538
320 0.46875
328 0.478659
336 0.488095
344 0.491279
352 0.497159
360 0.508333
368 0.519022
376 0.526596
384 0.53125
392 0.538265
400 0.5475
408 0.553922
416 0.5625
