1 0
2 0
3 0.333333
4 0.25
5 0.2
6 0.166667
7 0.142857
8 0.125
9 0.111111
10 0.1
11 0.0909091
12 0.0833333
13 0.0769231
14 0.0714286
15 0.0666667
16 0.0625
17 0.0588235
18 0.0555556
19 0.0526316
20 0.05
21 0.047619
22 0.0454545
23 0.0434783
24 0.0416667
25 0.04
26 0.0384615
27 0.037037
28 0.0357143
29 0.0344828
30 0.0333333
31 0.0322581
32 0.03125
33 0.030303
34 0.0294118
35 0.0285714
36 0.0277778
37 0.027027
38 0.0263158
39 0.025641
40 0.025
41 0.0243902
42 0.0238095
43 0.0232558
44 0.0227273
45 0.0222222
46 0.0217391
47 0.0212766
48 0.0208333
49 0.0204082
50 0.02
51 0.0196078
52 0.0192308
53 0.0188679
54 0.0185185
55 0.0181818
56 0.0178571
57 0.0350877
58 0.0344828
59 0.0338983
60 0.0333333
