5 0.2
10 0.1
15 0.133333
20 0.25
25 0.28
30 0.3
35 0.342857
40 0.375
45 0.377778
50 0.36
55 0.345455
60 0.35
65 0.338462
70 0.342857
75 0.333333
80 0.325
85 0.305882
90 0.322222
95 0.347368
100 0.38
105 0.390476
110 0.4
115 0.408696
120 0.425
125 0.432
130 0.446154
135 0.459259
140 0.471429
145 0.475862
150 0.473333
155 0.477419
160 0.48125
165 0.484848
170 0.482353
175 0.497143
180 0.505556
185 0.508108
190 0.510526
195 0.507692
200 0.515
205 0.517073
210 0.519048
215 0.530233
220 0.522727
225 0.528889
230 0.530435
235 0.531915
240 0.525
245 0.518367
250 0.512
