2 0
4 0.25
6 0.333333
8 0.25
10 0.3
12 0.333333
14 0.285714
16 0.3125
18 0.333333
20 0.35
22 0.318182
24 0.291667
26 0.269231
28 0.25
30 0.266667
32 0.25
34 0.235294
36 0.25
38 0.236842
40 0.225
42 0.214286
44 0.204545
46 0.195652
48 0.208333
50 0.22
52 0.230769
54 0.222222
56 0.214286
58 0.206897
60 0.2
62 0.209677
64 0.203125
66 0.212121
68 0.205882
70 0.214286
72 0.208333
74 0.216216
76 0.210526
78 0.205128
80 0.2
82 0.195122
84 0.202381
86 0.22093
88 0.215909
90 0.211111
92 0.206522
94 0.202128
96 0.197917
98 0.193878
100 0.19
102 0.186275
104 0.182692
106 0.179245
108 0.175926
110 0.181818
112 0.178571
114 0.175439
116 0.172414
118 0.177966
120 0.183333
122 0.180328
124 0.177419
126 0.18254
128 0.179688
130 0.176923
