7 0.571429
14 0.428571
21 0.47619
28 0.392857
35 0.485714
42 0.452381
49 0.428571
56 0.428571
63 0.396825
70 0.371429
77 0.38961
84 0.369048
91 0.351648
98 0.336735
105 0.352381
112 0.348214
119 0.336134
126 0.333333
133 0.345865
140 0.328571
147 0.312925
154 0.305195
161 0.291925
168 0.309524
175 0.308571
182 0.307692
189 0.301587
196 0.290816
203 0.280788
210 0.271429
217 0.262673
224 0.258929
231 0.25974
238 0.252101
245 0.244898
252 0.238095
259 0.23166
266 0.233083
273 0.227106
280 0.225
287 0.219512
294 0.217687
301 0.215947
308 0.214286
315 0.215873
322 0.21118
329 0.212766
336 0.208333
343 0.209913
350 0.208571
357 0.210084
364 0.217033
371 0.215633
378 0.214286
385 0.218182
392 0.221939
