400 0.7
800 0.835
1200 0.8875
1600 0.9125
2000 0.9295
2400 0.94125
2800 0.949643
3200 0.955937
3600 0.960556
4000 0.9645
4400 0.967727
4800 0.970417
5200 0.972692
5600 0.974464
6000 0.976167
6400 0.977656
6800 0.978971
7200 0.980139
7600 0.981184
8000 0.982125
8400 0.982976
8800 0.98375
9200 0.984457
9600 0.985104
10000 0.9857
10400 0.98625
10800 0.986759
11200 0.987232
11600 0.987672
12000 0.988083
12400 0.988468
12800 0.988828
13200 0.989167
13600 0.989485
14000 0.989786
14400 0.990069
14800 0.990338
15200 0.990592
15600 0.990833
16000 0.991062
16400 0.99128
16800 0.991488
17200 0.991686
17600 0.991875
18000 0.992056
18400 0.992228
18800 0.992394
19200 0.992552
19600 0.992704
20000 0.99285
