4 0.75
8 0.875
12 0.916667
16 0.9375
20 0.95
24 0.958333
28 0.964286
32 0.96875
36 0.972222
40 0.975
44 0.977273
48 0.979167
52 0.980769
56 0.982143
60 0.983333
64 0.984375
68 0.985294
72 0.986111
76 0.986842
80 0.9875
84 0.988095
88 0.988636
92 0.98913
96 0.989583
100 0.96
104 0.923077
108 0.898148
112 0.883929
116 0.887931
120 0.883333
124 0.887097
128 0.882812
132 0.871212
136 0.860294
140 0.864286
144 0.861111
148 0.864865
152 0.868421
156 0.871795
160 0.875
164 0.878049
168 0.880952
172 0.883721
176 0.886364
180 0.888889
184 0.891304
188 0.893617
192 0.895833
196 0.897959
200 0.9
204 0.901961
208 0.903846
