1 0
2 0
3 0
4 0
5 0
6 0
7 0.142857
8 0.25
9 0.222222
10 0.2
11 0.181818
12 0.25
13 0.230769
14 0.214286
15 0.2
16 0.25
17 0.235294
18 0.222222
19 0.210526
20 0.2
21 0.238095
22 0.227273
23 0.217391
24 0.208333
25 0.2
26 0.192308
27 0.185185
28 0.214286
29 0.241379
30 0.233333
31 0.225806
32 0.21875
33 0.242424
34 0.235294
35 0.228571
36 0.222222
37 0.243243
38 0.236842
39 0.230769
40 0.225
41 0.219512
42 0.214286
43 0.232558
44 0.227273
45 0.222222
46 0.217391
47 0.234043
48 0.229167
49 0.22449
50 0.22
51 0.215686
52 0.230769
53 0.226415
54 0.222222
55 0.218182
56 0.214286
57 0.210526
58 0.206897
59 0.20339
60 0.2
61 0.213115
62 0.225806
63 0.222222
64 0.21875
65 0.215385
66 0.212121
67 0.223881
68 0.220588
69 0.217391
70 0.214286
71 0.211268
72 0.208333
73 0.219178
74 0.216216
75 0.213333
76 0.210526
77 0.207792
78 0.205128
79 0.202532
80 0.2
81 0.197531
82 0.195122
83 0.204819
84 0.202381
85 0.2
86 0.197674
87 0.206897
88 0.204545
89 0.202247
90 0.2
91 0.197802
92 0.206522
93 0.204301
94 0.202128
95 0.2
96 0.197917
