3 0
6 0.5
9 0.555556
12 0.666667
15 0.733333
18 0.666667
21 0.571429
24 0.541667
27 0.518519
30 0.5
33 0.454545
36 0.444444
39 0.461538
42 0.47619
45 0.488889
48 0.458333
51 0.470588
54 0.462963
57 0.473684
60 0.45
63 0.444444
66 0.454545
69 0.434783
72 0.444444
75 0.44
78 0.435897
81 0.419753
84 0.416667
87 0.436782
90 0.433333
93 0.419355
96 0.40625
99 0.40404
102 0.411765
105 0.4
108 0.388889
111 0.378378
114 0.377193
117 0.367521
120 0.358333
123 0.357724
126 0.349206
129 0.348837
132 0.356061
135 0.355556
138 0.355072
141 0.35461
144 0.361111
147 0.367347
150 0.366667
153 0.366013
156 0.358974
