4 0
8 0
12 0
16 0
20 0
24 0.0416667
28 0.0357143
32 0.09375
36 0.138889
40 0.175
44 0.25
48 0.25
52 0.288462
56 0.303571
60 0.316667
64 0.328125
68 0.323529
72 0.333333
76 0.342105
80 0.3375
84 0.357143
88 0.352273
92 0.369565
96 0.375
100 0.38
104 0.384615
108 0.388889
112 0.392857
116 0.387931
120 0.383333
124 0.395161
128 0.390625
132 0.401515
136 0.411765
140 0.428571
144 0.423611
148 0.439189
152 0.427632
156 0.442308
160 0.45
164 0.457317
168 0.464286
172 0.476744
176 0.477273
180 0.477778
184 0.48913
188 0.5
192 0.505208
196 0.505102
200 0.515
204 0.52451
208 0.528846
212 0.528302
