7 0.571429
14 0.357143
21 0.380952
28 0.464286
35 0.485714
42 0.47619
49 0.510204
56 0.553571
63 0.571429
70 0.585714
77 0.584416
84 0.595238
91 0.593407
98 0.602041
105 0.6
112 0.616071
119 0.613445
126 0.619048
133 0.616541
140 0.614286
147 0.598639
154 0.597403
161 0.583851
168 0.583333
175 0.594286
182 0.587912
189 0.597884
196 0.602041
203 0.605911
210 0.604762
217 0.603687
224 0.602679
231 0.606061
238 0.605042
245 0.612245
252 0.623016
259 0.625483
266 0.631579
273 0.637363
280 0.635714
287 0.637631
294 0.642857
301 0.647841
308 0.63961
315 0.638095
322 0.642857
329 0.647416
336 0.642857
343 0.641399
350 0.637143
357 0.635854
364 0.637363
