19 0.421053
38 0.605263
57 0.649123
76 0.605263
95 0.631579
114 0.657895
133 0.661654
152 0.631579
171 0.643275
190 0.668421
209 0.669856
228 0.684211
247 0.692308
266 0.706767
285 0.694737
304 0.697368
323 0.69969
342 0.695906
361 0.706371
380 0.715789
399 0.719298
418 0.720096
437 0.7254
456 0.72807
475 0.72
494 0.714575
513 0.709552
532 0.703008
551 0.704174
570 0.707018
589 0.713073
608 0.715461
627 0.724083
646 0.732198
665 0.733835
684 0.738304
703 0.745377
722 0.746537
741 0.744939
760 0.748684
779 0.754814
798 0.756892
817 0.758874
836 0.761962
855 0.766082
874 0.762014
893 0.764838
912 0.76864
931 0.766917
950 0.767368
969 0.768834
988 0.770243
