21 0.857143
42 0.904762
63 0.936508
84 0.928571
105 0.92381
126 0.920635
147 0.931973
168 0.910714
189 0.878307
210 0.87619
231 0.835498
252 0.797619
273 0.765568
294 0.744898
315 0.726984
336 0.705357
357 0.703081
378 0.695767
399 0.694236
420 0.685714
441 0.698413
462 0.707792
483 0.720497
504 0.728175
525 0.727619
546 0.717949
567 0.710758
588 0.69898
609 0.691297
630 0.680952
651 0.671275
672 0.66369
693 0.658009
714 0.652661
735 0.654422
756 0.660053
777 0.658945
798 0.652882
819 0.644689
840 0.636905
861 0.629501
882 0.622449
903 0.615725
924 0.609307
945 0.604233
966 0.600414
987 0.596758
1008 0.605159
1029 0.613217
1050 0.612381
