100 0.6
200 0.7
300 0.716667
400 0.7
500 0.69
600 0.69
700 0.684286
800 0.6675
900 0.658889
1000 0.649
1100 0.641818
1200 0.639167
1300 0.634615
1400 0.635
1500 0.628
1600 0.62875
1700 0.627647
1800 0.622778
1900 0.62
2000 0.6195
2100 0.617619
2200 0.615455
2300 0.61087
2400 0.609583
2500 0.6064
2600 0.605769
2700 0.602593
2800 0.602143
2900 0.602069
3000 0.6
3100 0.598387
3200 0.59375
3300 0.590909
3400 0.589706
3500 0.585714
3600 0.583889
3700 0.582162
3800 0.580263
3900 0.577949
4000 0.57775
4100 0.574634
4200 0.570714
4300 0.56814
4400 0.565909
4500 0.565778
4600 0.56413
4700 0.562766
4800 0.562083
4900 0.560408
5000 0.5596
