8 0
16 0.1875
24 0.166667
32 0.21875
40 0.275
48 0.229167
56 0.196429
64 0.203125
72 0.194444
80 0.2
88 0.193182
96 0.1875
104 0.182692
112 0.169643
120 0.158333
128 0.15625
136 0.161765
144 0.159722
152 0.151316
160 0.14375
168 0.142857
176 0.142045
184 0.141304
192 0.145833
200 0.145
208 0.144231
216 0.138889
224 0.133929
232 0.12931
240 0.1375
248 0.145161
256 0.144531
264 0.151515
272 0.154412
280 0.164286
288 0.166667
296 0.172297
304 0.174342
312 0.169872
320 0.171875
328 0.17378
336 0.169643
344 0.165698
352 0.161932
360 0.158333
368 0.154891
376 0.151596
384 0.151042
392 0.147959
400 0.145
408 0.142157
416 0.139423
