9 0.333333
18 0.444444
27 0.37037
36 0.416667
45 0.444444
54 0.481481
63 0.492063
72 0.472222
81 0.518519
90 0.544444
99 0.555556
108 0.574074
117 0.555556
126 0.555556
135 0.555556
144 0.5625
153 0.575163
162 0.580247
171 0.596491
180 0.588889
189 0.587302
198 0.585859
207 0.589372
216 0.597222
225 0.604444
234 0.598291
243 0.600823
252 0.59127
261 0.590038
270 0.585185
279 0.587814
288 0.590278
297 0.585859
306 0.578431
315 0.577778
324 0.574074
333 0.573574
342 0.570175
351 0.569801
360 0.566667
369 0.566396
378 0.566138
387 0.563307
396 0.563131
405 0.562963
414 0.557971
423 0.55792
432 0.553241
441 0.55102
450 0.551111
459 0.544662
468 0.544872
