4 0.25
8 0.375
12 0.416667
16 0.375
20 0.4
24 0.416667
28 0.464286
32 0.4375
36 0.416667
40 0.4
44 0.431818
48 0.416667
52 0.442308
56 0.464286
60 0.483333
64 0.5
68 0.514706
72 0.5
76 0.486842
80 0.5
84 0.5
88 0.522727
92 0.521739
96 0.541667
100 0.54
104 0.548077
108 0.546296
112 0.5625
116 0.577586
120 0.591667
124 0.596774
128 0.59375
132 0.590909
136 0.573529
140 0.564286
144 0.555556
148 0.567568
152 0.572368
156 0.576923
160 0.5625
164 0.554878
168 0.553571
172 0.540698
176 0.528409
180 0.516667
184 0.51087
188 0.521277
192 0.520833
196 0.520408
200 0.52
204 0.529412
