16 0.4375
32 0.375
48 0.333333
64 0.359375
80 0.3625
96 0.375
112 0.392857
128 0.375
144 0.388889
160 0.3875
176 0.409091
192 0.401042
208 0.418269
224 0.415179
240 0.425
256 0.417969
272 0.426471
288 0.4375
304 0.447368
320 0.459375
336 0.467262
352 0.463068
368 0.456522
384 0.463542
400 0.4675
416 0.463942
432 0.467593
448 0.466518
464 0.471983
480 0.475
496 0.479839
512 0.478516
528 0.479167
544 0.483456
560 0.485714
576 0.482639
592 0.481419
608 0.483553
624 0.479167
640 0.48125
656 0.478659
672 0.477679
688 0.478198
704 0.477273
720 0.480556
736 0.480978
752 0.480053
768 0.480469
784 0.482143
800 0.4825
816 0.482843
832 0.483173
