4 0.75
8 0.875
12 0.916667
16 0.9375
20 0.95
24 0.958333
28 0.964286
32 0.96875
36 0.972222
40 0.975
44 0.977273
48 0.979167
52 0.980769
56 0.982143
60 0.983333
64 0.984375
68 0.985294
72 0.986111
76 0.986842
80 0.9875
84 0.988095
88 0.988636
92 0.98913
96 0.989583
100 0.96
104 0.932692
108 0.935185
112 0.9375
116 0.939655
120 0.941667
124 0.943548
128 0.945312
132 0.939394
136 0.941176
140 0.942857
144 0.944444
148 0.945946
152 0.947368
156 0.948718
160 0.95
164 0.95122
168 0.952381
172 0.953488
176 0.954545
180 0.955556
184 0.956522
188 0.957447
192 0.958333
196 0.959184
200 0.96
204 0.960784
208 0.961538
