7 0.142857
14 0.5
21 0.571429
28 0.642857
35 0.657143
42 0.714286
49 0.734694
56 0.732143
63 0.761905
70 0.785714
77 0.805195
84 0.809524
91 0.813187
98 0.806122
105 0.819048
112 0.8125
119 0.815126
126 0.825397
133 0.834586
140 0.842857
147 0.85034
154 0.857143
161 0.863354
168 0.863095
175 0.868571
182 0.873626
189 0.873016
196 0.877551
203 0.881773
210 0.885714
217 0.889401
224 0.892857
231 0.896104
238 0.89916
245 0.902041
252 0.904762
259 0.907336
266 0.909774
273 0.912088
280 0.914286
287 0.916376
294 0.918367
301 0.920266
308 0.918831
315 0.920635
322 0.92236
329 0.924012
336 0.925595
343 0.924198
350 0.925714
