4 0.25
8 0.5
12 0.5
16 0.625
20 0.65
24 0.666667
28 0.714286
32 0.6875
36 0.722222
40 0.75
44 0.772727
48 0.791667
52 0.807692
56 0.821429
60 0.833333
64 0.84375
68 0.838235
72 0.847222
76 0.828947
80 0.8375
84 0.845238
88 0.852273
92 0.858696
96 0.864583
100 0.87
104 0.875
108 0.87963
112 0.883929
116 0.887931
120 0.891667
124 0.895161
128 0.898438
132 0.901515
136 0.904412
140 0.907143
144 0.909722
148 0.912162
152 0.914474
156 0.916667
160 0.91875
164 0.920732
168 0.922619
172 0.924419
176 0.926136
180 0.927778
184 0.929348
188 0.930851
192 0.932292
196 0.928571
200 0.93
204 0.931373
