4 0.5
8 0.5
12 0.583333
16 0.625
20 0.7
24 0.708333
28 0.75
32 0.75
36 0.75
40 0.7
44 0.681818
48 0.645833
52 0.596154
56 0.571429
60 0.533333
64 0.515625
68 0.5
72 0.486111
76 0.460526
80 0.4375
84 0.416667
88 0.397727
92 0.380435
96 0.364583
100 0.35
104 0.336538
108 0.333333
112 0.339286
116 0.327586
120 0.316667
124 0.306452
128 0.296875
132 0.287879
136 0.279412
140 0.271429
144 0.263889
148 0.27027
152 0.269737
156 0.262821
160 0.25625
164 0.25
168 0.244048
172 0.244186
176 0.25
180 0.244444
184 0.23913
188 0.234043
192 0.229167
196 0.229592
200 0.23
