7 0.285714
14 0.642857
21 0.666667
28 0.75
35 0.771429
42 0.809524
49 0.836735
56 0.839286
63 0.857143
70 0.871429
77 0.883117
84 0.892857
91 0.901099
98 0.908163
105 0.914286
112 0.919643
119 0.92437
126 0.928571
133 0.932331
140 0.935714
147 0.938776
154 0.941558
161 0.944099
168 0.946429
175 0.948571
182 0.950549
189 0.952381
196 0.954082
203 0.955665
210 0.957143
217 0.958525
224 0.959821
231 0.961039
238 0.962185
245 0.963265
252 0.964286
259 0.965251
266 0.966165
273 0.967033
280 0.967857
287 0.968641
294 0.969388
301 0.9701
308 0.970779
315 0.971429
322 0.97205
329 0.972644
336 0.973214
343 0.973761
350 0.974286
