20 0.7
40 0.85
60 0.9
80 0.925
100 0.94
120 0.95
140 0.957143
160 0.9625
180 0.966667
200 0.97
220 0.972727
240 0.975
260 0.976923
280 0.978571
300 0.98
320 0.98125
340 0.982353
360 0.983333
380 0.984211
400 0.985
420 0.985714
440 0.986364
460 0.986957
480 0.9875
500 0.988
520 0.988462
540 0.988889
560 0.989286
580 0.989655
600 0.99
620 0.990323
640 0.990625
660 0.990909
680 0.991176
700 0.991429
720 0.991667
740 0.991892
760 0.992105
780 0.992308
800 0.9925
820 0.992683
840 0.992857
860 0.993023
880 0.993182
900 0.993333
920 0.993478
940 0.993617
960 0.99375
980 0.993878
1000 0.994
