4 0.25
8 0.125
12 0.166667
16 0.125
20 0.2
24 0.291667
28 0.357143
32 0.375
36 0.361111
40 0.375
44 0.409091
48 0.416667
52 0.384615
56 0.392857
60 0.4
64 0.390625
68 0.397059
72 0.416667
76 0.434211
80 0.425
84 0.416667
88 0.409091
92 0.434783
96 0.427083
100 0.43
104 0.423077
108 0.444444
112 0.446429
116 0.439655
120 0.433333
124 0.435484
128 0.4375
132 0.439394
136 0.448529
140 0.45
144 0.444444
148 0.445946
152 0.447368
156 0.455128
160 0.45625
164 0.463415
168 0.470238
172 0.465116
176 0.471591
180 0.466667
184 0.467391
188 0.468085
192 0.46875
196 0.464286
200 0.46
204 0.455882
208 0.451923
212 0.448113
