4 0.25
8 0.375
12 0.416667
16 0.5
20 0.55
24 0.625
28 0.642857
32 0.65625
36 0.638889
40 0.625
44 0.613636
48 0.583333
52 0.615385
56 0.571429
60 0.55
64 0.515625
68 0.5
72 0.5
76 0.5
80 0.5
84 0.52381
88 0.511364
92 0.5
96 0.5
100 0.49
104 0.490385
108 0.5
112 0.508929
116 0.491379
120 0.491667
124 0.483871
128 0.46875
132 0.462121
136 0.448529
140 0.45
144 0.4375
148 0.432432
152 0.440789
156 0.435897
160 0.4375
164 0.426829
168 0.416667
172 0.406977
176 0.420455
180 0.411111
184 0.407609
188 0.409574
192 0.40625
196 0.408163
200 0.415
204 0.416667
