1 0
2 0
3 0
4 0
5 0
6 0
7 0
8 0
9 0
10 0
11 0
12 0
13 0
14 0
15 0
16 0.0625
17 0.0588235
18 0.0555556
19 0.0526316
20 0.05
21 0.047619
22 0.0454545
23 0.0434783
24 0.0416667
25 0.04
26 0.0384615
27 0.037037
28 0.0357143
29 0.0344828
30 0.0333333
31 0.0645161
32 0.0625
33 0.0606061
34 0.0882353
35 0.0857143
36 0.0833333
37 0.0810811
38 0.0789474
39 0.0769231
40 0.075
41 0.0731707
42 0.0714286
43 0.0697674
44 0.0681818
45 0.0666667
46 0.0652174
47 0.0638298
48 0.0833333
49 0.0816327
50 0.08
51 0.0784314
52 0.0769231
53 0.0754717
54 0.0740741
55 0.0727273
56 0.0714286
57 0.0701754
58 0.0689655
59 0.0677966
60 0.0666667
