4 0.5
8 0.5
12 0.583333
16 0.625
20 0.7
24 0.708333
28 0.75
32 0.75
36 0.75
40 0.75
44 0.727273
48 0.75
52 0.75
56 0.75
60 0.75
64 0.765625
68 0.764706
72 0.777778
76 0.789474
80 0.775
84 0.785714
88 0.795455
92 0.793478
96 0.802083
100 0.81
104 0.798077
108 0.805556
112 0.8125
116 0.810345
120 0.816667
124 0.822581
128 0.828125
132 0.833333
136 0.838235
140 0.835714
144 0.840278
148 0.844595
152 0.842105
156 0.846154
160 0.85
164 0.853659
168 0.857143
172 0.854651
176 0.857955
180 0.861111
184 0.86413
188 0.867021
192 0.869792
196 0.872449
200 0.875
