11 0.727273
22 0.772727
33 0.787879
44 0.840909
55 0.854545
66 0.848485
77 0.857143
88 0.852273
99 0.868687
110 0.863636
121 0.867769
132 0.878788
143 0.888112
154 0.896104
165 0.90303
176 0.909091
187 0.914439
198 0.919192
209 0.923445
220 0.927273
231 0.930736
242 0.933884
253 0.936759
264 0.939394
275 0.941818
286 0.944056
297 0.946128
308 0.948052
319 0.949843
330 0.951515
341 0.953079
352 0.954545
363 0.955923
374 0.957219
385 0.958442
396 0.957071
407 0.958231
418 0.95933
429 0.960373
440 0.961364
451 0.960089
462 0.961039
473 0.961945
484 0.96281
495 0.963636
506 0.964427
517 0.965184
528 0.965909
539 0.966605
550 0.965455
561 0.966132
572 0.966783
