2 0
4 0
6 0.166667
8 0.125
10 0.1
12 0.166667
14 0.142857
16 0.125
18 0.111111
20 0.15
22 0.181818
24 0.166667
26 0.192308
28 0.178571
30 0.166667
32 0.15625
34 0.147059
36 0.138889
38 0.131579
40 0.15
42 0.142857
44 0.159091
46 0.173913
48 0.166667
50 0.18
52 0.173077
54 0.166667
56 0.178571
58 0.172414
60 0.183333
62 0.177419
64 0.1875
66 0.181818
68 0.176471
70 0.171429
72 0.194444
74 0.189189
76 0.184211
78 0.179487
80 0.175
82 0.170732
84 0.166667
86 0.174419
88 0.170455
90 0.166667
92 0.173913
94 0.170213
96 0.166667
98 0.173469
100 0.17
102 0.166667
104 0.163462
106 0.160377
108 0.175926
110 0.181818
112 0.1875
114 0.184211
116 0.181034
118 0.177966
120 0.191667
122 0.196721
124 0.193548
