10 0.7
20 0.7
30 0.8
40 0.775
50 0.74
60 0.733333
70 0.742857
80 0.7375
90 0.755556
100 0.76
110 0.763636
120 0.775
130 0.769231
140 0.771429
150 0.786667
160 0.7875
170 0.8
180 0.8
190 0.810526
200 0.805
210 0.809524
220 0.818182
230 0.826087
240 0.829167
250 0.836
260 0.834615
270 0.840741
280 0.846429
290 0.851724
300 0.856667
310 0.86129
320 0.865625
330 0.869697
340 0.873529
350 0.877143
360 0.880556
370 0.883784
380 0.886842
390 0.887179
400 0.89
410 0.892683
420 0.892857
430 0.895349
440 0.897727
450 0.9
460 0.902174
470 0.904255
480 0.90625
490 0.908163
500 0.91
