2 0
4 0.5
6 0.5
8 0.375
10 0.4
12 0.333333
14 0.428571
16 0.375
18 0.388889
20 0.4
22 0.409091
24 0.458333
26 0.461538
28 0.5
30 0.533333
32 0.5625
34 0.558824
36 0.555556
38 0.552632
40 0.575
42 0.595238
44 0.613636
46 0.630435
48 0.645833
50 0.66
52 0.673077
54 0.685185
56 0.678571
58 0.689655
60 0.683333
62 0.693548
64 0.703125
66 0.712121
68 0.705882
70 0.714286
72 0.708333
74 0.716216
76 0.723684
78 0.730769
80 0.725
82 0.731707
84 0.738095
86 0.744186
88 0.75
90 0.755556
92 0.76087
94 0.765957
96 0.760417
98 0.765306
100 0.77
102 0.764706
104 0.769231
106 0.773585
108 0.777778
