10 0.5
20 0.55
30 0.466667
40 0.45
50 0.44
60 0.433333
70 0.385714
80 0.3625
90 0.366667
100 0.35
110 0.354545
120 0.375
130 0.353846
140 0.357143
150 0.36
160 0.3625
170 0.370588
180 0.372222
190 0.384211
200 0.38
210 0.395238
220 0.4
230 0.413043
240 0.4125
250 0.42
260 0.419231
270 0.425926
280 0.439286
290 0.444828
300 0.46
310 0.474194
320 0.484375
330 0.490909
340 0.502941
350 0.502857
360 0.505556
370 0.505405
380 0.5
390 0.502564
400 0.5075
410 0.509756
420 0.504762
430 0.513953
440 0.525
450 0.535556
460 0.543478
470 0.553191
480 0.5625
490 0.571429
500 0.578
