7 0.142857
14 0.142857
21 0.190476
28 0.25
35 0.285714
42 0.261905
49 0.326531
56 0.339286
63 0.333333
70 0.357143
77 0.350649
84 0.345238
91 0.362637
98 0.367347
105 0.371429
112 0.366071
119 0.378151
126 0.388889
133 0.383459
140 0.392857
147 0.394558
154 0.38961
161 0.409938
168 0.416667
175 0.417143
182 0.406593
189 0.402116
196 0.413265
203 0.418719
210 0.414286
217 0.40553
224 0.40625
231 0.398268
238 0.403361
245 0.412245
252 0.412698
259 0.416988
266 0.424812
273 0.417582
280 0.425
287 0.425087
294 0.421769
301 0.421927
308 0.425325
315 0.428571
322 0.419255
329 0.419453
336 0.419643
343 0.419825
350 0.422857
357 0.42577
364 0.431319
