10 0.4
20 0.5
30 0.4
40 0.4
50 0.38
60 0.366667
70 0.328571
80 0.2875
90 0.266667
100 0.25
110 0.236364
120 0.233333
130 0.223077
140 0.214286
150 0.226667
160 0.21875
170 0.229412
180 0.227778
190 0.221053
200 0.215
210 0.22381
220 0.218182
230 0.226087
240 0.216667
250 0.212
260 0.207692
270 0.207407
280 0.207143
290 0.203448
300 0.213333
310 0.212903
320 0.20625
330 0.20303
340 0.211765
350 0.211429
360 0.213889
370 0.218919
380 0.215789
390 0.220513
400 0.22
410 0.22439
420 0.22381
430 0.227907
440 0.234091
450 0.231111
460 0.228261
470 0.225532
480 0.225
490 0.222449
500 0.22
