12 0.75
24 0.791667
36 0.861111
48 0.895833
60 0.883333
72 0.902778
84 0.916667
96 0.927083
108 0.935185
120 0.941667
132 0.94697
144 0.951389
156 0.955128
168 0.958333
180 0.961111
192 0.963542
204 0.965686
216 0.967593
228 0.969298
240 0.970833
252 0.964286
264 0.958333
276 0.956522
288 0.944444
300 0.946667
312 0.939103
324 0.941358
336 0.943452
348 0.939655
360 0.936111
372 0.935484
384 0.9375
396 0.931818
408 0.931373
420 0.92619
432 0.928241
444 0.927928
456 0.929825
468 0.929487
480 0.927083
492 0.922764
504 0.924603
516 0.926357
528 0.926136
540 0.922222
552 0.922101
564 0.921986
576 0.923611
588 0.921769
600 0.921667
612 0.921569
624 0.923077
