1 0
2 0
3 0.333333
4 0.5
5 0.6
6 0.5
7 0.428571
8 0.375
9 0.333333
10 0.3
11 0.272727
12 0.25
13 0.230769
14 0.214286
15 0.2
16 0.1875
17 0.176471
18 0.222222
19 0.210526
20 0.25
21 0.238095
22 0.227273
23 0.217391
24 0.25
25 0.24
26 0.230769
27 0.222222
28 0.214286
29 0.206897
30 0.2
31 0.193548
32 0.1875
33 0.181818
34 0.176471
35 0.171429
36 0.166667
37 0.162162
38 0.157895
39 0.153846
40 0.15
41 0.146341
42 0.142857
43 0.139535
44 0.136364
45 0.133333
46 0.130435
47 0.12766
48 0.125
49 0.122449
50 0.14
51 0.137255
52 0.153846
53 0.169811
54 0.166667
55 0.163636
