6 0
12 0
18 0.166667
24 0.291667
30 0.433333
36 0.444444
42 0.47619
48 0.541667
54 0.555556
60 0.6
66 0.636364
72 0.666667
78 0.692308
84 0.714286
90 0.733333
96 0.75
102 0.764706
108 0.777778
114 0.789474
120 0.791667
126 0.801587
132 0.80303
138 0.811594
144 0.819444
150 0.826667
156 0.826923
162 0.833333
168 0.839286
174 0.844828
180 0.85
186 0.854839
192 0.859375
198 0.863636
204 0.862745
210 0.866667
216 0.865741
222 0.869369
228 0.872807
234 0.876068
240 0.879167
246 0.878049
252 0.880952
258 0.883721
264 0.886364
270 0.888889
276 0.891304
282 0.893617
288 0.895833
294 0.897959
300 0.9
