3 0.666667
6 0.833333
9 0.777778
12 0.833333
15 0.866667
18 0.888889
21 0.904762
24 0.916667
27 0.925926
30 0.933333
33 0.878788
36 0.861111
39 0.871795
42 0.880952
45 0.888889
48 0.895833
51 0.901961
54 0.907407
57 0.912281
60 0.916667
63 0.920635
66 0.924242
69 0.913043
72 0.902778
75 0.906667
78 0.910256
81 0.91358
84 0.916667
87 0.91954
90 0.922222
93 0.924731
96 0.927083
99 0.929293
102 0.931373
105 0.933333
108 0.935185
111 0.936937
114 0.929825
117 0.931624
120 0.933333
123 0.934959
126 0.936508
129 0.937984
132 0.939394
135 0.940741
138 0.942029
141 0.943262
144 0.944444
147 0.945578
150 0.94
153 0.941176
