16 0.5625
32 0.71875
48 0.791667
64 0.828125
80 0.85
96 0.875
112 0.892857
128 0.90625
144 0.916667
160 0.925
176 0.931818
192 0.9375
208 0.942308
224 0.946429
240 0.95
256 0.953125
272 0.955882
288 0.958333
304 0.960526
320 0.9625
336 0.964286
352 0.965909
368 0.967391
384 0.96875
400 0.97
416 0.971154
432 0.972222
448 0.973214
464 0.974138
480 0.975
496 0.975806
512 0.976562
528 0.977273
544 0.977941
560 0.978571
576 0.979167
592 0.97973
608 0.980263
624 0.980769
640 0.98125
656 0.981707
672 0.982143
688 0.982558
704 0.982955
720 0.983333
736 0.983696
752 0.984043
768 0.984375
784 0.984694
800 0.985
816 0.985294
832 0.985577
