400 0.7575
800 0.8675
1200 0.91
1600 0.93125
2000 0.945
2400 0.954167
2800 0.960714
3200 0.965625
3600 0.969444
4000 0.9725
4400 0.975
4800 0.977083
5200 0.978846
5600 0.980357
6000 0.981667
6400 0.982812
6800 0.983824
7200 0.984722
7600 0.985526
8000 0.98625
8400 0.986905
8800 0.9875
9200 0.988043
9600 0.988542
10000 0.989
10400 0.989423
10800 0.989815
11200 0.990179
11600 0.990517
12000 0.990833
12400 0.991129
12800 0.991406
13200 0.991667
13600 0.991912
14000 0.992143
14400 0.992361
14800 0.992568
15200 0.992763
15600 0.992949
16000 0.993125
16400 0.993293
16800 0.993452
17200 0.993605
17600 0.99375
18000 0.993889
18400 0.994022
18800 0.994149
19200 0.994271
19600 0.994388
20000 0.9945
