4 0.25
8 0.125
12 0.333333
16 0.3125
20 0.35
24 0.416667
28 0.464286
32 0.53125
36 0.555556
40 0.575
44 0.613636
48 0.625
52 0.653846
56 0.660714
60 0.65
64 0.65625
68 0.661765
72 0.666667
76 0.684211
80 0.7
84 0.714286
88 0.715909
92 0.728261
96 0.729167
100 0.74
104 0.740385
108 0.75
112 0.75
116 0.75
120 0.75
124 0.758065
128 0.757812
132 0.765152
136 0.772059
140 0.778571
144 0.784722
148 0.790541
152 0.796053
156 0.801282
160 0.80625
164 0.810976
168 0.815476
172 0.819767
176 0.823864
180 0.827778
184 0.831522
188 0.835106
192 0.838542
196 0.836735
200 0.84
204 0.843137
208 0.846154
212 0.849057
216 0.847222
