5 0.2
10 0.1
15 0.133333
20 0.1
25 0.08
30 0.0666667
35 0.0571429
40 0.075
45 0.0888889
50 0.08
55 0.0909091
60 0.1
65 0.107692
70 0.114286
75 0.106667
80 0.1125
85 0.117647
90 0.111111
95 0.105263
100 0.1
105 0.0952381
110 0.0909091
115 0.0869565
120 0.0916667
125 0.088
130 0.0846154
135 0.0888889
140 0.0857143
145 0.0896552
150 0.0933333
155 0.0903226
160 0.0875
165 0.0848485
170 0.0823529
175 0.08
180 0.0888889
185 0.0864865
190 0.0842105
195 0.0820513
200 0.08
205 0.0780488
210 0.0761905
215 0.0790698
220 0.0772727
225 0.0755556
230 0.073913
235 0.0723404
240 0.0708333
245 0.0734694
250 0.072
255 0.0705882
260 0.0692308
265 0.0679245
270 0.0666667
275 0.0654545
280 0.0642857
285 0.0631579
