24 0.875
48 0.916667
72 0.930556
96 0.927083
120 0.925
144 0.930556
168 0.910714
192 0.869792
216 0.856481
240 0.8125
264 0.768939
288 0.732639
312 0.701923
336 0.675595
360 0.65
384 0.635417
408 0.629902
432 0.622685
456 0.618421
480 0.616667
504 0.632937
528 0.632576
552 0.630435
576 0.628472
600 0.625
624 0.616987
648 0.606481
672 0.599702
696 0.591954
720 0.584722
744 0.577957
768 0.571615
792 0.566919
816 0.5625
840 0.555952
864 0.553241
888 0.557432
912 0.561404
936 0.556624
960 0.551042
984 0.545732
1008 0.540675
1032 0.535853
1056 0.53125
1080 0.526852
1104 0.524457
1128 0.521277
1152 0.525174
1176 0.528912
1200 0.535
1224 0.535131
