8 0.75
16 0.75
24 0.708333
32 0.65625
40 0.675
48 0.6875
56 0.696429
64 0.6875
72 0.652778
80 0.6375
88 0.590909
96 0.583333
104 0.567308
112 0.5625
120 0.55
128 0.554688
136 0.558824
144 0.555556
152 0.552632
160 0.54375
168 0.541667
176 0.534091
184 0.51087
192 0.505208
200 0.505
208 0.504808
216 0.490741
224 0.486607
232 0.482759
240 0.475
248 0.459677
256 0.449219
264 0.44697
272 0.448529
280 0.45
288 0.444444
296 0.445946
304 0.447368
312 0.448718
320 0.453125
328 0.45122
336 0.455357
344 0.456395
352 0.454545
360 0.452778
368 0.456522
376 0.454787
384 0.455729
392 0.456633
400 0.455
408 0.45098
416 0.451923
424 0.450472
