63 0.984127
126 0.992063
189 0.994709
252 0.996032
315 0.996825
378 0.997354
441 0.997732
504 0.998016
567 0.998236
630 0.998413
693 0.998557
756 0.998677
819 0.991453
882 0.992063
945 0.992593
1008 0.993056
1071 0.993464
1134 0.993827
1197 0.994152
1260 0.994444
1323 0.994709
1386 0.994949
1449 0.995169
1512 0.99537
1575 0.991111
1638 0.991453
1701 0.99177
1764 0.992063
1827 0.992337
1890 0.992593
1953 0.992832
2016 0.993056
2079 0.993266
2142 0.993464
2205 0.993651
2268 0.993827
2331 0.993994
2394 0.994152
2457 0.994302
2520 0.994444
2583 0.99458
2646 0.994709
2709 0.994832
2772 0.994949
2835 0.995062
2898 0.995169
2961 0.995272
3024 0.99537
3087 0.995465
3150 0.995556
