3 0
6 0.166667
9 0.333333
12 0.416667
15 0.4
18 0.333333
21 0.333333
24 0.333333
27 0.407407
30 0.433333
33 0.424242
36 0.388889
39 0.384615
42 0.404762
45 0.4
48 0.395833
51 0.372549
54 0.37037
57 0.368421
60 0.35
63 0.349206
66 0.348485
69 0.347826
72 0.333333
75 0.333333
78 0.320513
81 0.320988
84 0.321429
87 0.310345
90 0.3
93 0.301075
96 0.291667
99 0.292929
102 0.294118
105 0.295238
108 0.296296
111 0.297297
114 0.289474
117 0.282051
120 0.275
123 0.268293
126 0.269841
129 0.263566
132 0.257576
135 0.251852
138 0.246377
141 0.248227
144 0.25
147 0.244898
150 0.246667
153 0.24183
156 0.24359
159 0.238994
