6 0.166667
12 0.166667
18 0.333333
24 0.5
30 0.6
36 0.583333
42 0.642857
48 0.6875
54 0.722222
60 0.75
66 0.772727
72 0.791667
78 0.807692
84 0.821429
90 0.833333
96 0.84375
102 0.852941
108 0.861111
114 0.868421
120 0.875
126 0.880952
132 0.878788
138 0.884058
144 0.888889
150 0.893333
156 0.891026
162 0.895062
168 0.89881
174 0.902299
180 0.905556
186 0.908602
192 0.911458
198 0.914141
204 0.916667
210 0.919048
216 0.921296
222 0.923423
228 0.925439
234 0.92735
240 0.929167
246 0.926829
252 0.928571
258 0.930233
264 0.931818
270 0.933333
276 0.934783
282 0.93617
288 0.9375
294 0.938776
300 0.94
