4 0.25
8 0.5
12 0.5
16 0.5
20 0.5
24 0.5
28 0.571429
32 0.5625
36 0.555556
40 0.575
44 0.590909
48 0.625
52 0.653846
56 0.660714
60 0.683333
64 0.703125
68 0.705882
72 0.694444
76 0.684211
80 0.7
84 0.690476
88 0.704545
92 0.695652
96 0.708333
100 0.72
104 0.730769
108 0.731481
112 0.741071
116 0.75
120 0.758333
124 0.766129
128 0.773438
132 0.772727
136 0.764706
140 0.757143
144 0.756944
148 0.763514
152 0.763158
156 0.762821
160 0.76875
164 0.77439
168 0.77381
172 0.77907
176 0.772727
180 0.772222
184 0.771739
188 0.776596
192 0.770833
196 0.770408
200 0.765
204 0.769608
