4 0.25
8 0.125
12 0.25
16 0.25
20 0.3
24 0.375
28 0.428571
32 0.46875
36 0.5
40 0.525
44 0.568182
48 0.583333
52 0.596154
56 0.607143
60 0.6
64 0.609375
68 0.617647
72 0.625
76 0.644737
80 0.6625
84 0.678571
88 0.681818
92 0.695652
96 0.697917
100 0.71
104 0.711538
108 0.722222
112 0.723214
116 0.724138
120 0.725
124 0.733871
128 0.726562
132 0.734848
136 0.735294
140 0.742857
144 0.743056
148 0.75
152 0.75
156 0.75641
160 0.7625
164 0.768293
168 0.77381
172 0.77907
176 0.784091
180 0.783333
184 0.788043
188 0.792553
192 0.791667
196 0.790816
200 0.795
204 0.79902
208 0.802885
212 0.806604
