3 0.333333
6 0.5
9 0.444444
12 0.5
15 0.533333
18 0.555556
21 0.52381
24 0.458333
27 0.518519
30 0.466667
33 0.424242
36 0.444444
39 0.410256
42 0.404762
45 0.377778
48 0.375
51 0.372549
54 0.37037
57 0.350877
60 0.35
63 0.349206
66 0.333333
69 0.333333
72 0.347222
75 0.333333
78 0.333333
81 0.320988
84 0.333333
87 0.321839
90 0.322222
93 0.322581
96 0.333333
99 0.333333
102 0.333333
105 0.333333
108 0.333333
111 0.324324
114 0.324561
117 0.316239
120 0.316667
123 0.325203
126 0.333333
129 0.333333
132 0.325758
135 0.318519
138 0.318841
141 0.312057
144 0.3125
147 0.306122
150 0.306667
153 0.300654
156 0.294872
159 0.289308
162 0.283951
165 0.278788
