1 0
2 0
3 0
4 0.25
5 0.4
6 0.333333
7 0.285714
8 0.25
9 0.222222
10 0.2
11 0.181818
12 0.166667
13 0.153846
14 0.142857
15 0.133333
16 0.125
17 0.117647
18 0.111111
19 0.105263
20 0.1
21 0.0952381
22 0.0909091
23 0.130435
24 0.166667
25 0.2
26 0.230769
27 0.222222
28 0.214286
29 0.241379
30 0.233333
31 0.225806
32 0.21875
33 0.242424
34 0.264706
35 0.257143
36 0.25
37 0.243243
38 0.236842
39 0.230769
40 0.225
41 0.219512
42 0.214286
43 0.209302
44 0.204545
45 0.2
46 0.195652
47 0.191489
48 0.208333
49 0.22449
50 0.22
51 0.215686
52 0.230769
53 0.226415
54 0.222222
55 0.218182
56 0.214286
57 0.210526
58 0.206897
59 0.20339
60 0.2
61 0.196721
62 0.209677
63 0.206349
