11 0.454545
22 0.409091
33 0.515152
44 0.477273
55 0.454545
66 0.5
77 0.545455
88 0.568182
99 0.59596
110 0.6
121 0.61157
132 0.636364
143 0.657343
154 0.662338
165 0.684848
176 0.693182
187 0.71123
198 0.717172
209 0.727273
220 0.736364
231 0.748918
242 0.756198
253 0.750988
264 0.761364
275 0.767273
286 0.776224
297 0.771044
308 0.775974
319 0.780564
330 0.784848
341 0.791789
352 0.792614
363 0.796143
374 0.802139
385 0.807792
396 0.810606
407 0.815725
418 0.820574
429 0.825175
440 0.829545
451 0.831486
462 0.835498
473 0.837209
484 0.840909
495 0.844444
506 0.847826
517 0.851064
528 0.854167
539 0.857143
550 0.858182
561 0.860963
572 0.863636
