8 0.25
16 0.4375
24 0.416667
32 0.5
40 0.575
48 0.604167
56 0.625
64 0.671875
72 0.708333
80 0.7375
88 0.75
96 0.770833
104 0.788462
112 0.803571
120 0.816667
128 0.828125
136 0.838235
144 0.847222
152 0.855263
160 0.8625
168 0.869048
176 0.875
184 0.880435
192 0.885417
200 0.89
208 0.894231
216 0.898148
224 0.901786
232 0.905172
240 0.908333
248 0.91129
256 0.914062
264 0.916667
272 0.919118
280 0.921429
288 0.923611
296 0.925676
304 0.927632
312 0.929487
320 0.93125
328 0.932927
336 0.934524
344 0.936047
352 0.9375
360 0.938889
368 0.940217
376 0.941489
384 0.942708
392 0.943878
400 0.945
408 0.946078
416 0.947115
