3 0
6 0.5
9 0.666667
12 0.75
15 0.8
18 0.722222
21 0.714286
24 0.666667
27 0.703704
30 0.7
33 0.666667
36 0.666667
39 0.666667
42 0.690476
45 0.688889
48 0.666667
51 0.686275
54 0.703704
57 0.719298
60 0.733333
63 0.714286
66 0.712121
69 0.724638
72 0.736111
75 0.706667
78 0.717949
81 0.716049
84 0.714286
87 0.724138
90 0.722222
93 0.72043
96 0.729167
99 0.737374
102 0.735294
105 0.733333
108 0.731481
111 0.738739
114 0.745614
117 0.752137
120 0.75
123 0.756098
126 0.761905
129 0.767442
132 0.772727
135 0.77037
138 0.768116
141 0.758865
144 0.756944
147 0.755102
150 0.746667
153 0.738562
156 0.737179
