6 0
12 0.0833333
18 0.222222
24 0.416667
30 0.533333
36 0.527778
42 0.595238
48 0.645833
54 0.666667
60 0.7
66 0.727273
72 0.75
78 0.769231
84 0.785714
90 0.8
96 0.8125
102 0.823529
108 0.833333
114 0.842105
120 0.841667
126 0.849206
132 0.848485
138 0.855072
144 0.861111
150 0.866667
156 0.865385
162 0.87037
168 0.875
174 0.87931
180 0.883333
186 0.887097
192 0.890625
198 0.893939
204 0.892157
210 0.895238
216 0.893519
222 0.896396
228 0.899123
234 0.901709
240 0.904167
246 0.902439
252 0.904762
258 0.906977
264 0.909091
270 0.911111
276 0.913043
282 0.914894
288 0.916667
294 0.918367
300 0.92
