7 0.142857
14 0.5
21 0.47619
28 0.535714
35 0.542857
42 0.571429
49 0.612245
56 0.607143
63 0.634921
70 0.614286
77 0.623377
84 0.607143
91 0.615385
98 0.602041
105 0.619048
112 0.633929
119 0.630252
126 0.642857
133 0.631579
140 0.628571
147 0.612245
154 0.616883
161 0.621118
168 0.607143
175 0.622857
182 0.631868
189 0.624339
196 0.627551
203 0.635468
210 0.638095
217 0.626728
224 0.620536
231 0.627706
238 0.634454
245 0.640816
252 0.646825
259 0.65251
266 0.661654
273 0.666667
280 0.671429
287 0.675958
294 0.683673
301 0.69103
308 0.698052
315 0.704762
322 0.71118
329 0.711246
336 0.717262
343 0.714286
350 0.72
