3 0
6 0.166667
9 0.333333
12 0.416667
15 0.466667
18 0.444444
21 0.47619
24 0.5
27 0.555556
30 0.566667
33 0.575758
36 0.583333
39 0.615385
42 0.619048
45 0.6
48 0.604167
51 0.588235
54 0.611111
57 0.631579
60 0.633333
63 0.634921
66 0.636364
69 0.652174
72 0.638889
75 0.64
78 0.641026
81 0.641975
84 0.642857
87 0.643678
90 0.644444
93 0.645161
96 0.645833
99 0.656566
102 0.656863
105 0.666667
108 0.675926
111 0.675676
114 0.684211
117 0.683761
120 0.683333
123 0.691057
126 0.690476
129 0.689922
132 0.681818
135 0.681481
138 0.688406
141 0.695035
144 0.694444
147 0.693878
150 0.686667
153 0.679739
156 0.685897
159 0.691824
