3 0
6 0
9 0.111111
12 0.0833333
15 0.0666667
18 0.111111
21 0.0952381
24 0.125
27 0.185185
30 0.2
33 0.212121
36 0.222222
39 0.282051
42 0.309524
45 0.311111
48 0.291667
51 0.27451
54 0.296296
57 0.315789
60 0.316667
63 0.31746
66 0.333333
69 0.333333
72 0.333333
75 0.346667
78 0.346154
81 0.333333
84 0.345238
87 0.344828
90 0.344444
93 0.344086
96 0.354167
99 0.363636
102 0.362745
105 0.371429
108 0.388889
111 0.396396
114 0.394737
117 0.401709
120 0.4
123 0.406504
126 0.404762
129 0.403101
132 0.401515
135 0.392593
138 0.384058
141 0.390071
144 0.388889
147 0.387755
150 0.38
153 0.372549
156 0.378205
159 0.389937
