19 0.315789
38 0.447368
57 0.526316
76 0.473684
95 0.452632
114 0.473684
133 0.496241
152 0.486842
171 0.491228
190 0.521053
209 0.521531
228 0.552632
247 0.558704
266 0.56391
285 0.550877
304 0.549342
323 0.551084
342 0.549708
361 0.559557
380 0.560526
399 0.558897
418 0.557416
437 0.558352
456 0.559211
475 0.547368
494 0.534413
513 0.518519
532 0.507519
551 0.504537
570 0.498246
589 0.494058
608 0.495066
627 0.500797
646 0.50774
665 0.509774
684 0.511696
703 0.513514
722 0.51385
741 0.51552
760 0.515789
779 0.51733
798 0.52005
817 0.523868
836 0.526316
855 0.527485
874 0.525172
893 0.522956
912 0.515351
931 0.512352
950 0.514737
969 0.517028
988 0.520243
