46 0.608696
92 0.717391
138 0.768116
184 0.809783
230 0.834783
276 0.858696
322 0.869565
368 0.88587
414 0.898551
460 0.908696
506 0.916996
552 0.922101
598 0.928094
644 0.93323
690 0.937681
736 0.941576
782 0.945013
828 0.948068
874 0.950801
920 0.953261
966 0.954451
1012 0.956522
1058 0.957467
1104 0.959239
1150 0.96087
1196 0.962375
1242 0.962963
1288 0.964286
1334 0.964768
1380 0.965942
1426 0.967041
1472 0.968071
1518 0.969038
1564 0.969949
1610 0.970807
1656 0.971014
1702 0.971798
1748 0.971968
1794 0.972687
1840 0.97337
1886 0.974019
1932 0.973602
1978 0.974216
2024 0.974802
2070 0.975362
2116 0.975898
2162 0.976411
2208 0.976902
2254 0.977374
2300 0.977826
