3 0
6 0.166667
9 0.333333
12 0.333333
15 0.333333
18 0.277778
21 0.285714
24 0.291667
27 0.37037
30 0.366667
33 0.363636
36 0.361111
39 0.410256
42 0.428571
45 0.422222
48 0.395833
51 0.372549
54 0.388889
57 0.385965
60 0.383333
63 0.380952
66 0.378788
69 0.362319
72 0.361111
75 0.373333
78 0.371795
81 0.358025
84 0.357143
87 0.356322
90 0.366667
93 0.354839
96 0.354167
99 0.353535
102 0.343137
105 0.342857
108 0.342593
111 0.333333
114 0.333333
117 0.34188
120 0.333333
123 0.325203
126 0.31746
129 0.317829
132 0.310606
135 0.303704
138 0.297101
141 0.304965
144 0.298611
147 0.29932
150 0.293333
153 0.294118
156 0.294872
159 0.308176
