19 0.473684
38 0.657895
57 0.754386
76 0.723684
95 0.768421
114 0.807018
133 0.834586
152 0.822368
171 0.836257
190 0.852632
209 0.866029
228 0.877193
247 0.88664
266 0.894737
285 0.887719
304 0.894737
323 0.900929
342 0.906433
361 0.911357
380 0.915789
399 0.919799
418 0.923445
437 0.926773
456 0.929825
475 0.928421
494 0.931174
513 0.933723
532 0.93609
551 0.936479
570 0.938596
589 0.940577
608 0.942434
627 0.944179
646 0.94582
665 0.947368
684 0.94883
703 0.950213
722 0.951524
741 0.952767
760 0.953947
779 0.955071
798 0.95614
817 0.95716
836 0.958134
855 0.959064
874 0.959954
893 0.960806
912 0.961623
931 0.962406
950 0.963158
969 0.96388
988 0.964575
