3 0.333333
6 0.5
9 0.555556
12 0.583333
15 0.666667
18 0.666667
21 0.714286
24 0.75
27 0.777778
30 0.8
33 0.818182
36 0.833333
39 0.794872
42 0.809524
45 0.777778
48 0.791667
51 0.803922
54 0.814815
57 0.824561
60 0.833333
63 0.84127
66 0.848485
69 0.855072
72 0.861111
75 0.866667
78 0.871795
81 0.876543
84 0.880952
87 0.885057
90 0.877778
93 0.870968
96 0.875
99 0.878788
102 0.882353
105 0.885714
108 0.87963
111 0.882883
114 0.885965
117 0.888889
120 0.891667
123 0.894309
126 0.896825
129 0.899225
132 0.886364
135 0.888889
138 0.891304
141 0.893617
144 0.888889
147 0.891156
150 0.893333
153 0.895425
156 0.891026
159 0.893082
162 0.895062
165 0.89697
