4 0.25
8 0.375
12 0.333333
16 0.5
20 0.6
24 0.666667
28 0.607143
32 0.625
36 0.583333
40 0.525
44 0.477273
48 0.458333
52 0.5
56 0.482143
60 0.466667
64 0.484375
68 0.485294
72 0.486111
76 0.460526
80 0.45
84 0.47619
88 0.477273
92 0.467391
96 0.447917
100 0.44
104 0.432692
108 0.416667
112 0.428571
116 0.431034
120 0.45
124 0.443548
128 0.429688
132 0.416667
136 0.404412
140 0.407143
144 0.402778
148 0.391892
152 0.394737
156 0.391026
160 0.3875
164 0.378049
168 0.375
172 0.377907
176 0.375
180 0.366667
184 0.36413
188 0.356383
192 0.348958
196 0.352041
200 0.36
204 0.357843
