10 0
20 0.1
30 0.166667
40 0.15
50 0.18
60 0.166667
70 0.142857
80 0.1375
90 0.166667
100 0.16
110 0.145455
120 0.166667
130 0.153846
140 0.164286
150 0.166667
160 0.175
170 0.182353
180 0.194444
190 0.215789
200 0.21
210 0.219048
220 0.231818
230 0.247826
240 0.254167
250 0.268
260 0.273077
270 0.285185
280 0.303571
290 0.310345
300 0.33
310 0.348387
320 0.3625
330 0.372727
340 0.388235
350 0.391429
360 0.388889
370 0.386486
380 0.376316
390 0.379487
400 0.3875
410 0.392683
420 0.388095
430 0.397674
440 0.411364
450 0.424444
460 0.432609
470 0.444681
480 0.45625
490 0.465306
500 0.474
