1 0
2 0
3 0.333333
4 0.25
5 0.2
6 0.166667
7 0.142857
8 0.125
9 0.111111
10 0.2
11 0.181818
12 0.166667
13 0.153846
14 0.214286
15 0.2
16 0.1875
17 0.176471
18 0.166667
19 0.157895
20 0.15
21 0.190476
22 0.181818
23 0.217391
24 0.25
25 0.28
26 0.307692
27 0.296296
28 0.285714
29 0.275862
30 0.266667
31 0.258065
32 0.25
33 0.272727
34 0.264706
35 0.257143
36 0.25
37 0.243243
38 0.236842
39 0.230769
40 0.225
41 0.243902
42 0.261905
43 0.255814
44 0.25
45 0.244444
46 0.26087
47 0.255319
48 0.25
49 0.265306
50 0.26
51 0.254902
52 0.25
53 0.264151
54 0.259259
55 0.254545
56 0.267857
57 0.263158
58 0.258621
59 0.254237
60 0.266667
61 0.278689
62 0.274194
63 0.269841
64 0.265625
65 0.261538
66 0.272727
67 0.268657
68 0.264706
69 0.26087
70 0.257143
71 0.253521
72 0.25
73 0.260274
74 0.256757
75 0.253333
76 0.25
77 0.246753
78 0.24359
79 0.240506
80 0.25
81 0.246914
82 0.243902
83 0.240964
84 0.238095
85 0.235294
86 0.232558
87 0.229885
88 0.227273
89 0.224719
90 0.222222
91 0.21978
92 0.228261
93 0.225806
