1 0
2 0
3 0
4 0.25
5 0.4
6 0.333333
7 0.285714
8 0.25
9 0.222222
10 0.2
11 0.181818
12 0.166667
13 0.153846
14 0.142857
15 0.133333
16 0.125
17 0.117647
18 0.111111
19 0.105263
20 0.1
21 0.0952381
22 0.136364
23 0.130435
24 0.125
25 0.12
26 0.115385
27 0.111111
28 0.107143
29 0.137931
30 0.133333
31 0.129032
32 0.125
33 0.121212
34 0.117647
35 0.114286
36 0.111111
37 0.108108
38 0.105263
39 0.102564
40 0.1
41 0.097561
42 0.0952381
43 0.0930233
44 0.0909091
45 0.0888889
46 0.0869565
47 0.0851064
48 0.0833333
49 0.0816327
50 0.08
51 0.0784314
52 0.0769231
53 0.0754717
54 0.0740741
55 0.0727273
56 0.0714286
57 0.0701754
58 0.0689655
59 0.0677966
60 0.0666667
61 0.0655738
