11 0.272727
22 0.227273
33 0.363636
44 0.363636
55 0.363636
66 0.424242
77 0.480519
88 0.511364
99 0.535354
110 0.545455
121 0.561983
132 0.590909
143 0.615385
154 0.616883
165 0.642424
176 0.653409
187 0.673797
198 0.676768
209 0.688995
220 0.7
231 0.714286
242 0.719008
253 0.715415
264 0.727273
275 0.734545
286 0.744755
297 0.740741
308 0.746753
319 0.752351
330 0.757576
341 0.765396
352 0.767045
363 0.77135
374 0.778075
385 0.784416
396 0.787879
407 0.793612
418 0.799043
429 0.804196
440 0.809091
451 0.81153
462 0.816017
473 0.818182
484 0.822314
495 0.826263
506 0.83004
517 0.833656
528 0.837121
539 0.840445
550 0.841818
561 0.84492
572 0.847902
