6 0
12 0
18 0.166667
24 0.25
30 0.366667
36 0.361111
42 0.404762
48 0.479167
54 0.481481
60 0.533333
66 0.560606
72 0.583333
78 0.602564
84 0.619048
90 0.644444
96 0.666667
102 0.686275
108 0.703704
114 0.719298
120 0.725
126 0.738095
132 0.742424
138 0.753623
144 0.75
150 0.76
156 0.762821
162 0.771605
168 0.779762
174 0.787356
180 0.794444
186 0.801075
192 0.807292
198 0.813131
204 0.813725
210 0.819048
216 0.819444
222 0.824324
228 0.828947
234 0.833333
240 0.8375
246 0.837398
252 0.84127
258 0.844961
264 0.848485
270 0.851852
276 0.855072
282 0.858156
288 0.861111
294 0.863946
300 0.866667
