2 0
4 0.5
6 0.5
8 0.375
10 0.4
12 0.333333
14 0.357143
16 0.3125
18 0.277778
20 0.3
22 0.318182
24 0.333333
26 0.346154
28 0.357143
30 0.4
32 0.4375
34 0.441176
36 0.416667
38 0.421053
40 0.45
42 0.47619
44 0.5
46 0.521739
48 0.541667
50 0.56
52 0.576923
54 0.592593
56 0.589286
58 0.568966
60 0.566667
62 0.580645
64 0.59375
66 0.606061
68 0.602941
70 0.614286
72 0.611111
74 0.621622
76 0.631579
78 0.641026
80 0.6375
82 0.646341
84 0.654762
86 0.662791
88 0.670455
90 0.677778
92 0.684783
94 0.691489
96 0.677083
98 0.683673
100 0.68
102 0.676471
104 0.682692
106 0.688679
108 0.685185
