6 0
12 0
18 0.111111
24 0.208333
30 0.333333
36 0.333333
42 0.380952
48 0.458333
54 0.462963
60 0.516667
66 0.545455
72 0.569444
78 0.589744
84 0.607143
90 0.633333
96 0.65625
102 0.676471
108 0.694444
114 0.710526
120 0.716667
126 0.730159
132 0.734848
138 0.746377
144 0.743056
150 0.753333
156 0.75641
162 0.765432
168 0.77381
174 0.781609
180 0.788889
186 0.795699
192 0.802083
198 0.808081
204 0.808824
210 0.814286
216 0.814815
222 0.81982
228 0.824561
234 0.82906
240 0.833333
246 0.833333
252 0.837302
258 0.841085
264 0.844697
270 0.848148
276 0.851449
282 0.85461
288 0.857639
294 0.860544
300 0.863333
