75 0.546667
150 0.533333
225 0.582222
300 0.593333
375 0.613333
450 0.626667
525 0.634286
600 0.638333
675 0.634074
750 0.64
825 0.646061
900 0.652222
975 0.651282
1050 0.654286
1125 0.662222
1200 0.6625
1275 0.662745
1350 0.667407
1425 0.670175
1500 0.671333
1575 0.672381
1650 0.670303
1725 0.669565
1800 0.667222
1875 0.668267
1950 0.669231
2025 0.668148
2100 0.67
2175 0.671724
2250 0.672889
2325 0.672688
2400 0.6725
2475 0.672727
2550 0.674118
2625 0.676571
2700 0.676296
2775 0.676757
2850 0.672632
2925 0.672821
3000 0.672
3075 0.674472
3150 0.674603
3225 0.675349
3300 0.679091
3375 0.679704
3450 0.68029
3525 0.681702
3600 0.6825
3675 0.684082
3750 0.685867
