11 0.363636
22 0.318182
33 0.393939
44 0.363636
55 0.345455
66 0.348485
77 0.363636
88 0.340909
99 0.333333
110 0.327273
121 0.297521
132 0.287879
143 0.321678
154 0.311688
165 0.327273
176 0.306818
187 0.28877
198 0.292929
209 0.277512
220 0.272727
231 0.25974
242 0.256198
253 0.256917
264 0.265152
275 0.269091
286 0.262238
297 0.265993
308 0.269481
319 0.269592
330 0.260606
341 0.260997
352 0.252841
363 0.250689
374 0.243316
385 0.236364
396 0.232323
407 0.226044
418 0.220096
429 0.214452
440 0.209091
451 0.203991
462 0.199134
473 0.196617
484 0.192149
495 0.187879
506 0.185771
517 0.181818
528 0.179924
539 0.179963
550 0.18
561 0.180036
572 0.18007
