16 0.4375
32 0.4375
48 0.5
64 0.578125
80 0.625
96 0.677083
112 0.714286
128 0.726562
144 0.743056
160 0.75625
176 0.778409
192 0.786458
208 0.802885
224 0.816964
240 0.829167
256 0.835938
272 0.845588
288 0.854167
304 0.861842
320 0.86875
336 0.872024
352 0.877841
368 0.883152
384 0.888021
400 0.8925
416 0.896635
432 0.898148
448 0.901786
464 0.905172
480 0.908333
496 0.91129
512 0.914062
528 0.914773
544 0.917279
560 0.919643
576 0.920139
592 0.922297
608 0.924342
624 0.923077
640 0.925
656 0.926829
672 0.928571
688 0.930233
704 0.931818
720 0.933333
736 0.934783
752 0.93617
768 0.936198
784 0.9375
800 0.93875
816 0.939951
832 0.941106
