46 0.326087
92 0.391304
138 0.413043
184 0.461957
230 0.530435
276 0.568841
322 0.596273
368 0.633152
414 0.640097
460 0.647826
506 0.666008
552 0.681159
598 0.690635
644 0.700311
690 0.711594
736 0.721467
782 0.727621
828 0.742754
874 0.750572
920 0.758696
966 0.761905
1012 0.768775
1058 0.775992
1104 0.783514
1150 0.789565
1196 0.795151
1242 0.801932
1288 0.806677
1334 0.810345
1380 0.815217
1426 0.820477
1472 0.824728
1518 0.827404
1564 0.831202
1610 0.832919
1656 0.833333
1702 0.836663
1748 0.839817
1794 0.842809
1840 0.844565
1886 0.846766
1932 0.847308
1978 0.850354
2024 0.853261
2070 0.855556
2116 0.858223
2162 0.859852
2208 0.861866
2254 0.863798
2300 0.866087
