5 0.8
10 0.9
15 0.933333
20 0.95
25 0.96
30 0.966667
35 0.971429
40 0.975
45 0.977778
50 0.98
55 0.981818
60 0.983333
65 0.984615
70 0.985714
75 0.986667
80 0.9875
85 0.988235
90 0.988889
95 0.989474
100 0.99
105 0.990476
110 0.990909
115 0.991304
120 0.991667
125 0.992
130 0.992308
135 0.992593
140 0.992857
145 0.993103
150 0.993333
155 0.993548
160 0.99375
165 0.993939
170 0.994118
175 0.994286
180 0.994444
185 0.994595
190 0.984211
195 0.958974
200 0.94
205 0.926829
210 0.914286
215 0.916279
220 0.909091
225 0.902222
230 0.904348
235 0.906383
240 0.904167
245 0.906122
250 0.904
255 0.901961
260 0.903846
265 0.901887
270 0.903704
275 0.901818
280 0.9
285 0.901754
290 0.903448
