20 0.45
40 0.625
60 0.616667
80 0.65
100 0.67
120 0.691667
140 0.7
160 0.71875
180 0.738889
200 0.73
220 0.736364
240 0.741667
260 0.75
280 0.75
300 0.753333
320 0.75
340 0.752941
360 0.758333
380 0.763158
400 0.765
420 0.771429
440 0.779545
460 0.782609
480 0.791667
500 0.79
520 0.790385
540 0.794444
560 0.796429
580 0.8
600 0.798333
620 0.795161
640 0.798438
660 0.8
680 0.802941
700 0.804286
720 0.802778
740 0.802703
760 0.805263
780 0.80641
800 0.8075
820 0.807317
840 0.809524
860 0.811628
880 0.8125
900 0.814444
920 0.81087
940 0.810638
960 0.810417
980 0.811224
1000 0.813
