4 0.25
8 0.125
12 0.25
16 0.1875
20 0.25
24 0.291667
28 0.357143
32 0.375
36 0.361111
40 0.375
44 0.409091
48 0.375
52 0.384615
56 0.375
60 0.383333
64 0.375
68 0.367647
72 0.388889
76 0.394737
80 0.375
84 0.357143
88 0.363636
92 0.369565
96 0.354167
100 0.37
104 0.375
108 0.398148
112 0.401786
116 0.396552
120 0.391667
124 0.403226
128 0.398438
132 0.401515
136 0.397059
140 0.4
144 0.388889
148 0.405405
152 0.407895
156 0.410256
160 0.41875
164 0.426829
168 0.434524
172 0.447674
176 0.448864
180 0.438889
184 0.445652
188 0.441489
192 0.432292
196 0.433673
200 0.445
204 0.441176
208 0.442308
212 0.438679
