6 0.166667
12 0.166667
18 0.333333
24 0.5
30 0.6
36 0.583333
42 0.642857
48 0.6875
54 0.703704
60 0.733333
66 0.757576
72 0.777778
78 0.794872
84 0.809524
90 0.822222
96 0.833333
102 0.843137
108 0.851852
114 0.859649
120 0.858333
126 0.865079
132 0.863636
138 0.869565
144 0.875
150 0.88
156 0.878205
162 0.882716
168 0.886905
174 0.890805
180 0.894444
186 0.897849
192 0.901042
198 0.90404
204 0.906863
210 0.909524
216 0.912037
222 0.914414
228 0.916667
234 0.918803
240 0.920833
246 0.918699
252 0.920635
258 0.922481
264 0.924242
270 0.925926
276 0.927536
282 0.929078
288 0.930556
294 0.931973
300 0.933333
