6 0.5
12 0.5
18 0.5
24 0.541667
30 0.566667
36 0.611111
42 0.666667
48 0.708333
54 0.740741
60 0.766667
66 0.772727
72 0.791667
78 0.794872
84 0.809524
90 0.822222
96 0.822917
102 0.823529
108 0.824074
114 0.833333
120 0.841667
126 0.849206
132 0.856061
138 0.862319
144 0.868056
150 0.873333
156 0.878205
162 0.882716
168 0.880952
174 0.87931
180 0.877778
186 0.88172
192 0.885417
198 0.888889
204 0.892157
210 0.895238
216 0.898148
222 0.900901
228 0.903509
234 0.905983
240 0.908333
246 0.910569
252 0.912698
258 0.914729
264 0.916667
270 0.918519
276 0.92029
282 0.921986
288 0.923611
294 0.92517
300 0.926667
