3 0.666667
6 0.666667
9 0.666667
12 0.583333
15 0.666667
18 0.666667
21 0.666667
24 0.708333
27 0.740741
30 0.766667
33 0.787879
36 0.805556
39 0.794872
42 0.761905
45 0.711111
48 0.666667
51 0.686275
54 0.685185
57 0.666667
60 0.65
63 0.619048
66 0.590909
69 0.565217
72 0.541667
75 0.52
78 0.512821
81 0.493827
84 0.47619
87 0.45977
90 0.455556
93 0.462366
96 0.458333
99 0.474747
102 0.490196
105 0.485714
108 0.490741
111 0.486486
114 0.482456
117 0.487179
120 0.483333
123 0.471545
126 0.460317
129 0.449612
132 0.44697
135 0.437037
138 0.427536
141 0.41844
144 0.409722
147 0.401361
150 0.393333
153 0.385621
156 0.378205
159 0.377358
162 0.37037
165 0.363636
168 0.357143
171 0.350877
174 0.356322
177 0.350282
180 0.355556
183 0.349727
186 0.344086
189 0.338624
