7 0.285714
14 0.285714
21 0.333333
28 0.321429
35 0.285714
42 0.309524
49 0.346939
56 0.339286
63 0.349206
70 0.342857
77 0.38961
84 0.416667
91 0.43956
98 0.438776
105 0.447619
112 0.446429
119 0.453782
126 0.460317
133 0.473684
140 0.5
147 0.503401
154 0.512987
161 0.503106
168 0.511905
175 0.514286
182 0.521978
189 0.529101
196 0.535714
203 0.546798
210 0.552381
217 0.548387
224 0.558036
231 0.5671
238 0.571429
245 0.57551
252 0.575397
259 0.571429
266 0.575188
273 0.586081
280 0.592857
287 0.595819
294 0.591837
301 0.598007
308 0.597403
315 0.6
322 0.60559
329 0.607903
336 0.60119
343 0.594752
350 0.6
357 0.59944
