8 0
16 0.1875
24 0.166667
32 0.125
40 0.175
48 0.145833
56 0.125
64 0.171875
72 0.208333
80 0.1875
88 0.181818
96 0.166667
104 0.163462
112 0.151786
120 0.141667
128 0.140625
136 0.154412
144 0.166667
152 0.157895
160 0.15625
168 0.14881
176 0.153409
184 0.157609
192 0.15625
200 0.155
208 0.163462
216 0.171296
224 0.183036
232 0.189655
240 0.2
248 0.197581
256 0.191406
264 0.189394
272 0.183824
280 0.178571
288 0.180556
296 0.179054
304 0.177632
312 0.176282
320 0.18125
328 0.182927
336 0.184524
344 0.180233
352 0.181818
360 0.180556
368 0.182065
376 0.180851
384 0.177083
392 0.173469
400 0.17
408 0.169118
416 0.165865
