12 0.75
24 0.875
36 0.916667
48 0.9375
60 0.933333
72 0.944444
84 0.952381
96 0.958333
108 0.962963
120 0.966667
132 0.969697
144 0.972222
156 0.974359
168 0.97619
180 0.977778
192 0.979167
204 0.980392
216 0.981481
228 0.982456
240 0.983333
252 0.980159
264 0.977273
276 0.978261
288 0.975694
300 0.976667
312 0.977564
324 0.978395
336 0.979167
348 0.979885
360 0.977778
372 0.975806
384 0.976562
396 0.972222
408 0.970588
420 0.969048
432 0.969907
444 0.970721
456 0.971491
468 0.972222
480 0.972917
492 0.973577
504 0.974206
516 0.974806
528 0.975379
540 0.975926
552 0.976449
564 0.97695
576 0.977431
588 0.977891
600 0.978333
612 0.978758
624 0.979167
