5 0.2
10 0.2
15 0.2
20 0.3
25 0.32
30 0.333333
35 0.371429
40 0.4
45 0.4
50 0.42
55 0.454545
60 0.483333
65 0.492308
70 0.514286
75 0.533333
80 0.5625
85 0.588235
90 0.6
95 0.621053
100 0.64
105 0.657143
110 0.672727
115 0.669565
120 0.675
125 0.68
130 0.684615
135 0.696296
140 0.7
145 0.703448
150 0.7
155 0.703226
160 0.7125
165 0.715152
170 0.717647
175 0.725714
180 0.727778
185 0.72973
190 0.731579
195 0.733333
200 0.735
205 0.741463
210 0.747619
215 0.753488
220 0.75
225 0.751111
230 0.747826
235 0.748936
240 0.745833
245 0.738776
250 0.744
