75 0.906667
150 0.866667
225 0.826667
300 0.783333
375 0.741333
450 0.704444
525 0.672381
600 0.648333
675 0.635556
750 0.628
825 0.613333
900 0.587778
975 0.57641
1050 0.565714
1125 0.547556
1200 0.539167
1275 0.530196
1350 0.524444
1425 0.52
1500 0.508667
1575 0.504762
1650 0.501212
1725 0.497971
1800 0.498889
1875 0.491733
1950 0.485128
2025 0.48642
2100 0.481429
2175 0.476322
2250 0.474667
2325 0.471828
2400 0.469167
2475 0.468283
2550 0.463529
2625 0.460952
2700 0.461111
2775 0.463063
2850 0.460702
2925 0.457436
3000 0.456
3075 0.452033
3150 0.449206
3225 0.447132
3300 0.441818
3375 0.439407
3450 0.437971
3525 0.437163
3600 0.435278
3675 0.434286
3750 0.433333
