1 0
2 0
3 0
4 0
5 0
6 0
7 0
8 0.125
9 0.111111
10 0.1
11 0.0909091
12 0.166667
13 0.153846
14 0.142857
15 0.133333
16 0.1875
17 0.176471
18 0.166667
19 0.157895
20 0.15
21 0.190476
22 0.181818
23 0.173913
24 0.166667
25 0.16
26 0.153846
27 0.148148
28 0.178571
29 0.206897
30 0.2
31 0.193548
32 0.1875
33 0.181818
34 0.176471
35 0.171429
36 0.166667
37 0.162162
38 0.184211
39 0.179487
40 0.175
41 0.170732
42 0.166667
43 0.186047
44 0.204545
45 0.2
46 0.195652
47 0.212766
48 0.208333
49 0.204082
50 0.2
51 0.196078
52 0.192308
53 0.188679
54 0.185185
55 0.181818
56 0.178571
57 0.175439
58 0.172414
59 0.169492
60 0.166667
61 0.163934
62 0.177419
63 0.174603
64 0.171875
65 0.169231
66 0.166667
67 0.179104
68 0.176471
69 0.173913
70 0.171429
71 0.169014
72 0.166667
73 0.164384
74 0.162162
75 0.16
76 0.157895
77 0.155844
78 0.153846
79 0.164557
80 0.1625
81 0.17284
82 0.170732
83 0.180723
84 0.178571
85 0.176471
86 0.174419
87 0.183908
88 0.181818
89 0.179775
90 0.177778
91 0.175824
92 0.184783
93 0.182796
94 0.180851
95 0.178947
96 0.177083
