4 0.25
8 0.125
12 0.25
16 0.1875
20 0.25
24 0.333333
28 0.392857
32 0.40625
36 0.444444
40 0.475
44 0.522727
48 0.520833
52 0.538462
56 0.535714
60 0.533333
64 0.53125
68 0.529412
72 0.541667
76 0.552632
80 0.5375
84 0.547619
88 0.556818
92 0.576087
96 0.572917
100 0.59
104 0.586538
108 0.601852
112 0.607143
116 0.594828
120 0.591667
124 0.596774
128 0.59375
132 0.606061
136 0.610294
140 0.621429
144 0.611111
148 0.621622
152 0.618421
156 0.628205
160 0.63125
164 0.640244
168 0.64881
172 0.656977
176 0.659091
180 0.655556
184 0.663043
188 0.670213
192 0.671875
196 0.668367
200 0.675
204 0.681373
208 0.682692
212 0.683962
