3 0.666667
6 0.333333
9 0.222222
12 0.166667
15 0.133333
18 0.166667
21 0.142857
24 0.125
27 0.148148
30 0.133333
33 0.151515
36 0.138889
39 0.128205
42 0.119048
45 0.111111
48 0.104167
51 0.0980392
54 0.0925926
57 0.0877193
60 0.0833333
63 0.0952381
66 0.0909091
69 0.0869565
72 0.0833333
75 0.08
78 0.0769231
81 0.0740741
84 0.0714286
87 0.0689655
90 0.0777778
93 0.0752688
96 0.09375
99 0.0909091
102 0.0882353
105 0.0857143
108 0.0833333
111 0.0900901
114 0.0877193
117 0.102564
120 0.1
123 0.097561
126 0.0952381
129 0.100775
132 0.0984848
135 0.103704
138 0.108696
141 0.113475
144 0.111111
147 0.108844
150 0.113333
153 0.111111
156 0.108974
159 0.106918
162 0.104938
165 0.10303
168 0.10119
171 0.0994152
174 0.103448
177 0.101695
180 0.1
183 0.103825
186 0.107527
189 0.10582
192 0.104167
195 0.102564
