6 0.5
12 0.5
18 0.5
24 0.625
30 0.7
36 0.722222
42 0.761905
48 0.791667
54 0.814815
60 0.833333
66 0.833333
72 0.847222
78 0.858974
84 0.869048
90 0.877778
96 0.875
102 0.872549
108 0.87037
114 0.877193
120 0.883333
126 0.888889
132 0.893939
138 0.898551
144 0.902778
150 0.906667
156 0.910256
162 0.91358
168 0.910714
174 0.913793
180 0.916667
186 0.919355
192 0.921875
198 0.924242
204 0.926471
210 0.928571
216 0.930556
222 0.932432
228 0.934211
234 0.935897
240 0.9375
246 0.939024
252 0.940476
258 0.94186
264 0.943182
270 0.944444
276 0.945652
282 0.946809
288 0.947917
294 0.94898
300 0.95
