23 0.565217
46 0.478261
69 0.42029
92 0.391304
115 0.382609
138 0.369565
161 0.341615
184 0.326087
207 0.309179
230 0.3
253 0.29249
276 0.289855
299 0.284281
322 0.276398
345 0.272464
368 0.26087
391 0.250639
414 0.243961
437 0.240275
460 0.236957
483 0.229814
506 0.225296
529 0.221172
552 0.217391
575 0.210435
598 0.207358
621 0.204509
644 0.201863
667 0.1994
690 0.197101
713 0.194951
736 0.192935
759 0.191041
782 0.189258
805 0.187578
828 0.187198
851 0.186839
874 0.185355
897 0.183946
920 0.182609
943 0.182397
966 0.181159
989 0.17998
1012 0.178854
1035 0.177778
1058 0.176749
1081 0.175763
1104 0.173913
1127 0.173913
1150 0.173043
1173 0.172208
