16 0.4375
32 0.5
48 0.5
64 0.484375
80 0.5
96 0.479167
112 0.482143
128 0.46875
144 0.458333
160 0.45
176 0.443182
192 0.427083
208 0.418269
224 0.415179
240 0.408333
256 0.40625
272 0.404412
288 0.40625
304 0.404605
320 0.403125
336 0.401786
352 0.400568
368 0.402174
384 0.401042
400 0.4
416 0.396635
432 0.395833
448 0.397321
464 0.396552
480 0.391667
496 0.391129
512 0.390625
528 0.386364
544 0.382353
560 0.378571
576 0.375
592 0.375
608 0.373355
624 0.371795
640 0.370312
656 0.368902
672 0.36756
688 0.367733
704 0.366477
720 0.365278
736 0.361413
752 0.359043
768 0.356771
784 0.355867
800 0.35375
816 0.352941
