7 0.285714
14 0.642857
21 0.714286
28 0.785714
35 0.8
42 0.833333
49 0.857143
56 0.857143
63 0.873016
70 0.885714
77 0.896104
84 0.904762
91 0.912088
98 0.918367
105 0.92381
112 0.928571
119 0.932773
126 0.936508
133 0.93985
140 0.942857
147 0.945578
154 0.948052
161 0.950311
168 0.952381
175 0.954286
182 0.956044
189 0.957672
196 0.959184
203 0.960591
210 0.961905
217 0.963134
224 0.964286
231 0.965368
238 0.966387
245 0.967347
252 0.968254
259 0.969112
266 0.969925
273 0.970696
280 0.971429
287 0.972125
294 0.972789
301 0.973422
308 0.974026
315 0.974603
322 0.975155
329 0.975684
336 0.97619
343 0.976676
350 0.977143
