6 0
12 0
18 0.0555556
24 0.125
30 0.166667
36 0.138889
42 0.142857
48 0.145833
54 0.148148
60 0.133333
66 0.121212
72 0.111111
78 0.115385
84 0.107143
90 0.111111
96 0.104167
102 0.0980392
108 0.111111
114 0.114035
120 0.116667
126 0.119048
132 0.128788
138 0.130435
144 0.131944
150 0.133333
156 0.134615
162 0.12963
168 0.125
174 0.137931
180 0.138889
186 0.134409
192 0.145833
198 0.141414
204 0.137255
210 0.142857
216 0.138889
222 0.144144
228 0.144737
234 0.149573
240 0.145833
246 0.142276
252 0.138889
258 0.135659
264 0.136364
270 0.133333
276 0.134058
282 0.131206
288 0.128472
294 0.132653
300 0.13
