13 0.384615
26 0.384615
39 0.358974
52 0.384615
65 0.338462
78 0.320513
91 0.395604
104 0.375
117 0.384615
130 0.423077
143 0.447552
156 0.455128
169 0.461538
182 0.43956
195 0.435897
208 0.4375
221 0.434389
234 0.461538
247 0.489879
260 0.488462
273 0.498168
286 0.517483
299 0.508361
312 0.503205
325 0.523077
338 0.535503
351 0.521368
364 0.502747
377 0.485411
390 0.479487
403 0.496278
416 0.509615
429 0.519814
442 0.531674
455 0.545055
468 0.557692
481 0.569647
494 0.576923
507 0.587771
520 0.598077
533 0.606004
546 0.611722
559 0.620751
572 0.629371
585 0.637607
598 0.645485
611 0.648118
624 0.655449
637 0.66248
650 0.664615
663 0.651584
676 0.639053
