4 0.25
8 0.375
12 0.416667
16 0.5625
20 0.65
24 0.708333
28 0.714286
32 0.71875
36 0.722222
40 0.75
44 0.772727
48 0.791667
52 0.807692
56 0.803571
60 0.816667
64 0.8125
68 0.808824
72 0.819444
76 0.828947
80 0.825
84 0.833333
88 0.829545
92 0.836957
96 0.84375
100 0.85
104 0.855769
108 0.861111
112 0.866071
116 0.87069
120 0.875
124 0.870968
128 0.84375
132 0.848485
136 0.845588
140 0.842857
144 0.840278
148 0.844595
152 0.848684
156 0.852564
160 0.85625
164 0.853659
168 0.857143
172 0.860465
176 0.863636
180 0.866667
184 0.869565
188 0.87234
192 0.875
196 0.877551
200 0.88
204 0.882353
