15 0.8
30 0.9
45 0.933333
60 0.95
75 0.96
90 0.966667
105 0.971429
120 0.975
135 0.977778
150 0.98
165 0.981818
180 0.983333
195 0.984615
210 0.985714
225 0.986667
240 0.9875
255 0.988235
270 0.988889
285 0.989474
300 0.99
315 0.990476
330 0.990909
345 0.991304
360 0.991667
375 0.992
390 0.992308
405 0.992593
420 0.992857
435 0.993103
450 0.993333
465 0.993548
480 0.99375
495 0.993939
510 0.994118
525 0.994286
540 0.994444
555 0.994595
570 0.994737
585 0.994872
600 0.995
615 0.995122
630 0.995238
645 0.995349
660 0.995455
675 0.995556
690 0.995652
705 0.995745
720 0.995833
735 0.995918
750 0.996
765 0.996078
