8 0
16 0.25
24 0.25
32 0.3125
40 0.4
48 0.416667
56 0.410714
64 0.46875
72 0.527778
80 0.5625
88 0.568182
96 0.59375
104 0.615385
112 0.633929
120 0.658333
128 0.679688
136 0.698529
144 0.708333
152 0.723684
160 0.73125
168 0.744048
176 0.755682
184 0.766304
192 0.776042
200 0.785
208 0.793269
216 0.800926
224 0.808036
232 0.814655
240 0.820833
248 0.826613
256 0.832031
264 0.837121
272 0.838235
280 0.842857
288 0.847222
296 0.851351
304 0.855263
312 0.858974
320 0.8625
328 0.865854
336 0.869048
344 0.872093
352 0.875
360 0.877778
368 0.880435
376 0.882979
384 0.885417
392 0.887755
400 0.89
408 0.892157
416 0.894231
