3 0.666667
6 0.333333
9 0.222222
12 0.25
15 0.333333
18 0.333333
21 0.380952
24 0.416667
27 0.481481
30 0.5
33 0.484848
36 0.5
39 0.512821
42 0.547619
45 0.555556
48 0.583333
51 0.607843
54 0.62963
57 0.649123
60 0.65
63 0.666667
66 0.681818
69 0.695652
72 0.708333
75 0.72
78 0.730769
81 0.740741
84 0.75
87 0.758621
90 0.766667
93 0.774194
96 0.78125
99 0.787879
102 0.794118
105 0.8
108 0.805556
111 0.810811
114 0.815789
117 0.820513
120 0.825
123 0.829268
126 0.833333
129 0.837209
132 0.840909
135 0.844444
138 0.847826
141 0.851064
144 0.854167
147 0.857143
150 0.86
153 0.862745
156 0.865385
159 0.867925
162 0.87037
165 0.872727
168 0.875
171 0.877193
174 0.87931
177 0.881356
180 0.883333
183 0.885246
186 0.887097
189 0.888889
192 0.890625
195 0.892308
