1 0
2 0
3 0.333333
4 0.25
5 0.2
6 0.166667
7 0.142857
8 0.125
9 0.111111
10 0.2
11 0.181818
12 0.166667
13 0.153846
14 0.214286
15 0.2
16 0.1875
17 0.176471
18 0.166667
19 0.157895
20 0.15
21 0.190476
22 0.181818
23 0.217391
24 0.25
25 0.28
26 0.307692
27 0.296296
28 0.285714
29 0.275862
30 0.266667
31 0.258065
32 0.25
33 0.272727
34 0.264706
35 0.257143
36 0.25
37 0.243243
38 0.263158
39 0.25641
40 0.25
41 0.268293
42 0.261905
43 0.255814
44 0.25
45 0.244444
46 0.26087
47 0.255319
48 0.25
49 0.265306
50 0.26
51 0.254902
52 0.25
53 0.264151
54 0.259259
55 0.254545
56 0.267857
57 0.263158
58 0.258621
59 0.254237
60 0.25
61 0.262295
62 0.258065
63 0.253968
64 0.25
65 0.246154
66 0.257576
67 0.253731
68 0.25
69 0.246377
70 0.242857
71 0.239437
72 0.236111
73 0.246575
74 0.243243
75 0.24
76 0.236842
77 0.233766
78 0.230769
79 0.227848
80 0.2375
81 0.234568
82 0.231707
83 0.228916
84 0.22619
85 0.223529
86 0.22093
87 0.218391
88 0.215909
89 0.213483
90 0.211111
91 0.208791
92 0.217391
93 0.215054
