2 0
4 0
6 0.166667
8 0.125
10 0.2
12 0.25
14 0.285714
16 0.3125
18 0.388889
20 0.4
22 0.409091
24 0.458333
26 0.461538
28 0.464286
30 0.5
32 0.53125
34 0.558824
36 0.583333
38 0.605263
40 0.625
42 0.642857
44 0.659091
46 0.673913
48 0.666667
50 0.66
52 0.673077
54 0.666667
56 0.678571
58 0.655172
60 0.666667
62 0.677419
64 0.6875
66 0.69697
68 0.705882
70 0.7
72 0.708333
74 0.716216
76 0.723684
78 0.730769
80 0.7375
82 0.731707
84 0.738095
86 0.744186
88 0.75
90 0.733333
92 0.73913
94 0.744681
96 0.75
98 0.755102
100 0.75
102 0.754902
104 0.759615
106 0.764151
108 0.768519
110 0.772727
112 0.776786
114 0.780702
116 0.784483
118 0.779661
120 0.783333
122 0.786885
124 0.790323
126 0.785714
128 0.78125
130 0.784615
132 0.787879
134 0.791045
136 0.794118
