6 0.5
12 0.5
18 0.5
24 0.541667
30 0.6
36 0.638889
42 0.690476
48 0.729167
54 0.759259
60 0.783333
66 0.787879
72 0.805556
78 0.807692
84 0.821429
90 0.833333
96 0.833333
102 0.833333
108 0.833333
114 0.842105
120 0.85
126 0.857143
132 0.863636
138 0.869565
144 0.875
150 0.88
156 0.884615
162 0.888889
168 0.886905
174 0.885057
180 0.883333
186 0.887097
192 0.890625
198 0.893939
204 0.897059
210 0.9
216 0.902778
222 0.905405
228 0.907895
234 0.910256
240 0.9125
246 0.914634
252 0.916667
258 0.918605
264 0.920455
270 0.922222
276 0.923913
282 0.925532
288 0.927083
294 0.928571
300 0.93
