3 0.666667
6 0.333333
9 0.222222
12 0.25
15 0.2
18 0.222222
21 0.285714
24 0.333333
27 0.37037
30 0.333333
33 0.333333
36 0.361111
39 0.358974
42 0.404762
45 0.4
48 0.4375
51 0.470588
54 0.5
57 0.526316
60 0.533333
63 0.539683
66 0.545455
69 0.565217
72 0.569444
75 0.586667
78 0.589744
81 0.592593
84 0.595238
87 0.597701
90 0.611111
93 0.623656
96 0.625
99 0.636364
102 0.647059
105 0.657143
108 0.666667
111 0.675676
114 0.684211
117 0.692308
120 0.7
123 0.707317
126 0.714286
129 0.72093
132 0.727273
135 0.733333
138 0.73913
141 0.737589
144 0.743056
147 0.748299
150 0.753333
153 0.75817
156 0.762821
159 0.767296
162 0.771605
165 0.775758
168 0.779762
171 0.783626
174 0.787356
177 0.79096
180 0.794444
183 0.797814
186 0.801075
189 0.804233
192 0.807292
195 0.810256
