3 0.666667
6 0.333333
9 0.222222
12 0.166667
15 0.133333
18 0.111111
21 0.0952381
24 0.0833333
27 0.0740741
30 0.0666667
33 0.0909091
36 0.0833333
39 0.0769231
42 0.0714286
45 0.0666667
48 0.0625
51 0.0588235
54 0.0555556
57 0.0526316
60 0.05
63 0.0634921
66 0.0606061
69 0.057971
72 0.0694444
75 0.0666667
78 0.0641026
81 0.0617284
84 0.0595238
87 0.0574713
90 0.0555556
93 0.0537634
96 0.0625
99 0.0707071
102 0.0686275
105 0.0761905
108 0.0740741
111 0.0810811
114 0.0789474
117 0.0854701
120 0.0833333
123 0.0813008
126 0.0793651
129 0.0930233
132 0.0909091
135 0.0962963
138 0.101449
141 0.106383
144 0.104167
147 0.102041
150 0.106667
153 0.111111
156 0.115385
159 0.113208
162 0.111111
165 0.109091
168 0.107143
171 0.105263
174 0.103448
177 0.101695
180 0.1
183 0.0983607
186 0.0967742
189 0.100529
192 0.0989583
195 0.0974359
