1 0
2 0
3 0.333333
4 0.25
5 0.2
6 0.166667
7 0.142857
8 0.125
9 0.111111
10 0.1
11 0.0909091
12 0.0833333
13 0.0769231
14 0.142857
15 0.133333
16 0.125
17 0.117647
18 0.111111
19 0.105263
20 0.1
21 0.142857
22 0.136364
23 0.173913
24 0.208333
25 0.24
26 0.269231
27 0.259259
28 0.25
29 0.241379
30 0.233333
31 0.225806
32 0.21875
33 0.242424
34 0.235294
35 0.257143
36 0.25
37 0.27027
38 0.289474
39 0.282051
40 0.275
41 0.292683
42 0.285714
43 0.27907
44 0.295455
45 0.311111
46 0.326087
47 0.319149
48 0.3125
49 0.326531
50 0.32
51 0.313725
52 0.307692
53 0.320755
54 0.333333
55 0.345455
56 0.357143
57 0.350877
58 0.344828
59 0.338983
60 0.333333
61 0.344262
62 0.33871
63 0.349206
64 0.34375
65 0.338462
66 0.333333
67 0.343284
68 0.338235
69 0.347826
70 0.342857
71 0.338028
72 0.333333
73 0.342466
74 0.351351
75 0.346667
76 0.342105
77 0.350649
78 0.346154
79 0.35443
80 0.35
81 0.358025
82 0.353659
83 0.349398
84 0.357143
85 0.364706
86 0.372093
87 0.367816
88 0.375
89 0.370787
90 0.377778
91 0.373626
92 0.380435
93 0.387097
