19 0.368421
38 0.552632
57 0.596491
76 0.565789
95 0.589474
114 0.596491
133 0.609023
152 0.585526
171 0.590643
190 0.615789
209 0.62201
228 0.631579
247 0.639676
266 0.654135
285 0.642105
304 0.641447
323 0.643963
342 0.634503
361 0.639889
380 0.65
399 0.651629
418 0.645933
437 0.649886
456 0.655702
475 0.642105
494 0.633603
513 0.623782
532 0.618421
551 0.622505
570 0.622807
589 0.626486
608 0.623355
627 0.625199
646 0.626935
665 0.627068
684 0.627193
703 0.630156
722 0.626039
741 0.620783
760 0.619737
779 0.620026
798 0.617794
817 0.616891
836 0.616029
855 0.612865
874 0.60984
893 0.602464
912 0.600877
931 0.595059
950 0.590526
969 0.586171
988 0.580972
