3 0
6 0.5
9 0.666667
12 0.75
15 0.8
18 0.722222
21 0.619048
24 0.583333
27 0.62963
30 0.6
33 0.575758
36 0.555556
39 0.538462
42 0.571429
45 0.577778
48 0.5625
51 0.588235
54 0.611111
57 0.631579
60 0.65
63 0.634921
66 0.636364
69 0.652174
72 0.666667
75 0.64
78 0.641026
81 0.641975
84 0.642857
87 0.655172
90 0.655556
93 0.645161
96 0.65625
99 0.666667
102 0.656863
105 0.657143
108 0.648148
111 0.648649
114 0.657895
117 0.666667
120 0.666667
123 0.674797
126 0.68254
129 0.689922
132 0.69697
135 0.696296
138 0.695652
141 0.687943
144 0.6875
147 0.687075
150 0.68
153 0.673203
156 0.673077
