4 0.5
8 0.625
12 0.5
16 0.5625
20 0.55
24 0.541667
28 0.535714
32 0.53125
36 0.555556
40 0.575
44 0.590909
48 0.5625
52 0.557692
56 0.571429
60 0.566667
64 0.546875
68 0.544118
72 0.555556
76 0.539474
80 0.5375
84 0.547619
88 0.568182
92 0.576087
96 0.583333
100 0.59
104 0.576923
108 0.583333
112 0.589286
116 0.568966
120 0.558333
124 0.556452
128 0.546875
132 0.537879
136 0.522059
140 0.521429
144 0.506944
148 0.5
152 0.513158
156 0.519231
160 0.53125
164 0.530488
168 0.529762
172 0.523256
176 0.522727
180 0.516667
184 0.516304
188 0.526596
192 0.526042
196 0.530612
200 0.54
204 0.534314
208 0.538462
212 0.54717
216 0.550926
220 0.559091
224 0.5625
