3 0
6 0
9 0.222222
12 0.25
15 0.266667
18 0.222222
21 0.285714
24 0.291667
27 0.37037
30 0.366667
33 0.363636
36 0.361111
39 0.410256
42 0.428571
45 0.422222
48 0.416667
51 0.392157
54 0.407407
57 0.403509
60 0.4
63 0.396825
66 0.393939
69 0.376812
72 0.375
75 0.386667
78 0.384615
81 0.382716
84 0.380952
87 0.37931
90 0.377778
93 0.365591
96 0.364583
99 0.363636
102 0.352941
105 0.352381
108 0.351852
111 0.342342
114 0.350877
117 0.358974
120 0.35
123 0.341463
126 0.333333
129 0.325581
132 0.318182
135 0.311111
138 0.304348
141 0.304965
144 0.298611
147 0.29932
150 0.293333
153 0.294118
156 0.301282
159 0.314465
