3 0
6 0.166667
9 0.333333
12 0.416667
15 0.466667
18 0.555556
21 0.619048
24 0.666667
27 0.703704
30 0.733333
33 0.757576
36 0.777778
39 0.794872
42 0.785714
45 0.755556
48 0.75
51 0.72549
54 0.740741
57 0.754386
60 0.75
63 0.746032
66 0.757576
69 0.768116
72 0.777778
75 0.786667
78 0.782051
81 0.790123
84 0.785714
87 0.793103
90 0.8
93 0.795699
96 0.791667
99 0.79798
102 0.803922
105 0.809524
108 0.814815
111 0.810811
114 0.815789
117 0.820513
120 0.816667
123 0.821138
126 0.81746
129 0.821705
132 0.810606
135 0.807407
138 0.811594
141 0.815603
144 0.8125
147 0.809524
150 0.806667
153 0.797386
156 0.801282
159 0.805031
