2 0
4 0.25
6 0.333333
8 0.25
10 0.4
12 0.416667
14 0.428571
16 0.4375
18 0.444444
20 0.45
22 0.409091
24 0.375
26 0.346154
28 0.321429
30 0.333333
32 0.3125
34 0.294118
36 0.333333
38 0.342105
40 0.325
42 0.333333
44 0.340909
46 0.326087
48 0.333333
50 0.34
52 0.346154
54 0.351852
56 0.339286
58 0.327586
60 0.316667
62 0.322581
64 0.3125
66 0.318182
68 0.308824
70 0.314286
72 0.305556
74 0.310811
76 0.302632
78 0.294872
80 0.2875
82 0.280488
84 0.285714
86 0.302326
88 0.295455
90 0.288889
92 0.282609
94 0.276596
96 0.270833
98 0.265306
100 0.26
102 0.254902
104 0.25
106 0.245283
108 0.240741
110 0.245455
112 0.241071
114 0.236842
116 0.232759
118 0.237288
120 0.25
122 0.245902
124 0.241935
126 0.246032
128 0.242188
130 0.238462
