7 0.714286
14 0.785714
21 0.714286
28 0.678571
35 0.742857
42 0.761905
49 0.77551
56 0.75
63 0.761905
70 0.757143
77 0.779221
84 0.797619
91 0.78022
98 0.77551
105 0.780952
112 0.776786
119 0.789916
126 0.793651
133 0.796992
140 0.807143
147 0.802721
154 0.811688
161 0.819876
168 0.821429
175 0.828571
182 0.835165
189 0.84127
196 0.836735
203 0.842365
210 0.842857
217 0.847926
224 0.852679
231 0.857143
238 0.861345
245 0.861224
252 0.865079
259 0.868726
266 0.87218
273 0.868132
280 0.871429
287 0.87108
294 0.87415
301 0.877076
308 0.87987
315 0.88254
322 0.885093
329 0.884498
336 0.877976
343 0.880466
350 0.882857
357 0.885154
364 0.887363
371 0.889488
378 0.891534
385 0.893506
392 0.895408
