100 0.94
200 0.97
300 0.98
400 0.985
500 0.988
600 0.99
700 0.991429
800 0.9925
900 0.993333
1000 0.994
1100 0.994545
1200 0.995
1300 0.995385
1400 0.995714
1500 0.996
1600 0.99625
1700 0.996471
1800 0.996667
1900 0.996842
2000 0.997
2100 0.997143
2200 0.997273
2300 0.997391
2400 0.9975
2500 0.9976
2600 0.997692
2700 0.997778
2800 0.997857
2900 0.997931
3000 0.998
3100 0.998065
3200 0.998125
3300 0.998182
3400 0.998235
3500 0.998286
3600 0.998333
3700 0.998378
3800 0.998421
3900 0.998462
4000 0.9985
4100 0.998537
4200 0.998571
4300 0.998605
4400 0.998636
4500 0.998667
4600 0.998696
4700 0.998723
4800 0.99875
4900 0.998776
5000 0.9988
