10 0.6
20 0.65
30 0.766667
40 0.75
50 0.72
60 0.716667
70 0.714286
80 0.7125
90 0.733333
100 0.74
110 0.745455
120 0.758333
130 0.753846
140 0.757143
150 0.773333
160 0.775
170 0.788235
180 0.788889
190 0.8
200 0.795
210 0.8
220 0.809091
230 0.817391
240 0.820833
250 0.828
260 0.826923
270 0.833333
280 0.839286
290 0.844828
300 0.85
310 0.854839
320 0.859375
330 0.863636
340 0.867647
350 0.871429
360 0.875
370 0.878378
380 0.881579
390 0.882051
400 0.885
410 0.887805
420 0.888095
430 0.890698
440 0.893182
450 0.895556
460 0.897826
470 0.9
480 0.902083
490 0.904082
500 0.906
