100 0.74
200 0.84
300 0.88
400 0.9025
500 0.922
600 0.935
700 0.944286
800 0.95
900 0.955556
1000 0.96
1100 0.963636
1200 0.966667
1300 0.969231
1400 0.971429
1500 0.973333
1600 0.975
1700 0.976471
1800 0.977778
1900 0.978947
2000 0.98
2100 0.980952
2200 0.981818
2300 0.982609
2400 0.983333
2500 0.984
2600 0.984615
2700 0.985185
2800 0.985714
2900 0.986207
3000 0.986667
3100 0.987097
3200 0.9875
3300 0.987879
3400 0.988235
3500 0.988571
3600 0.988889
3700 0.989189
3800 0.989474
3900 0.989744
4000 0.99
4100 0.990244
4200 0.990476
4300 0.990698
4400 0.990909
4500 0.991111
4600 0.991304
4700 0.991489
4800 0.991667
4900 0.991837
5000 0.992
