10 0.5
20 0.35
30 0.3
40 0.275
50 0.3
60 0.266667
70 0.257143
80 0.25
90 0.244444
100 0.23
110 0.209091
120 0.225
130 0.215385
140 0.214286
150 0.213333
160 0.20625
170 0.205882
180 0.194444
190 0.189474
200 0.19
210 0.185714
220 0.181818
230 0.182609
240 0.179167
250 0.176
260 0.180769
270 0.177778
280 0.171429
290 0.172414
300 0.166667
310 0.167742
320 0.1625
330 0.157576
340 0.155882
350 0.157143
360 0.155556
370 0.156757
380 0.155263
390 0.15641
400 0.16
410 0.163415
420 0.164286
430 0.17907
440 0.193182
450 0.202222
460 0.21087
470 0.221277
480 0.235417
490 0.246939
500 0.246
