15 0.466667
30 0.533333
45 0.511111
60 0.583333
75 0.586667
90 0.644444
105 0.657143
120 0.666667
135 0.651852
150 0.653333
165 0.654545
180 0.661111
195 0.661538
210 0.671429
225 0.662222
240 0.670833
255 0.666667
270 0.666667
285 0.666667
300 0.653333
315 0.650794
330 0.645455
345 0.655072
360 0.661111
375 0.666667
390 0.676923
405 0.679012
420 0.680952
435 0.689655
450 0.688889
465 0.688172
480 0.685417
495 0.686869
510 0.690196
525 0.689524
540 0.694444
555 0.697297
570 0.698246
585 0.699145
600 0.7
615 0.705691
630 0.704762
645 0.710078
660 0.709091
675 0.703704
690 0.704348
705 0.700709
720 0.702778
735 0.703401
750 0.704
765 0.705882
