75 0.933333
150 0.946667
225 0.96
300 0.97
375 0.973333
450 0.975556
525 0.979048
600 0.98
675 0.982222
750 0.984
825 0.985455
900 0.986667
975 0.987692
1050 0.987619
1125 0.988444
1200 0.989167
1275 0.989804
1350 0.99037
1425 0.990877
1500 0.991333
1575 0.991111
1650 0.991515
1725 0.991304
1800 0.991667
1875 0.992
1950 0.992308
2025 0.992593
2100 0.992857
2175 0.993103
2250 0.993333
2325 0.993548
2400 0.99375
2475 0.993939
2550 0.994118
2625 0.994286
2700 0.994444
2775 0.994234
2850 0.994386
2925 0.99453
3000 0.994667
3075 0.994797
3150 0.994921
3225 0.995039
3300 0.995152
3375 0.995259
3450 0.995362
3525 0.995461
3600 0.995556
3675 0.995646
3750 0.995733
