4 0.75
8 0.875
12 0.916667
16 0.9375
20 0.95
24 0.958333
28 0.964286
32 0.96875
36 0.972222
40 0.975
44 0.977273
48 0.979167
52 0.980769
56 0.982143
60 0.983333
64 0.984375
68 0.985294
72 0.986111
76 0.986842
80 0.9875
84 0.988095
88 0.988636
92 0.98913
96 0.989583
100 0.96
104 0.923077
108 0.907407
112 0.901786
116 0.905172
120 0.9
124 0.903226
128 0.90625
132 0.901515
136 0.904412
140 0.907143
144 0.909722
148 0.912162
152 0.914474
156 0.916667
160 0.91875
164 0.920732
168 0.922619
172 0.924419
176 0.926136
180 0.927778
184 0.929348
188 0.930851
192 0.932292
196 0.933673
200 0.935
204 0.936275
208 0.9375
