5 0.2
10 0.3
15 0.333333
20 0.3
25 0.36
30 0.333333
35 0.314286
40 0.35
45 0.355556
50 0.4
55 0.436364
60 0.483333
65 0.507692
70 0.528571
75 0.546667
80 0.55
85 0.564706
90 0.577778
95 0.6
100 0.62
105 0.638095
110 0.645455
115 0.652174
120 0.666667
125 0.672
130 0.684615
135 0.696296
140 0.7
145 0.703448
150 0.713333
155 0.716129
160 0.71875
165 0.727273
170 0.735294
175 0.742857
180 0.75
185 0.756757
190 0.763158
195 0.764103
200 0.77
205 0.770732
210 0.77619
215 0.781395
220 0.786364
225 0.791111
230 0.795652
235 0.8
240 0.804167
245 0.808163
250 0.812
255 0.815686
260 0.819231
265 0.822642
270 0.825926
275 0.829091
280 0.832143
285 0.835088
