2 0
4 0.25
6 0.333333
8 0.25
10 0.4
12 0.416667
14 0.428571
16 0.4375
18 0.388889
20 0.4
22 0.363636
24 0.333333
26 0.307692
28 0.285714
30 0.3
32 0.28125
34 0.264706
36 0.305556
38 0.315789
40 0.325
42 0.333333
44 0.340909
46 0.326087
48 0.333333
50 0.32
52 0.326923
54 0.333333
56 0.339286
58 0.327586
60 0.333333
62 0.354839
64 0.34375
66 0.348485
68 0.338235
70 0.342857
72 0.347222
74 0.364865
76 0.368421
78 0.358974
80 0.35
82 0.341463
84 0.345238
86 0.360465
88 0.363636
90 0.366667
92 0.358696
94 0.361702
96 0.364583
98 0.367347
100 0.36
102 0.362745
104 0.355769
106 0.358491
108 0.351852
110 0.354545
112 0.357143
114 0.359649
116 0.353448
118 0.355932
120 0.366667
122 0.377049
124 0.387097
126 0.396825
128 0.40625
130 0.407692
