400 0.29
800 0.41125
1200 0.44
1600 0.465625
2000 0.473
2400 0.479167
2800 0.487857
3200 0.496563
3600 0.501944
4000 0.51025
4400 0.513864
4800 0.518542
5200 0.520577
5600 0.524286
6000 0.528333
6400 0.532813
6800 0.533971
7200 0.536111
7600 0.537763
8000 0.537625
8400 0.54
8800 0.541023
9200 0.541848
9600 0.542188
10000 0.5444
10400 0.545577
10800 0.546204
11200 0.548661
11600 0.549483
12000 0.550583
12400 0.551129
12800 0.552188
13200 0.553258
13600 0.553529
14000 0.554429
14400 0.555278
14800 0.555676
15200 0.555263
15600 0.55609
16000 0.557063
16400 0.557805
16800 0.558095
17200 0.558314
17600 0.556989
18000 0.557111
18400 0.557717
18800 0.557394
19200 0.556302
19600 0.556122
20000 0.5557
