100 0.65
200 0.695
300 0.713333
400 0.7075
500 0.696
600 0.693333
700 0.69
800 0.6825
900 0.671111
1000 0.66
1100 0.652727
1200 0.6425
1300 0.633846
1400 0.633571
1500 0.628
1600 0.628125
1700 0.627059
1800 0.627222
1900 0.625263
2000 0.623
2100 0.622857
2200 0.621818
2300 0.62
2400 0.6175
2500 0.618
2600 0.617692
2700 0.614074
2800 0.613929
2900 0.616552
3000 0.616667
3100 0.613871
3200 0.609375
3300 0.608485
3400 0.610294
3500 0.608286
3600 0.607222
3700 0.604865
3800 0.603947
3900 0.600769
4000 0.6
4100 0.596341
4200 0.591905
4300 0.588837
4400 0.586136
4500 0.585556
4600 0.583478
4700 0.581702
4800 0.580625
4900 0.578571
5000 0.5774
