5 0.2
10 0.1
15 0.133333
20 0.2
25 0.24
30 0.266667
35 0.285714
40 0.325
45 0.333333
50 0.32
55 0.290909
60 0.283333
65 0.276923
70 0.257143
75 0.24
80 0.225
85 0.211765
90 0.2
95 0.189474
100 0.2
105 0.190476
110 0.190909
115 0.191304
120 0.2
125 0.2
130 0.2
135 0.214815
140 0.214286
145 0.206897
150 0.206667
155 0.206452
160 0.20625
165 0.212121
170 0.205882
175 0.211429
180 0.211111
185 0.210811
190 0.210526
195 0.205128
200 0.2
205 0.204878
210 0.204762
215 0.209302
220 0.204545
225 0.204444
230 0.2
235 0.2
240 0.195833
245 0.195918
250 0.196
