19 0.473684
38 0.657895
57 0.736842
76 0.684211
95 0.736842
114 0.780702
133 0.81203
152 0.802632
171 0.818713
190 0.836842
209 0.851675
228 0.864035
247 0.870445
266 0.879699
285 0.870175
304 0.878289
323 0.885449
342 0.891813
361 0.897507
380 0.902632
399 0.907268
418 0.911483
437 0.915332
456 0.916667
475 0.913684
494 0.91498
513 0.918129
532 0.921053
551 0.92196
570 0.924561
589 0.926995
608 0.929276
627 0.931419
646 0.933437
665 0.935338
684 0.937135
703 0.938834
722 0.940443
741 0.94197
760 0.943421
779 0.944801
798 0.946115
817 0.947368
836 0.948565
855 0.949708
874 0.950801
893 0.951848
912 0.952851
931 0.953813
950 0.954737
969 0.955624
988 0.956478
