10 0.5
20 0.55
30 0.6
40 0.575
50 0.54
60 0.533333
70 0.5
80 0.4875
90 0.511111
100 0.52
110 0.518182
120 0.533333
130 0.5
140 0.5
150 0.5
160 0.50625
170 0.511765
180 0.516667
190 0.536842
200 0.53
210 0.538095
220 0.554545
230 0.565217
240 0.566667
250 0.584
260 0.584615
270 0.592593
280 0.607143
290 0.613793
300 0.626667
310 0.63871
320 0.646875
330 0.657576
340 0.664706
350 0.674286
360 0.680556
370 0.681081
380 0.686842
390 0.689744
400 0.6925
410 0.697561
420 0.697619
430 0.704651
440 0.711364
450 0.717778
460 0.723913
470 0.729787
480 0.735417
490 0.740816
500 0.744
