5 0.2
10 0.2
15 0.266667
20 0.4
25 0.44
30 0.466667
35 0.542857
40 0.575
45 0.577778
50 0.58
55 0.618182
60 0.633333
65 0.661538
70 0.685714
75 0.706667
80 0.725
85 0.741176
90 0.744444
95 0.757895
100 0.77
105 0.780952
110 0.790909
115 0.8
120 0.808333
125 0.816
130 0.815385
135 0.822222
140 0.821429
145 0.827586
150 0.833333
155 0.832258
160 0.8375
165 0.842424
170 0.847059
175 0.851429
180 0.855556
185 0.859459
190 0.857895
195 0.85641
200 0.855
205 0.858537
210 0.861905
215 0.865116
220 0.863636
225 0.862222
230 0.86087
235 0.859574
240 0.858333
245 0.857143
250 0.86
