4 0.25
8 0.25
12 0.25
16 0.1875
20 0.25
24 0.291667
28 0.357143
32 0.375
36 0.388889
40 0.425
44 0.454545
48 0.416667
52 0.442308
56 0.428571
60 0.433333
64 0.421875
68 0.411765
72 0.402778
76 0.407895
80 0.3875
84 0.369048
88 0.375
92 0.369565
96 0.354167
100 0.37
104 0.375
108 0.398148
112 0.401786
116 0.396552
120 0.391667
124 0.403226
128 0.398438
132 0.401515
136 0.397059
140 0.4
144 0.395833
148 0.412162
152 0.414474
156 0.416667
160 0.425
164 0.432927
168 0.434524
172 0.447674
176 0.448864
180 0.438889
184 0.445652
188 0.441489
192 0.432292
196 0.433673
200 0.445
204 0.441176
208 0.447115
212 0.448113
