63 0.984127
126 0.992063
189 0.994709
252 0.996032
315 0.996825
378 0.997354
441 0.997732
504 0.998016
567 0.998236
630 0.998413
693 0.998557
756 0.998677
819 0.984127
882 0.985261
945 0.986243
1008 0.987103
1071 0.987862
1134 0.988536
1197 0.98914
1260 0.989683
1323 0.990174
1386 0.99062
1449 0.991028
1512 0.991402
1575 0.985397
1638 0.985958
1701 0.986479
1764 0.986961
1827 0.987411
1890 0.987831
1953 0.988223
2016 0.988591
2079 0.988937
2142 0.989262
2205 0.989569
2268 0.989859
2331 0.990133
2394 0.990393
2457 0.990639
2520 0.990873
2583 0.991096
2646 0.991308
2709 0.99151
2772 0.991703
2835 0.991887
2898 0.992063
2961 0.992232
3024 0.992394
3087 0.992549
3150 0.992698
