4 0.75
8 0.875
12 0.833333
16 0.875
20 0.85
24 0.875
28 0.857143
32 0.875
36 0.833333
40 0.825
44 0.818182
48 0.833333
52 0.846154
56 0.857143
60 0.866667
64 0.875
68 0.882353
72 0.888889
76 0.894737
80 0.9
84 0.904762
88 0.897727
92 0.902174
96 0.895833
100 0.89
104 0.894231
108 0.898148
112 0.892857
116 0.887931
120 0.891667
124 0.887097
128 0.890625
132 0.886364
136 0.889706
140 0.892857
144 0.895833
148 0.891892
152 0.894737
156 0.897436
160 0.9
164 0.902439
168 0.904762
172 0.906977
176 0.909091
180 0.911111
184 0.913043
188 0.914894
192 0.916667
196 0.918367
200 0.91
204 0.911765
208 0.913462
