2 0
4 0.25
6 0.333333
8 0.25
10 0.4
12 0.416667
14 0.5
16 0.5
18 0.555556
20 0.55
22 0.5
24 0.458333
26 0.423077
28 0.428571
30 0.466667
32 0.46875
34 0.470588
36 0.5
38 0.526316
40 0.55
42 0.547619
44 0.568182
46 0.565217
48 0.5625
50 0.56
52 0.576923
54 0.592593
56 0.607143
58 0.586207
60 0.583333
62 0.596774
64 0.59375
66 0.606061
68 0.617647
70 0.614286
72 0.611111
74 0.621622
76 0.631579
78 0.628205
80 0.625
82 0.621951
84 0.619048
86 0.627907
88 0.625
90 0.633333
92 0.641304
94 0.648936
96 0.65625
98 0.653061
100 0.66
102 0.666667
104 0.663462
106 0.669811
108 0.675926
110 0.681818
112 0.6875
114 0.684211
116 0.681034
118 0.686441
120 0.691667
122 0.696721
124 0.701613
126 0.706349
128 0.710938
130 0.715385
