4 0.25
8 0.375
12 0.416667
16 0.5
20 0.55
24 0.625
28 0.642857
32 0.65625
36 0.638889
40 0.675
44 0.681818
48 0.666667
52 0.692308
56 0.678571
60 0.65
64 0.65625
68 0.661765
72 0.666667
76 0.657895
80 0.65
84 0.666667
88 0.659091
92 0.663043
96 0.677083
100 0.67
104 0.673077
108 0.685185
112 0.6875
116 0.689655
120 0.7
124 0.701613
128 0.679688
132 0.674242
136 0.669118
140 0.664286
144 0.645833
148 0.641892
152 0.644737
156 0.634615
160 0.64375
164 0.646341
168 0.654762
172 0.662791
176 0.670455
180 0.661111
184 0.663043
188 0.659574
192 0.661458
196 0.668367
200 0.675
204 0.681373
