3 0.666667
6 0.833333
9 0.777778
12 0.833333
15 0.866667
18 0.888889
21 0.904762
24 0.916667
27 0.925926
30 0.933333
33 0.909091
36 0.888889
39 0.897436
42 0.904762
45 0.911111
48 0.916667
51 0.921569
54 0.925926
57 0.929825
60 0.933333
63 0.936508
66 0.939394
69 0.942029
72 0.944444
75 0.946667
78 0.948718
81 0.950617
84 0.952381
87 0.954023
90 0.955556
93 0.956989
96 0.958333
99 0.959596
102 0.960784
105 0.961905
108 0.962963
111 0.963964
114 0.964912
117 0.965812
120 0.966667
123 0.96748
126 0.968254
129 0.968992
132 0.969697
135 0.97037
138 0.971014
141 0.971631
144 0.972222
147 0.972789
150 0.973333
153 0.973856
