2 0
4 0.25
6 0.333333
8 0.25
10 0.4
12 0.416667
14 0.5
16 0.5
18 0.555556
20 0.55
22 0.5
24 0.458333
26 0.423077
28 0.428571
30 0.466667
32 0.46875
34 0.470588
36 0.5
38 0.526316
40 0.55
42 0.547619
44 0.568182
46 0.586957
48 0.604167
50 0.6
52 0.615385
54 0.62963
56 0.642857
58 0.637931
60 0.633333
62 0.645161
64 0.640625
66 0.651515
68 0.661765
70 0.671429
72 0.666667
74 0.675676
76 0.684211
78 0.692308
80 0.6875
82 0.682927
84 0.678571
86 0.686047
88 0.681818
90 0.688889
92 0.695652
94 0.702128
96 0.708333
98 0.704082
100 0.71
102 0.715686
104 0.711538
106 0.716981
108 0.722222
110 0.727273
112 0.732143
114 0.736842
116 0.741379
118 0.745763
120 0.75
122 0.754098
124 0.758065
126 0.761905
128 0.765625
130 0.769231
