4 0.25
8 0.5
12 0.5
16 0.4375
20 0.45
24 0.458333
28 0.535714
32 0.53125
36 0.5
40 0.5
44 0.522727
48 0.520833
52 0.538462
56 0.553571
60 0.583333
64 0.5625
68 0.544118
72 0.541667
76 0.539474
80 0.55
84 0.547619
88 0.568182
92 0.565217
96 0.583333
100 0.58
104 0.567308
108 0.564815
112 0.580357
116 0.594828
120 0.608333
124 0.620968
128 0.617188
132 0.613636
136 0.602941
140 0.6
144 0.590278
148 0.594595
152 0.598684
156 0.602564
160 0.6125
164 0.615854
168 0.607143
172 0.616279
176 0.607955
180 0.611111
184 0.608696
188 0.617021
192 0.609375
196 0.607143
200 0.605
204 0.607843
