2 0.5
4 0.5
6 0.5
8 0.625
10 0.7
12 0.583333
14 0.571429
16 0.5
18 0.5
20 0.55
22 0.545455
24 0.541667
26 0.5
28 0.5
30 0.5
32 0.5
34 0.529412
36 0.527778
38 0.5
40 0.525
42 0.52381
44 0.522727
46 0.543478
48 0.5625
50 0.58
52 0.576923
54 0.592593
56 0.607143
58 0.603448
60 0.616667
62 0.629032
64 0.625
66 0.636364
68 0.647059
70 0.642857
72 0.652778
74 0.648649
76 0.657895
78 0.666667
80 0.675
82 0.658537
84 0.666667
86 0.662791
88 0.659091
90 0.655556
92 0.663043
94 0.648936
96 0.635417
98 0.622449
100 0.63
102 0.627451
104 0.625
106 0.613208
108 0.62037
110 0.609091
112 0.607143
114 0.605263
116 0.612069
118 0.618644
120 0.625
122 0.614754
124 0.620968
126 0.626984
128 0.617188
130 0.615385
132 0.621212
134 0.619403
136 0.625
138 0.630435
140 0.635714
142 0.633803
144 0.638889
146 0.630137
148 0.628378
