6 0.5
12 0.333333
18 0.388889
24 0.375
30 0.4
36 0.361111
42 0.380952
48 0.354167
54 0.351852
60 0.316667
66 0.30303
72 0.291667
78 0.294872
84 0.27381
90 0.255556
96 0.260417
102 0.254902
108 0.240741
114 0.245614
120 0.233333
126 0.238095
132 0.227273
138 0.224638
144 0.215278
150 0.213333
156 0.217949
162 0.209877
168 0.202381
174 0.201149
180 0.194444
186 0.188172
192 0.197917
198 0.191919
204 0.191176
210 0.185714
216 0.185185
222 0.18018
228 0.179825
234 0.175214
240 0.170833
246 0.170732
252 0.174603
258 0.174419
264 0.170455
270 0.166667
276 0.163043
282 0.159574
288 0.159722
294 0.156463
300 0.16
