3 0.666667
6 0.666667
9 0.666667
12 0.75
15 0.733333
18 0.777778
21 0.809524
24 0.833333
27 0.851852
30 0.866667
33 0.878788
36 0.888889
39 0.846154
42 0.785714
45 0.777778
48 0.791667
51 0.803922
54 0.814815
57 0.789474
60 0.766667
63 0.730159
66 0.712121
69 0.695652
72 0.694444
75 0.706667
78 0.717949
81 0.728395
84 0.738095
87 0.735632
90 0.722222
93 0.72043
96 0.71875
99 0.727273
102 0.735294
105 0.742857
108 0.75
111 0.756757
114 0.763158
117 0.769231
120 0.775
123 0.764228
126 0.769841
129 0.75969
132 0.765152
135 0.77037
138 0.775362
141 0.780142
144 0.784722
147 0.789116
150 0.793333
153 0.797386
156 0.794872
159 0.798742
162 0.802469
165 0.806061
168 0.809524
171 0.812865
174 0.816092
177 0.819209
180 0.822222
183 0.825137
186 0.827957
189 0.830688
