1 0
2 0
3 0.333333
4 0.25
5 0.4
6 0.333333
7 0.285714
8 0.25
9 0.222222
10 0.2
11 0.181818
12 0.166667
13 0.153846
14 0.142857
15 0.133333
16 0.125
17 0.117647
18 0.166667
19 0.157895
20 0.2
21 0.190476
22 0.181818
23 0.173913
24 0.166667
25 0.16
26 0.153846
27 0.148148
28 0.142857
29 0.137931
30 0.133333
31 0.129032
32 0.125
33 0.121212
34 0.117647
35 0.114286
36 0.111111
37 0.108108
38 0.105263
39 0.102564
40 0.1
41 0.097561
42 0.0952381
43 0.0930233
44 0.113636
45 0.111111
46 0.108696
47 0.106383
48 0.125
49 0.122449
50 0.12
51 0.137255
52 0.134615
53 0.132075
54 0.12963
55 0.127273
