400 0.8525
800 0.92625
1200 0.950833
1600 0.963125
2000 0.9705
2400 0.975417
2800 0.978929
3200 0.981563
3600 0.983611
4000 0.98525
4400 0.986591
4800 0.987708
5200 0.988654
5600 0.989464
6000 0.990167
6400 0.990781
6800 0.991324
7200 0.991806
7600 0.992237
8000 0.992625
8400 0.992976
8800 0.993295
9200 0.993587
9600 0.993854
10000 0.9941
10400 0.994327
10800 0.994537
11200 0.994732
11600 0.994914
12000 0.995083
12400 0.995242
12800 0.995391
13200 0.99553
13600 0.995662
14000 0.995786
14400 0.995903
14800 0.996014
15200 0.996118
15600 0.996218
16000 0.996313
16400 0.996402
16800 0.996488
17200 0.99657
17600 0.996648
18000 0.996722
18400 0.996793
18800 0.996862
19200 0.996927
19600 0.99699
20000 0.99705
