4 0.5
8 0.5
12 0.583333
16 0.625
20 0.7
24 0.708333
28 0.75
32 0.75
36 0.75
40 0.75
44 0.75
48 0.770833
52 0.769231
56 0.785714
60 0.8
64 0.8125
68 0.823529
72 0.833333
76 0.842105
80 0.85
84 0.857143
88 0.863636
92 0.858696
96 0.864583
100 0.87
104 0.865385
108 0.87037
112 0.875
116 0.87931
120 0.883333
124 0.887097
128 0.890625
132 0.893939
136 0.897059
140 0.9
144 0.902778
148 0.905405
152 0.901316
156 0.903846
160 0.90625
164 0.908537
168 0.910714
172 0.906977
176 0.909091
180 0.911111
184 0.913043
188 0.914894
192 0.916667
196 0.918367
200 0.92
