46 0.652174
92 0.73913
138 0.797101
184 0.842391
230 0.869565
276 0.891304
322 0.903727
368 0.915761
414 0.925121
460 0.932609
506 0.938735
552 0.943841
598 0.948161
644 0.951863
690 0.955072
736 0.95788
782 0.960358
828 0.96256
874 0.964531
920 0.966304
966 0.967909
1012 0.969368
1058 0.970699
1104 0.97192
1150 0.973043
1196 0.97408
1242 0.974235
1288 0.975155
1334 0.976012
1380 0.976812
1426 0.97756
1472 0.978261
1518 0.97892
1564 0.97954
1610 0.980124
1656 0.980676
1702 0.981199
1748 0.981693
1794 0.982163
1840 0.982609
1886 0.983033
1932 0.983437
1978 0.983822
2024 0.98419
2070 0.984541
2116 0.984877
2162 0.985199
2208 0.985507
2254 0.985803
2300 0.986087
