5 0.2
10 0.1
15 0.0666667
20 0.15
25 0.16
30 0.166667
35 0.142857
40 0.15
45 0.177778
50 0.18
55 0.163636
60 0.15
65 0.153846
70 0.142857
75 0.16
80 0.15
85 0.141176
90 0.133333
95 0.126316
100 0.15
105 0.161905
110 0.172727
115 0.165217
120 0.166667
125 0.168
130 0.176923
135 0.177778
140 0.185714
145 0.193103
150 0.2
155 0.212903
160 0.20625
165 0.206061
170 0.205882
175 0.205714
180 0.211111
185 0.205405
190 0.210526
195 0.210256
200 0.215
205 0.209756
210 0.209524
215 0.209302
220 0.204545
225 0.213333
230 0.208696
235 0.204255
240 0.2
245 0.2
250 0.196
