16 0.4375
32 0.34375
48 0.354167
64 0.390625
80 0.45
96 0.520833
112 0.5625
128 0.585938
144 0.604167
160 0.6125
176 0.625
192 0.640625
208 0.658654
224 0.678571
240 0.6875
256 0.695312
272 0.705882
288 0.722222
304 0.733553
320 0.746875
336 0.75
352 0.755682
368 0.766304
384 0.773438
400 0.7775
416 0.786058
432 0.791667
448 0.796875
464 0.801724
480 0.804167
496 0.810484
512 0.814453
528 0.818182
544 0.821691
560 0.823214
576 0.824653
592 0.829392
608 0.830592
624 0.830128
640 0.834375
656 0.835366
672 0.837798
688 0.840116
704 0.84375
720 0.844444
736 0.845109
752 0.848404
768 0.85026
784 0.853316
800 0.85625
816 0.859069
832 0.861779
