4 0.5
8 0.5
12 0.666667
16 0.6875
20 0.75
24 0.75
28 0.785714
32 0.8125
36 0.805556
40 0.825
44 0.840909
48 0.854167
52 0.846154
56 0.857143
60 0.866667
64 0.875
68 0.882353
72 0.888889
76 0.894737
80 0.9
84 0.904762
88 0.909091
92 0.902174
96 0.90625
100 0.91
104 0.903846
108 0.907407
112 0.910714
116 0.913793
120 0.916667
124 0.919355
128 0.921875
132 0.924242
136 0.926471
140 0.928571
144 0.930556
148 0.932432
152 0.934211
156 0.935897
160 0.9375
164 0.939024
168 0.940476
172 0.936047
176 0.9375
180 0.938889
184 0.940217
188 0.941489
192 0.942708
196 0.943878
200 0.945
