4 0.75
8 0.875
12 0.916667
16 0.9375
20 0.95
24 0.958333
28 0.964286
32 0.96875
36 0.972222
40 0.975
44 0.977273
48 0.979167
52 0.980769
56 0.982143
60 0.983333
64 0.984375
68 0.985294
72 0.986111
76 0.986842
80 0.9875
84 0.988095
88 0.988636
92 0.98913
96 0.989583
100 0.96
104 0.923077
108 0.916667
112 0.910714
116 0.913793
120 0.916667
124 0.919355
128 0.921875
132 0.916667
136 0.919118
140 0.921429
144 0.923611
148 0.925676
152 0.927632
156 0.929487
160 0.93125
164 0.932927
168 0.934524
172 0.936047
176 0.9375
180 0.938889
184 0.940217
188 0.941489
192 0.942708
196 0.943878
200 0.945
204 0.946078
208 0.947115
