4 0.25
8 0.375
12 0.416667
16 0.5625
20 0.6
24 0.666667
28 0.678571
32 0.6875
36 0.666667
40 0.7
44 0.727273
48 0.708333
52 0.730769
56 0.714286
60 0.7
64 0.703125
68 0.705882
72 0.708333
76 0.697368
80 0.6875
84 0.702381
88 0.693182
92 0.695652
96 0.708333
100 0.72
104 0.721154
108 0.731481
112 0.732143
116 0.741379
120 0.75
124 0.75
128 0.726562
132 0.719697
136 0.713235
140 0.707143
144 0.6875
148 0.682432
152 0.690789
156 0.692308
160 0.7
164 0.70122
168 0.708333
172 0.715116
176 0.721591
180 0.716667
184 0.722826
188 0.718085
192 0.71875
196 0.72449
200 0.73
204 0.735294
