2 0.5
4 0.5
6 0.5
8 0.625
10 0.7
12 0.583333
14 0.571429
16 0.5625
18 0.611111
20 0.65
22 0.681818
24 0.708333
26 0.730769
28 0.75
30 0.766667
32 0.78125
34 0.794118
36 0.777778
38 0.789474
40 0.8
42 0.809524
44 0.818182
46 0.826087
48 0.833333
50 0.84
52 0.826923
54 0.833333
56 0.839286
58 0.844828
60 0.85
62 0.854839
64 0.859375
66 0.863636
68 0.867647
70 0.871429
72 0.875
74 0.878378
76 0.881579
78 0.884615
80 0.8875
82 0.890244
84 0.892857
86 0.895349
88 0.897727
90 0.9
92 0.902174
94 0.904255
96 0.90625
98 0.908163
100 0.91
102 0.911765
104 0.913462
106 0.915094
108 0.916667
110 0.909091
112 0.910714
114 0.912281
116 0.913793
118 0.915254
120 0.916667
122 0.909836
124 0.91129
126 0.912698
128 0.914062
130 0.915385
132 0.916667
134 0.91791
136 0.919118
138 0.92029
140 0.921429
142 0.922535
144 0.923611
146 0.924658
148 0.925676
