7 0.714286
14 0.785714
21 0.714286
28 0.642857
35 0.714286
42 0.738095
49 0.755102
56 0.714286
63 0.730159
70 0.728571
77 0.753247
84 0.761905
91 0.747253
98 0.744898
105 0.752381
112 0.75
119 0.764706
126 0.769841
133 0.766917
140 0.778571
147 0.77551
154 0.785714
161 0.78882
168 0.791667
175 0.8
182 0.807692
189 0.814815
196 0.811224
203 0.807882
210 0.809524
217 0.815668
224 0.821429
231 0.82684
238 0.831933
245 0.832653
252 0.829365
259 0.833977
266 0.834586
273 0.831502
280 0.835714
287 0.836237
294 0.840136
301 0.843854
308 0.844156
315 0.847619
322 0.850932
329 0.848024
336 0.842262
343 0.845481
350 0.848571
357 0.851541
364 0.854396
371 0.854447
378 0.857143
385 0.85974
392 0.862245
