6 0
12 0
18 0.0555556
24 0.125
30 0.2
36 0.194444
42 0.190476
48 0.229167
54 0.240741
60 0.3
66 0.30303
72 0.319444
78 0.358974
84 0.380952
90 0.411111
96 0.40625
102 0.421569
108 0.444444
114 0.473684
120 0.483333
126 0.5
132 0.507576
138 0.528986
144 0.534722
150 0.546667
156 0.557692
162 0.567901
168 0.583333
174 0.591954
180 0.605556
186 0.612903
192 0.614583
198 0.626263
204 0.622549
210 0.633333
216 0.638889
222 0.648649
228 0.649123
234 0.653846
240 0.6625
246 0.666667
252 0.670635
258 0.674419
264 0.681818
270 0.688889
276 0.695652
282 0.702128
288 0.701389
294 0.704082
300 0.706667
