1 0
2 0
3 0.333333
4 0.25
5 0.2
6 0.166667
7 0.142857
8 0.25
9 0.222222
10 0.2
11 0.181818
12 0.166667
13 0.153846
14 0.214286
15 0.2
16 0.25
17 0.235294
18 0.277778
19 0.315789
20 0.3
21 0.285714
22 0.272727
23 0.26087
24 0.25
25 0.28
26 0.307692
27 0.296296
28 0.285714
29 0.310345
30 0.3
31 0.322581
32 0.34375
33 0.333333
34 0.352941
35 0.342857
36 0.333333
37 0.324324
38 0.342105
39 0.333333
40 0.35
41 0.341463
42 0.333333
43 0.325581
44 0.340909
45 0.333333
46 0.326087
47 0.340426
48 0.354167
49 0.367347
50 0.36
51 0.352941
52 0.365385
53 0.377358
54 0.388889
55 0.381818
56 0.375
57 0.385965
58 0.37931
59 0.372881
60 0.383333
