400 0.3125
800 0.34375
1200 0.346667
1600 0.335625
2000 0.324
2400 0.315417
2800 0.303214
3200 0.298438
3600 0.293333
4000 0.2875
4400 0.283409
4800 0.27875
5200 0.276731
5600 0.27625
6000 0.272833
6400 0.270625
6800 0.268529
7200 0.265833
7600 0.263421
8000 0.262125
8400 0.261071
8800 0.259432
9200 0.258696
9600 0.257917
10000 0.2576
10400 0.255769
10800 0.253889
11200 0.253125
11600 0.2525
12000 0.252
12400 0.250806
12800 0.250547
13200 0.249621
13600 0.248529
14000 0.247786
14400 0.246736
14800 0.245811
15200 0.245
15600 0.244872
16000 0.243875
16400 0.242805
16800 0.241845
17200 0.240756
17600 0.239659
18000 0.239111
18400 0.238043
18800 0.237181
19200 0.235885
19600 0.235408
20000 0.23455
