3 0.666667
6 0.833333
9 0.777778
12 0.833333
15 0.866667
18 0.888889
21 0.904762
24 0.916667
27 0.925926
30 0.933333
33 0.878788
36 0.861111
39 0.871795
42 0.880952
45 0.888889
48 0.895833
51 0.901961
54 0.907407
57 0.912281
60 0.916667
63 0.920635
66 0.924242
69 0.913043
72 0.902778
75 0.906667
78 0.910256
81 0.91358
84 0.916667
87 0.908046
90 0.911111
93 0.913978
96 0.916667
99 0.919192
102 0.921569
105 0.92381
108 0.925926
111 0.927928
114 0.921053
117 0.923077
120 0.925
123 0.926829
126 0.928571
129 0.930233
132 0.931818
135 0.925926
138 0.927536
141 0.929078
144 0.930556
147 0.931973
150 0.926667
153 0.928105
