15 0.466667
30 0.633333
45 0.755556
60 0.783333
75 0.826667
90 0.855556
105 0.87619
120 0.891667
135 0.903704
150 0.913333
165 0.921212
180 0.927778
195 0.933333
210 0.938095
225 0.942222
240 0.941667
255 0.945098
270 0.948148
285 0.950877
300 0.953333
315 0.955556
330 0.957576
345 0.95942
360 0.961111
375 0.962667
390 0.964103
405 0.965432
420 0.966667
435 0.967816
450 0.968889
465 0.969892
480 0.970833
495 0.971717
510 0.972549
525 0.973333
540 0.974074
555 0.974775
570 0.975439
585 0.976068
600 0.976667
615 0.977236
630 0.977778
645 0.978295
660 0.978788
675 0.979259
690 0.97971
705 0.980142
720 0.980556
735 0.980952
750 0.981333
765 0.981699
