17 0.470588
34 0.470588
51 0.470588
68 0.470588
85 0.470588
102 0.45098
119 0.453782
136 0.448529
153 0.437908
170 0.429412
187 0.42246
204 0.406863
221 0.39819
238 0.394958
255 0.388235
272 0.386029
289 0.384083
306 0.385621
323 0.386997
340 0.382353
357 0.380952
374 0.379679
391 0.378517
408 0.379902
425 0.376471
442 0.373303
459 0.374728
476 0.37605
493 0.375254
510 0.372549
527 0.371917
544 0.369485
561 0.367201
578 0.365052
595 0.361345
612 0.357843
629 0.357711
646 0.356037
663 0.355958
680 0.354412
697 0.352941
714 0.354342
731 0.351573
748 0.351604
765 0.34902
782 0.345269
799 0.34418
816 0.344363
833 0.340936
850 0.341176
