3 0.666667
6 0.833333
9 0.888889
12 0.916667
15 0.933333
18 0.944444
21 0.952381
24 0.958333
27 0.962963
30 0.966667
33 0.969697
36 0.972222
39 0.974359
42 0.97619
45 0.977778
48 0.979167
51 0.960784
54 0.925926
57 0.929825
60 0.916667
63 0.904762
66 0.909091
69 0.913043
72 0.916667
75 0.92
78 0.923077
81 0.925926
84 0.928571
87 0.931034
90 0.933333
93 0.935484
96 0.927083
99 0.929293
102 0.911765
105 0.914286
108 0.907407
111 0.90991
114 0.912281
117 0.905983
120 0.9
123 0.902439
126 0.904762
129 0.906977
132 0.909091
135 0.896296
138 0.898551
141 0.900709
144 0.902778
147 0.904762
150 0.906667
