6 0.166667
12 0.416667
18 0.388889
24 0.5
30 0.566667
36 0.611111
42 0.642857
48 0.666667
54 0.703704
60 0.716667
66 0.742424
72 0.763889
78 0.75641
84 0.75
90 0.733333
96 0.71875
102 0.705882
108 0.703704
114 0.701754
120 0.7
126 0.698413
132 0.704545
138 0.702899
144 0.694444
150 0.693333
156 0.692308
162 0.691358
168 0.684524
174 0.683908
180 0.677778
186 0.677419
192 0.677083
198 0.676768
204 0.676471
210 0.671429
216 0.671296
222 0.675676
228 0.671053
234 0.67094
240 0.670833
246 0.666667
252 0.666667
258 0.662791
264 0.659091
270 0.655556
276 0.655797
282 0.652482
288 0.649306
294 0.64966
300 0.646667
306 0.643791
