12 0.5
24 0.583333
36 0.638889
48 0.729167
60 0.75
72 0.791667
84 0.821429
96 0.84375
108 0.861111
120 0.875
132 0.886364
144 0.895833
156 0.903846
168 0.910714
180 0.911111
192 0.916667
204 0.921569
216 0.925926
228 0.929825
240 0.933333
252 0.928571
264 0.924242
276 0.92029
288 0.909722
300 0.913333
312 0.907051
324 0.910494
336 0.91369
348 0.91092
360 0.908333
372 0.908602
384 0.911458
396 0.906566
408 0.906863
420 0.9
432 0.902778
444 0.903153
456 0.905702
468 0.905983
480 0.904167
492 0.900407
504 0.902778
516 0.905039
528 0.905303
540 0.901852
552 0.902174
564 0.902482
576 0.904514
588 0.903061
600 0.903333
612 0.903595
624 0.905449
