3 0
6 0.166667
9 0.333333
12 0.416667
15 0.466667
18 0.555556
21 0.619048
24 0.666667
27 0.703704
30 0.733333
33 0.757576
36 0.777778
39 0.794872
42 0.785714
45 0.755556
48 0.75
51 0.72549
54 0.740741
57 0.754386
60 0.766667
63 0.761905
66 0.772727
69 0.782609
72 0.791667
75 0.8
78 0.807692
81 0.814815
84 0.821429
87 0.827586
90 0.833333
93 0.827957
96 0.822917
99 0.828283
102 0.833333
105 0.838095
108 0.842593
111 0.837838
114 0.842105
117 0.846154
120 0.841667
123 0.845528
126 0.84127
129 0.844961
132 0.840909
135 0.844444
138 0.847826
141 0.851064
144 0.847222
147 0.843537
150 0.84
153 0.830065
156 0.833333
159 0.836478
