1 0
2 0
3 0
4 0
5 0
6 0
7 0.142857
8 0.25
9 0.222222
10 0.3
11 0.272727
12 0.333333
13 0.307692
14 0.285714
15 0.266667
16 0.25
17 0.235294
18 0.222222
19 0.210526
20 0.2
21 0.190476
22 0.181818
23 0.173913
24 0.166667
25 0.16
26 0.153846
27 0.148148
28 0.178571
29 0.206897
30 0.2
31 0.225806
32 0.25
33 0.272727
34 0.264706
35 0.257143
36 0.25
37 0.27027
38 0.263158
39 0.25641
40 0.25
41 0.243902
42 0.238095
43 0.255814
44 0.25
45 0.244444
46 0.23913
47 0.234043
48 0.229167
49 0.22449
50 0.24
51 0.235294
52 0.230769
53 0.226415
54 0.240741
55 0.236364
56 0.25
57 0.245614
58 0.241379
59 0.237288
60 0.233333
61 0.245902
62 0.241935
63 0.238095
64 0.234375
65 0.246154
66 0.242424
67 0.238806
68 0.235294
69 0.231884
70 0.228571
71 0.239437
72 0.236111
73 0.232877
74 0.22973
75 0.24
76 0.236842
77 0.233766
78 0.230769
79 0.227848
80 0.225
81 0.222222
82 0.219512
83 0.228916
84 0.22619
85 0.223529
86 0.22093
87 0.229885
88 0.227273
89 0.224719
90 0.222222
91 0.21978
92 0.228261
93 0.225806
94 0.223404
95 0.221053
96 0.21875
