13 0.846154
26 0.884615
39 0.871795
52 0.903846
65 0.923077
78 0.910256
91 0.912088
104 0.903846
117 0.897436
130 0.9
143 0.909091
156 0.891026
169 0.869822
182 0.851648
195 0.85641
208 0.841346
221 0.823529
234 0.833333
247 0.842105
260 0.830769
273 0.838828
286 0.842657
299 0.832776
312 0.830128
325 0.836923
338 0.843195
351 0.846154
364 0.851648
377 0.856764
390 0.861538
403 0.866005
416 0.870192
429 0.874126
442 0.868778
455 0.861538
468 0.854701
481 0.852391
494 0.836032
507 0.840237
520 0.844231
533 0.84803
546 0.849817
559 0.844365
572 0.832168
585 0.813675
598 0.799331
611 0.801964
624 0.80609
637 0.810047
650 0.813846
663 0.817496
676 0.807692
