3 0
6 0.166667
9 0.333333
12 0.416667
15 0.466667
18 0.5
21 0.571429
24 0.583333
27 0.62963
30 0.666667
33 0.69697
36 0.722222
39 0.74359
42 0.738095
45 0.711111
48 0.708333
51 0.686275
54 0.703704
57 0.719298
60 0.716667
63 0.714286
66 0.727273
69 0.73913
72 0.736111
75 0.746667
78 0.74359
81 0.753086
84 0.75
87 0.758621
90 0.755556
93 0.752688
96 0.75
99 0.757576
102 0.764706
105 0.771429
108 0.777778
111 0.774775
114 0.780702
117 0.786325
120 0.783333
123 0.788618
126 0.785714
129 0.790698
132 0.780303
135 0.777778
138 0.782609
141 0.787234
144 0.784722
147 0.782313
150 0.773333
153 0.764706
156 0.769231
159 0.773585
