1 0
2 0
3 0.333333
4 0.25
5 0.4
6 0.333333
7 0.285714
8 0.25
9 0.222222
10 0.2
11 0.181818
12 0.166667
13 0.153846
14 0.142857
15 0.133333
16 0.125
17 0.117647
18 0.166667
19 0.157895
20 0.2
21 0.238095
22 0.227273
23 0.217391
24 0.25
25 0.24
26 0.230769
27 0.222222
28 0.25
29 0.241379
30 0.233333
31 0.225806
32 0.21875
33 0.212121
34 0.205882
35 0.2
36 0.194444
37 0.189189
38 0.184211
39 0.179487
40 0.175
41 0.170732
42 0.166667
43 0.162791
44 0.181818
45 0.177778
46 0.173913
47 0.170213
48 0.1875
49 0.183673
50 0.18
51 0.196078
52 0.192308
53 0.207547
54 0.203704
55 0.2
