2 0
4 0
6 0.166667
8 0.375
10 0.5
12 0.416667
14 0.357143
16 0.3125
18 0.333333
20 0.4
22 0.409091
24 0.458333
26 0.5
28 0.5
30 0.533333
32 0.53125
34 0.558824
36 0.555556
38 0.578947
40 0.6
42 0.595238
44 0.613636
46 0.630435
48 0.645833
50 0.66
52 0.653846
54 0.666667
56 0.678571
58 0.672414
60 0.683333
62 0.693548
64 0.6875
66 0.69697
68 0.705882
70 0.714286
72 0.722222
74 0.716216
76 0.723684
78 0.730769
80 0.7375
82 0.731707
84 0.738095
86 0.744186
88 0.75
90 0.755556
92 0.76087
94 0.765957
96 0.770833
98 0.77551
100 0.78
102 0.784314
104 0.788462
106 0.792453
108 0.796296
110 0.790909
112 0.785714
114 0.789474
116 0.793103
118 0.79661
120 0.8
122 0.795082
124 0.798387
126 0.801587
128 0.804688
130 0.807692
132 0.810606
134 0.813433
136 0.816176
138 0.818841
140 0.821429
142 0.823944
144 0.826389
146 0.828767
148 0.831081
