7 0.571429
14 0.571429
21 0.666667
28 0.678571
35 0.714286
42 0.714286
49 0.755102
56 0.785714
63 0.809524
70 0.828571
77 0.844156
84 0.857143
91 0.857143
98 0.867347
105 0.87619
112 0.883929
119 0.890756
126 0.896825
133 0.902256
140 0.907143
147 0.904762
154 0.909091
161 0.913043
168 0.916667
175 0.92
182 0.923077
189 0.925926
196 0.928571
203 0.931034
210 0.933333
217 0.935484
224 0.933036
231 0.935065
238 0.936975
245 0.938776
252 0.940476
259 0.942085
266 0.943609
273 0.945055
280 0.946429
287 0.947735
294 0.945578
301 0.946844
308 0.948052
315 0.949206
322 0.950311
329 0.951368
336 0.952381
343 0.953353
350 0.954286
357 0.952381
364 0.953297
