3 0
6 0.5
9 0.666667
12 0.75
15 0.8
18 0.722222
21 0.619048
24 0.583333
27 0.62963
30 0.6
33 0.575758
36 0.555556
39 0.538462
42 0.571429
45 0.577778
48 0.5625
51 0.588235
54 0.611111
57 0.631579
60 0.65
63 0.634921
66 0.636364
69 0.652174
72 0.666667
75 0.64
78 0.641026
81 0.641975
84 0.642857
87 0.643678
90 0.644444
93 0.634409
96 0.645833
99 0.656566
102 0.647059
105 0.647619
108 0.638889
111 0.63964
114 0.649123
117 0.65812
120 0.658333
123 0.666667
126 0.674603
129 0.682171
132 0.689394
135 0.688889
138 0.688406
141 0.680851
144 0.680556
147 0.680272
150 0.673333
153 0.666667
156 0.666667
