2 0
4 0.25
6 0.333333
8 0.25
10 0.4
12 0.416667
14 0.5
16 0.5
18 0.555556
20 0.55
22 0.5
24 0.458333
26 0.423077
28 0.392857
30 0.4
32 0.40625
34 0.411765
36 0.444444
38 0.473684
40 0.5
42 0.5
44 0.5
46 0.5
48 0.5
50 0.5
52 0.5
54 0.518519
56 0.535714
58 0.517241
60 0.516667
62 0.532258
64 0.515625
66 0.530303
68 0.529412
70 0.528571
72 0.527778
74 0.540541
76 0.552632
78 0.551282
80 0.55
82 0.54878
84 0.547619
86 0.55814
88 0.556818
90 0.555556
92 0.565217
94 0.574468
96 0.583333
98 0.581633
100 0.58
102 0.588235
104 0.586538
106 0.59434
108 0.592593
110 0.590909
112 0.589286
114 0.587719
116 0.577586
118 0.584746
120 0.591667
122 0.598361
124 0.604839
126 0.611111
128 0.617188
130 0.623077
