11 0.363636
22 0.318182
33 0.333333
44 0.318182
55 0.290909
66 0.272727
77 0.25974
88 0.227273
99 0.212121
110 0.209091
121 0.190083
132 0.189394
143 0.230769
154 0.227273
165 0.248485
176 0.232955
187 0.219251
198 0.227273
209 0.215311
220 0.213636
231 0.203463
242 0.202479
253 0.205534
264 0.200758
275 0.2
286 0.195804
297 0.20202
308 0.207792
319 0.210031
330 0.20303
341 0.205279
352 0.201705
363 0.201102
374 0.195187
385 0.18961
396 0.186869
407 0.181818
418 0.177033
429 0.172494
440 0.168182
451 0.16408
462 0.160173
473 0.158562
484 0.154959
495 0.151515
506 0.150198
517 0.147002
528 0.145833
539 0.146568
550 0.147273
561 0.14795
572 0.148601
