400 0.4275
800 0.58625
1200 0.66
1600 0.704375
2000 0.743
2400 0.775
2800 0.798571
3200 0.814375
3600 0.830833
4000 0.84275
4400 0.852955
4800 0.862708
5200 0.869423
5600 0.876607
6000 0.882667
6400 0.889219
6800 0.894412
7200 0.898472
7600 0.902632
8000 0.906
8400 0.909881
8800 0.913068
9200 0.91587
9600 0.919167
10000 0.9219
10400 0.924038
10800 0.926111
11200 0.928571
11600 0.930517
12000 0.9325
12400 0.933871
12800 0.935781
13200 0.937348
13600 0.939044
14000 0.9405
14400 0.941875
14800 0.943243
15200 0.944474
15600 0.945641
16000 0.946812
16400 0.947866
16800 0.948988
17200 0.95
17600 0.951023
18000 0.951778
18400 0.952663
18800 0.953351
19200 0.95401
19600 0.954847
20000 0.95575
