1 0
2 0
3 0
4 0
5 0.2
6 0.333333
7 0.428571
8 0.375
9 0.333333
10 0.3
11 0.363636
12 0.416667
13 0.384615
14 0.428571
15 0.466667
16 0.5
17 0.470588
18 0.5
19 0.473684
20 0.5
21 0.47619
22 0.454545
23 0.478261
24 0.458333
25 0.44
26 0.423077
27 0.407407
28 0.392857
29 0.37931
30 0.366667
31 0.354839
32 0.34375
33 0.333333
34 0.323529
35 0.342857
36 0.333333
37 0.324324
38 0.315789
39 0.307692
40 0.3
41 0.292683
42 0.285714
43 0.27907
44 0.272727
45 0.266667
46 0.282609
47 0.276596
48 0.291667
49 0.306122
50 0.32
51 0.313725
52 0.326923
