2 0
4 0.25
6 0.5
8 0.5
10 0.5
12 0.583333
14 0.642857
16 0.6875
18 0.722222
20 0.7
22 0.727273
24 0.75
26 0.730769
28 0.75
30 0.766667
32 0.78125
34 0.794118
36 0.805556
38 0.815789
40 0.825
42 0.833333
44 0.840909
46 0.847826
48 0.854167
50 0.84
52 0.846154
54 0.833333
56 0.839286
58 0.827586
60 0.833333
62 0.83871
64 0.84375
66 0.848485
68 0.852941
70 0.857143
72 0.861111
74 0.864865
76 0.868421
78 0.871795
80 0.875
82 0.878049
84 0.880952
86 0.883721
88 0.886364
90 0.866667
92 0.869565
94 0.87234
96 0.875
98 0.877551
100 0.87
102 0.872549
104 0.875
106 0.877358
108 0.87963
110 0.881818
112 0.883929
114 0.885965
116 0.887931
118 0.889831
120 0.891667
122 0.893443
124 0.895161
126 0.888889
128 0.882812
130 0.884615
132 0.886364
134 0.88806
136 0.889706
