12 0.75
24 0.791667
36 0.861111
48 0.895833
60 0.883333
72 0.902778
84 0.916667
96 0.927083
108 0.935185
120 0.941667
132 0.94697
144 0.951389
156 0.955128
168 0.958333
180 0.961111
192 0.963542
204 0.965686
216 0.967593
228 0.969298
240 0.970833
252 0.964286
264 0.950758
276 0.949275
288 0.927083
300 0.926667
312 0.916667
324 0.901235
336 0.89881
348 0.890805
360 0.863889
372 0.854839
384 0.841146
396 0.835859
408 0.818627
420 0.802381
432 0.791667
444 0.788288
456 0.791667
468 0.788462
480 0.78125
492 0.770325
504 0.759921
516 0.751938
528 0.746212
540 0.733333
552 0.721014
564 0.721631
576 0.727431
588 0.727891
600 0.726667
612 0.718954
624 0.714744
