7 0.571429
14 0.428571
21 0.47619
28 0.535714
35 0.6
42 0.571429
49 0.612245
56 0.660714
63 0.698413
70 0.728571
77 0.753247
84 0.77381
91 0.78022
98 0.785714
105 0.790476
112 0.794643
119 0.806723
126 0.81746
133 0.819549
140 0.821429
147 0.823129
154 0.824675
161 0.832298
168 0.839286
175 0.845714
182 0.851648
189 0.857143
196 0.857143
203 0.862069
210 0.861905
217 0.866359
224 0.861607
231 0.865801
238 0.869748
245 0.873469
252 0.876984
259 0.880309
266 0.883459
273 0.886447
280 0.885714
287 0.888502
294 0.887755
301 0.887043
308 0.88961
315 0.888889
322 0.891304
329 0.893617
336 0.889881
343 0.892128
350 0.894286
357 0.893557
364 0.895604
