7 0.714286
14 0.571429
21 0.571429
28 0.5
35 0.571429
42 0.5
49 0.469388
56 0.464286
63 0.428571
70 0.385714
77 0.363636
84 0.345238
91 0.340659
98 0.326531
105 0.32381
112 0.3125
119 0.294118
126 0.301587
133 0.293233
140 0.285714
147 0.285714
154 0.279221
161 0.267081
168 0.27381
175 0.274286
182 0.269231
189 0.259259
196 0.25
203 0.241379
210 0.238095
217 0.239631
224 0.241071
231 0.233766
238 0.235294
245 0.228571
252 0.22619
259 0.235521
266 0.229323
273 0.223443
280 0.217857
287 0.219512
294 0.221088
301 0.222591
308 0.220779
315 0.222222
322 0.217391
329 0.218845
336 0.217262
343 0.218659
350 0.217143
357 0.215686
364 0.21978
371 0.218329
378 0.219577
385 0.220779
392 0.219388
