1 0
2 0
3 0.333333
4 0.25
5 0.2
6 0.166667
7 0.142857
8 0.125
9 0.111111
10 0.2
11 0.181818
12 0.166667
13 0.230769
14 0.285714
15 0.333333
16 0.3125
17 0.294118
18 0.277778
19 0.315789
20 0.3
21 0.333333
22 0.363636
23 0.391304
24 0.416667
25 0.44
26 0.461538
27 0.444444
28 0.428571
29 0.413793
30 0.433333
31 0.451613
32 0.4375
33 0.454545
34 0.441176
35 0.457143
36 0.444444
37 0.459459
38 0.473684
39 0.461538
40 0.45
41 0.463415
42 0.47619
43 0.465116
44 0.477273
45 0.488889
46 0.5
47 0.510638
48 0.5
49 0.510204
50 0.5
51 0.509804
52 0.519231
53 0.528302
54 0.537037
55 0.545455
56 0.553571
57 0.54386
58 0.534483
59 0.542373
60 0.55
61 0.557377
62 0.548387
63 0.555556
64 0.546875
65 0.553846
66 0.560606
67 0.567164
68 0.558824
69 0.565217
70 0.557143
71 0.549296
72 0.541667
73 0.547945
74 0.554054
75 0.56
76 0.552632
77 0.558442
78 0.564103
79 0.56962
80 0.575
81 0.580247
82 0.585366
83 0.578313
84 0.583333
85 0.588235
86 0.593023
87 0.597701
88 0.602273
89 0.606742
90 0.611111
91 0.615385
92 0.619565
93 0.623656
