6 0.5
12 0.333333
18 0.388889
24 0.375
30 0.4
36 0.361111
42 0.380952
48 0.354167
54 0.351852
60 0.316667
66 0.30303
72 0.291667
78 0.294872
84 0.285714
90 0.266667
96 0.25
102 0.254902
108 0.240741
114 0.245614
120 0.233333
126 0.238095
132 0.234848
138 0.231884
144 0.222222
150 0.22
156 0.230769
162 0.222222
168 0.22619
174 0.224138
180 0.222222
186 0.215054
192 0.223958
198 0.222222
204 0.220588
210 0.214286
216 0.212963
222 0.207207
228 0.20614
234 0.200855
240 0.195833
246 0.195122
252 0.198413
258 0.197674
264 0.193182
270 0.188889
276 0.184783
282 0.180851
288 0.180556
294 0.176871
300 0.183333
