1 0
2 0
3 0
4 0.25
5 0.4
6 0.333333
7 0.285714
8 0.25
9 0.222222
10 0.2
11 0.181818
12 0.166667
13 0.153846
14 0.142857
15 0.133333
16 0.125
17 0.117647
18 0.111111
19 0.105263
20 0.1
21 0.0952381
22 0.136364
23 0.173913
24 0.208333
25 0.24
26 0.269231
27 0.296296
28 0.321429
29 0.310345
30 0.333333
31 0.322581
32 0.34375
33 0.333333
34 0.323529
35 0.314286
36 0.333333
37 0.351351
38 0.342105
39 0.333333
40 0.325
41 0.341463
42 0.357143
43 0.372093
44 0.386364
45 0.377778
46 0.391304
47 0.382979
48 0.395833
49 0.387755
50 0.38
51 0.392157
52 0.403846
53 0.396226
54 0.407407
55 0.418182
56 0.410714
57 0.421053
58 0.413793
59 0.40678
60 0.4
61 0.409836
62 0.403226
63 0.412698
64 0.421875
65 0.430769
66 0.439394
