1 0
2 0
3 0.333333
4 0.25
5 0.2
6 0.166667
7 0.142857
8 0.125
9 0.111111
10 0.1
11 0.0909091
12 0.0833333
13 0.0769231
14 0.0714286
15 0.0666667
16 0.125
17 0.117647
18 0.111111
19 0.105263
20 0.1
21 0.0952381
22 0.0909091
23 0.0869565
24 0.0833333
25 0.08
26 0.0769231
27 0.0740741
28 0.0714286
29 0.0689655
30 0.0666667
31 0.0967742
32 0.09375
33 0.0909091
34 0.117647
35 0.114286
36 0.111111
37 0.108108
38 0.131579
39 0.128205
40 0.125
41 0.121951
42 0.119048
43 0.116279
44 0.136364
45 0.133333
46 0.130435
47 0.12766
48 0.145833
49 0.142857
50 0.14
51 0.137255
52 0.134615
53 0.150943
54 0.148148
55 0.145455
56 0.142857
57 0.157895
58 0.155172
59 0.152542
60 0.166667
