100 0.64
200 0.755
300 0.78
400 0.775
500 0.786
600 0.783333
700 0.795714
800 0.7925
900 0.795556
1000 0.799
1100 0.802727
1200 0.799167
1300 0.796923
1400 0.804286
1500 0.804
1600 0.806875
1700 0.804706
1800 0.808333
1900 0.806842
2000 0.808
2100 0.807619
2200 0.808636
2300 0.809565
2400 0.809583
2500 0.81
2600 0.810769
2700 0.811852
2800 0.812857
2900 0.812759
3000 0.812667
3100 0.810645
3200 0.811562
3300 0.812424
3400 0.812941
3500 0.813429
3600 0.814444
3700 0.816757
3800 0.817368
3900 0.818205
4000 0.82
4100 0.82122
4200 0.821667
4300 0.820465
4400 0.819773
4500 0.820222
4600 0.82
4700 0.820851
4800 0.820417
4900 0.820612
5000 0.821
