63 0.984127
126 0.992063
189 0.994709
252 0.996032
315 0.996825
378 0.997354
441 0.997732
504 0.998016
567 0.998236
630 0.998413
693 0.998557
756 0.998677
819 0.974359
882 0.973923
945 0.975661
1008 0.977183
1071 0.978525
1134 0.979718
1197 0.980785
1260 0.980952
1323 0.981859
1386 0.982684
1449 0.983437
1512 0.984127
1575 0.975873
1638 0.976801
1701 0.97766
1764 0.978458
1827 0.979201
1890 0.979894
1953 0.980543
2016 0.981151
2079 0.981241
2142 0.981326
2205 0.981859
2268 0.982363
2331 0.98284
2394 0.983292
2457 0.98372
2520 0.984127
2583 0.984514
2646 0.984127
2709 0.984496
2772 0.984848
2835 0.985185
2898 0.985507
2961 0.985816
3024 0.986111
3087 0.986395
3150 0.986667
