46 0.695652
92 0.804348
138 0.862319
184 0.896739
230 0.913043
276 0.927536
322 0.937888
368 0.945652
414 0.951691
460 0.956522
506 0.960474
552 0.963768
598 0.966555
644 0.968944
690 0.971014
736 0.972826
782 0.974425
828 0.975845
874 0.977117
920 0.978261
966 0.979296
1012 0.980237
1058 0.981096
1104 0.981884
1150 0.982609
1196 0.983278
1242 0.983897
1288 0.984472
1334 0.985007
1380 0.985507
1426 0.985975
1472 0.986413
1518 0.986825
1564 0.987212
1610 0.987578
1656 0.987923
1702 0.988249
1748 0.988558
1794 0.988852
1840 0.98913
1886 0.989396
1932 0.989648
1978 0.989889
2024 0.990119
2070 0.990338
2116 0.990548
2162 0.990749
2208 0.990942
2254 0.991127
2300 0.991304
