63 0.984127
126 0.992063
189 0.994709
252 0.996032
315 0.996825
378 0.997354
441 0.997732
504 0.998016
567 0.998236
630 0.998413
693 0.998557
756 0.998677
819 0.992674
882 0.993197
945 0.993651
1008 0.994048
1071 0.994398
1134 0.994709
1197 0.994987
1260 0.995238
1323 0.995465
1386 0.995671
1449 0.995859
1512 0.996032
1575 0.991746
1638 0.992063
1701 0.992357
1764 0.99263
1827 0.992885
1890 0.993122
1953 0.993344
2016 0.993552
2079 0.993747
2142 0.993931
2205 0.994104
2268 0.994268
2331 0.994423
2394 0.99457
2457 0.994709
2520 0.994841
2583 0.994967
2646 0.995087
2709 0.995201
2772 0.99531
2835 0.995414
2898 0.995514
2961 0.99561
3024 0.995701
3087 0.995789
3150 0.995873
