7 0.714286
14 0.571429
21 0.571429
28 0.5
35 0.571429
42 0.5
49 0.469388
56 0.446429
63 0.412698
70 0.385714
77 0.363636
84 0.345238
91 0.340659
98 0.336735
105 0.333333
112 0.330357
119 0.310924
126 0.31746
133 0.300752
140 0.292857
147 0.292517
154 0.279221
161 0.267081
168 0.267857
175 0.268571
182 0.263736
189 0.259259
196 0.25
203 0.241379
210 0.238095
217 0.239631
224 0.236607
231 0.229437
238 0.226891
245 0.220408
252 0.214286
259 0.220077
266 0.214286
273 0.208791
280 0.203571
287 0.202091
294 0.204082
301 0.202658
308 0.201299
315 0.206349
322 0.201863
329 0.200608
336 0.196429
343 0.201166
350 0.2
357 0.204482
364 0.206044
371 0.204852
378 0.208995
385 0.207792
392 0.206633
