6 0.333333
12 0.25
18 0.277778
24 0.291667
30 0.266667
36 0.25
42 0.261905
48 0.25
54 0.240741
60 0.233333
66 0.227273
72 0.222222
78 0.230769
84 0.22619
90 0.233333
96 0.229167
102 0.215686
108 0.203704
114 0.210526
120 0.208333
126 0.206349
132 0.204545
138 0.202899
144 0.208333
150 0.213333
156 0.211538
162 0.203704
168 0.202381
174 0.201149
180 0.205556
186 0.204301
192 0.203125
198 0.20202
204 0.196078
210 0.195238
216 0.194444
222 0.189189
228 0.192982
234 0.192308
240 0.1875
246 0.182927
252 0.178571
258 0.186047
264 0.185606
270 0.185185
276 0.184783
282 0.184397
288 0.184028
294 0.180272
300 0.18
306 0.179739
312 0.176282
318 0.172956
324 0.169753
330 0.169697
336 0.166667
