4 0.5
8 0.75
12 0.583333
16 0.6875
20 0.65
24 0.625
28 0.607143
32 0.59375
36 0.611111
40 0.625
44 0.659091
48 0.625
52 0.634615
56 0.642857
60 0.65
64 0.625
68 0.632353
72 0.638889
76 0.631579
80 0.6375
84 0.642857
88 0.659091
92 0.673913
96 0.6875
100 0.7
104 0.692308
108 0.694444
112 0.696429
116 0.672414
120 0.658333
124 0.653226
128 0.640625
132 0.628788
136 0.610294
140 0.614286
144 0.597222
148 0.594595
152 0.605263
156 0.615385
160 0.625
164 0.634146
168 0.636905
172 0.645349
176 0.653409
180 0.65
184 0.652174
188 0.659574
192 0.661458
196 0.668367
200 0.675
204 0.676471
208 0.682692
212 0.688679
216 0.694444
220 0.7
224 0.700893
