19 0.473684
38 0.657895
57 0.736842
76 0.671053
95 0.694737
114 0.72807
133 0.75188
152 0.743421
171 0.766082
190 0.789474
209 0.803828
228 0.815789
247 0.825911
266 0.838346
285 0.821053
304 0.825658
323 0.832817
342 0.839181
361 0.847645
380 0.852632
399 0.859649
418 0.863636
437 0.867277
456 0.870614
475 0.869474
494 0.87247
513 0.873294
532 0.87406
551 0.876588
570 0.878947
589 0.882852
608 0.886513
627 0.889952
646 0.893189
665 0.896241
684 0.899123
703 0.901849
722 0.903047
741 0.905533
760 0.907895
779 0.910141
798 0.911028
817 0.913097
836 0.913876
855 0.91462
874 0.914188
893 0.914894
912 0.91557
931 0.916219
950 0.917895
969 0.919505
988 0.921053
