1 0
2 0
3 0
4 0
5 0
6 0
7 0.142857
8 0.25
9 0.222222
10 0.3
11 0.272727
12 0.333333
13 0.307692
14 0.285714
15 0.333333
16 0.375
17 0.352941
18 0.388889
19 0.368421
20 0.4
21 0.428571
22 0.454545
23 0.478261
24 0.5
25 0.52
26 0.5
27 0.518519
28 0.535714
29 0.551724
30 0.566667
31 0.580645
32 0.59375
33 0.606061
34 0.617647
35 0.6
36 0.583333
37 0.594595
38 0.605263
39 0.615385
40 0.6
41 0.585366
42 0.595238
43 0.604651
44 0.613636
45 0.6
46 0.608696
47 0.617021
48 0.604167
49 0.591837
50 0.6
51 0.588235
52 0.596154
53 0.603774
54 0.611111
55 0.618182
56 0.625
57 0.614035
58 0.62069
59 0.627119
60 0.633333
61 0.639344
62 0.645161
63 0.650794
64 0.65625
65 0.661538
66 0.666667
67 0.671642
68 0.661765
69 0.666667
70 0.657143
71 0.661972
72 0.652778
73 0.657534
74 0.662162
75 0.666667
76 0.657895
77 0.662338
78 0.666667
79 0.670886
80 0.675
81 0.679012
82 0.682927
83 0.686747
84 0.678571
85 0.682353
86 0.686047
87 0.689655
88 0.681818
89 0.674157
90 0.677778
91 0.681319
92 0.684783
93 0.677419
94 0.680851
95 0.673684
96 0.666667
