1 0
2 0
3 0
4 0
5 0.2
6 0.333333
7 0.285714
8 0.25
9 0.222222
10 0.3
11 0.272727
12 0.25
13 0.230769
14 0.285714
15 0.333333
16 0.3125
17 0.352941
18 0.388889
19 0.368421
20 0.4
21 0.380952
22 0.363636
23 0.391304
24 0.375
25 0.36
26 0.346154
27 0.333333
28 0.321429
29 0.310345
30 0.3
31 0.290323
32 0.3125
33 0.30303
34 0.294118
35 0.314286
36 0.305556
37 0.297297
38 0.289474
39 0.282051
40 0.275
41 0.268293
42 0.261905
43 0.255814
44 0.25
45 0.244444
46 0.23913
47 0.234043
48 0.25
49 0.244898
50 0.26
51 0.254902
52 0.269231
