4 0.25
8 0.375
12 0.416667
16 0.375
20 0.35
24 0.333333
28 0.357143
32 0.34375
36 0.333333
40 0.3
44 0.340909
48 0.333333
52 0.384615
56 0.410714
60 0.416667
64 0.4375
68 0.455882
72 0.444444
76 0.421053
80 0.425
84 0.416667
88 0.443182
92 0.456522
96 0.479167
100 0.48
104 0.490385
108 0.481481
112 0.5
116 0.517241
120 0.533333
124 0.540323
128 0.539062
132 0.537879
136 0.522059
140 0.514286
144 0.506944
148 0.52027
152 0.532895
156 0.532051
160 0.51875
164 0.512195
168 0.517857
172 0.505814
176 0.494318
180 0.483333
184 0.478261
188 0.489362
192 0.489583
196 0.489796
200 0.49
204 0.490196
