1 0
2 0
3 0
4 0
5 0
6 0
7 0
8 0
9 0
10 0
11 0
12 0
13 0
14 0
15 0
16 0.0625
17 0.0588235
18 0.0555556
19 0.0526316
20 0.05
21 0.047619
22 0.0454545
23 0.0434783
24 0.0416667
25 0.04
26 0.0384615
27 0.037037
28 0.0714286
29 0.0689655
30 0.0666667
31 0.0645161
32 0.0625
33 0.0606061
34 0.0588235
35 0.0571429
36 0.0555556
37 0.0540541
38 0.0526316
39 0.0512821
40 0.075
41 0.0731707
42 0.0952381
43 0.0930233
44 0.113636
45 0.111111
46 0.130435
47 0.148936
48 0.145833
49 0.142857
50 0.16
51 0.176471
52 0.192308
53 0.207547
54 0.203704
55 0.2
56 0.196429
57 0.210526
58 0.224138
59 0.220339
60 0.233333
61 0.229508
62 0.241935
