2 0.5
4 0.5
6 0.5
8 0.625
10 0.7
12 0.75
14 0.785714
16 0.8125
18 0.833333
20 0.85
22 0.863636
24 0.875
26 0.884615
28 0.892857
30 0.9
32 0.90625
34 0.911765
36 0.888889
38 0.894737
40 0.9
42 0.904762
44 0.909091
46 0.913043
48 0.916667
50 0.92
52 0.923077
54 0.925926
56 0.928571
58 0.931034
60 0.933333
62 0.935484
64 0.9375
66 0.939394
68 0.941176
70 0.942857
72 0.944444
74 0.945946
76 0.947368
78 0.948718
80 0.95
82 0.95122
84 0.952381
86 0.953488
88 0.954545
90 0.955556
92 0.956522
94 0.957447
96 0.958333
98 0.959184
100 0.96
102 0.960784
104 0.961538
106 0.962264
108 0.962963
110 0.954545
112 0.955357
114 0.95614
116 0.956897
118 0.957627
120 0.958333
122 0.959016
124 0.959677
126 0.960317
128 0.960938
130 0.961538
132 0.962121
134 0.962687
136 0.963235
138 0.963768
140 0.964286
142 0.964789
144 0.965278
146 0.965753
148 0.966216
