20 0.8
40 0.9
60 0.933333
80 0.95
100 0.96
120 0.966667
140 0.971429
160 0.975
180 0.977778
200 0.98
220 0.981818
240 0.983333
260 0.984615
280 0.985714
300 0.986667
320 0.9875
340 0.988235
360 0.988889
380 0.989474
400 0.99
420 0.990476
440 0.990909
460 0.991304
480 0.991667
500 0.992
520 0.992308
540 0.992593
560 0.992857
580 0.993103
600 0.993333
620 0.993548
640 0.99375
660 0.993939
680 0.994118
700 0.994286
720 0.994444
740 0.994595
760 0.994737
780 0.994872
800 0.995
820 0.995122
840 0.995238
860 0.995349
880 0.995455
900 0.995556
920 0.995652
940 0.995745
960 0.995833
980 0.995918
1000 0.996
