7 0.571429
14 0.357143
21 0.428571
28 0.5
35 0.514286
42 0.5
49 0.510204
56 0.535714
63 0.555556
70 0.571429
77 0.558442
84 0.559524
91 0.549451
98 0.55102
105 0.552381
112 0.5625
119 0.563025
126 0.563492
133 0.56391
140 0.564286
147 0.557823
154 0.564935
161 0.552795
168 0.553571
175 0.565714
182 0.571429
189 0.571429
196 0.576531
203 0.581281
210 0.571429
217 0.571429
224 0.571429
231 0.575758
238 0.57563
245 0.583673
252 0.595238
259 0.598456
266 0.601504
273 0.611722
280 0.614286
287 0.61324
294 0.615646
301 0.61794
308 0.61039
315 0.612698
322 0.614907
329 0.617021
336 0.613095
343 0.606414
350 0.6
357 0.602241
364 0.604396
