16 0.4375
32 0.5625
48 0.645833
64 0.703125
80 0.75
96 0.78125
112 0.8125
128 0.828125
144 0.847222
160 0.8625
176 0.875
192 0.880208
208 0.889423
224 0.897321
240 0.904167
256 0.910156
272 0.915441
288 0.920139
304 0.924342
320 0.928125
336 0.931548
352 0.934659
368 0.9375
384 0.940104
400 0.9425
416 0.944712
432 0.946759
448 0.948661
464 0.950431
480 0.952083
496 0.953629
512 0.955078
528 0.956439
544 0.957721
560 0.958929
576 0.960069
592 0.961149
608 0.962171
624 0.961538
640 0.9625
656 0.963415
672 0.964286
688 0.965116
704 0.965909
720 0.966667
736 0.967391
752 0.968085
768 0.96875
784 0.969388
800 0.97
816 0.970588
832 0.971154
