8 0.125
16 0.375
24 0.375
32 0.46875
40 0.55
48 0.583333
56 0.589286
64 0.640625
72 0.680556
80 0.7125
88 0.704545
96 0.729167
104 0.75
112 0.767857
120 0.783333
128 0.796875
136 0.808824
144 0.819444
152 0.828947
160 0.8375
168 0.845238
176 0.852273
184 0.858696
192 0.864583
200 0.87
208 0.875
216 0.87963
224 0.883929
232 0.887931
240 0.891667
248 0.895161
256 0.898438
264 0.901515
272 0.904412
280 0.907143
288 0.909722
296 0.912162
304 0.914474
312 0.916667
320 0.91875
328 0.920732
336 0.922619
344 0.924419
352 0.926136
360 0.927778
368 0.929348
376 0.930851
384 0.932292
392 0.933673
400 0.935
408 0.936275
416 0.9375
