75 0.946667
150 0.966667
225 0.977778
300 0.983333
375 0.984
450 0.986667
525 0.988571
600 0.99
675 0.991111
750 0.992
825 0.992727
900 0.993333
975 0.993846
1050 0.994286
1125 0.994667
1200 0.995
1275 0.995294
1350 0.995556
1425 0.995789
1500 0.996
1575 0.995556
1650 0.995758
1725 0.995942
1800 0.996111
1875 0.996267
1950 0.99641
2025 0.996543
2100 0.996667
2175 0.996782
2250 0.996889
2325 0.996989
2400 0.997083
2475 0.997172
2550 0.997255
2625 0.997333
2700 0.997407
2775 0.997117
2850 0.997193
2925 0.997265
3000 0.997333
3075 0.997398
3150 0.99746
3225 0.997519
3300 0.997576
3375 0.99763
3450 0.997681
3525 0.99773
3600 0.997778
3675 0.997823
3750 0.997867
