11 0.636364
22 0.590909
33 0.636364
44 0.613636
55 0.654545
66 0.681818
77 0.714286
88 0.727273
99 0.757576
110 0.754545
121 0.752066
132 0.765152
143 0.776224
154 0.792208
165 0.806061
176 0.8125
187 0.823529
198 0.833333
209 0.842105
220 0.85
231 0.857143
242 0.863636
253 0.865613
264 0.871212
275 0.872727
286 0.877622
297 0.875421
308 0.876623
319 0.877743
330 0.878788
341 0.882698
352 0.883523
363 0.884298
374 0.887701
385 0.890909
396 0.891414
407 0.894349
418 0.897129
429 0.899767
440 0.902273
451 0.902439
462 0.904762
473 0.906977
484 0.909091
495 0.911111
506 0.913043
517 0.914894
528 0.916667
539 0.918367
550 0.918182
561 0.919786
572 0.921329
