4 0.25
8 0.5
12 0.5
16 0.625
20 0.65
24 0.666667
28 0.714286
32 0.6875
36 0.722222
40 0.75
44 0.772727
48 0.791667
52 0.807692
56 0.821429
60 0.833333
64 0.84375
68 0.838235
72 0.847222
76 0.842105
80 0.85
84 0.857143
88 0.863636
92 0.869565
96 0.875
100 0.88
104 0.884615
108 0.888889
112 0.892857
116 0.896552
120 0.9
124 0.903226
128 0.90625
132 0.909091
136 0.911765
140 0.914286
144 0.916667
148 0.918919
152 0.921053
156 0.923077
160 0.925
164 0.926829
168 0.928571
172 0.930233
176 0.931818
180 0.933333
184 0.934783
188 0.93617
192 0.9375
196 0.933673
200 0.935
204 0.936275
