3 0.333333
6 0.5
9 0.444444
12 0.5
15 0.533333
18 0.555556
21 0.47619
24 0.458333
27 0.481481
30 0.433333
33 0.393939
36 0.361111
39 0.333333
42 0.333333
45 0.311111
48 0.3125
51 0.333333
54 0.333333
57 0.315789
60 0.3
63 0.285714
66 0.287879
69 0.275362
72 0.263889
75 0.266667
78 0.269231
81 0.259259
84 0.25
87 0.252874
90 0.244444
93 0.236559
96 0.229167
99 0.222222
102 0.22549
105 0.219048
108 0.222222
111 0.216216
114 0.210526
117 0.205128
120 0.2
123 0.195122
126 0.190476
129 0.186047
132 0.181818
135 0.177778
138 0.173913
141 0.170213
144 0.173611
147 0.170068
150 0.166667
153 0.163399
156 0.160256
159 0.157233
162 0.154321
165 0.151515
