5 0.2
10 0.3
15 0.333333
20 0.4
25 0.48
30 0.566667
35 0.6
40 0.625
45 0.666667
50 0.68
55 0.709091
60 0.7
65 0.723077
70 0.728571
75 0.72
80 0.7375
85 0.729412
90 0.722222
95 0.726316
100 0.74
105 0.752381
110 0.745455
115 0.747826
120 0.758333
125 0.752
130 0.753846
135 0.762963
140 0.764286
145 0.758621
150 0.76
155 0.754839
160 0.75
165 0.751515
170 0.758824
175 0.76
180 0.75
185 0.751351
190 0.757895
195 0.758974
200 0.755
205 0.756098
210 0.757143
215 0.75814
220 0.754545
225 0.755556
230 0.756522
235 0.753191
240 0.754167
245 0.755102
250 0.752
255 0.74902
