14 0.428571
28 0.5
42 0.52381
56 0.517857
70 0.514286
84 0.5
98 0.5
112 0.5
126 0.492063
140 0.485714
154 0.480519
168 0.470238
182 0.461538
196 0.454082
210 0.452381
224 0.455357
238 0.457983
252 0.460317
266 0.462406
280 0.457143
294 0.455782
308 0.461039
322 0.459627
336 0.458333
350 0.46
364 0.453297
378 0.452381
392 0.451531
406 0.450739
420 0.445238
434 0.4447
448 0.444196
462 0.439394
476 0.432773
490 0.430612
504 0.424603
518 0.420849
532 0.421053
546 0.419414
560 0.417857
574 0.416376
588 0.414966
602 0.413621
616 0.412338
630 0.411111
644 0.406832
658 0.404255
672 0.401786
686 0.399417
700 0.398571
714 0.394958
728 0.394231
