3 0.666667
6 0.333333
9 0.222222
12 0.25
15 0.2
18 0.166667
21 0.142857
24 0.125
27 0.111111
30 0.1
33 0.0909091
36 0.0833333
39 0.0769231
42 0.0714286
45 0.0888889
48 0.104167
51 0.0980392
54 0.12963
57 0.122807
60 0.133333
63 0.126984
66 0.136364
69 0.130435
72 0.125
75 0.133333
78 0.128205
81 0.123457
84 0.119048
87 0.114943
90 0.111111
93 0.11828
96 0.114583
99 0.111111
102 0.107843
105 0.114286
108 0.111111
111 0.108108
114 0.122807
117 0.128205
120 0.125
123 0.130081
126 0.134921
129 0.131783
132 0.128788
135 0.125926
138 0.130435
141 0.12766
144 0.125
147 0.122449
150 0.12
153 0.117647
156 0.115385
159 0.113208
162 0.111111
165 0.109091
168 0.107143
171 0.105263
174 0.109195
177 0.107345
180 0.105556
183 0.103825
186 0.102151
189 0.100529
192 0.0989583
195 0.0974359
