400 0.585
800 0.735
1200 0.804167
1600 0.838125
2000 0.866
2400 0.885
2800 0.899643
3200 0.91
3600 0.919167
4000 0.92575
4400 0.932045
4800 0.937083
5200 0.941731
5600 0.945714
6000 0.949167
6400 0.952187
6800 0.955
7200 0.9575
7600 0.959474
8000 0.961375
8400 0.962976
8800 0.964545
9200 0.966087
9600 0.9675
10000 0.9688
10400 0.97
10800 0.971019
11200 0.972054
11600 0.973017
12000 0.973917
12400 0.974677
12800 0.975391
13200 0.976136
13600 0.976838
14000 0.9775
14400 0.978056
14800 0.978649
15200 0.979211
15600 0.979679
16000 0.980187
16400 0.980671
16800 0.981131
17200 0.98157
17600 0.981989
18000 0.982389
18400 0.982772
18800 0.983085
19200 0.983437
19600 0.983776
20000 0.9841
