3 0
6 0.5
9 0.555556
12 0.666667
15 0.733333
18 0.666667
21 0.571429
24 0.5
27 0.555556
30 0.533333
33 0.515152
36 0.5
39 0.487179
42 0.5
45 0.511111
48 0.5
51 0.470588
54 0.444444
57 0.421053
60 0.45
63 0.428571
66 0.409091
69 0.42029
72 0.402778
75 0.386667
78 0.397436
81 0.382716
84 0.380952
87 0.390805
90 0.388889
93 0.387097
96 0.385417
99 0.373737
102 0.362745
105 0.352381
108 0.351852
111 0.351351
114 0.350877
117 0.350427
120 0.341667
123 0.341463
126 0.333333
129 0.325581
132 0.325758
135 0.318519
138 0.318841
141 0.319149
144 0.319444
147 0.312925
150 0.306667
153 0.300654
156 0.307692
