5 0.2
10 0.2
15 0.266667
20 0.4
25 0.44
30 0.466667
35 0.485714
40 0.525
45 0.511111
50 0.52
55 0.545455
60 0.566667
65 0.569231
70 0.585714
75 0.613333
80 0.6375
85 0.658824
90 0.666667
95 0.684211
100 0.7
105 0.714286
110 0.727273
115 0.73913
120 0.75
125 0.752
130 0.753846
135 0.762963
140 0.764286
145 0.765517
150 0.766667
155 0.767742
160 0.775
165 0.775758
170 0.782353
175 0.788571
180 0.794444
185 0.794595
190 0.794737
195 0.794872
200 0.795
205 0.8
210 0.804762
215 0.809302
220 0.809091
225 0.808889
230 0.808696
235 0.808511
240 0.808333
245 0.804082
250 0.808
