2 0
4 0.25
6 0.333333
8 0.25
10 0.4
12 0.416667
14 0.5
16 0.5
18 0.555556
20 0.55
22 0.5
24 0.458333
26 0.423077
28 0.392857
30 0.4
32 0.40625
34 0.382353
36 0.416667
38 0.421053
40 0.425
42 0.428571
44 0.431818
46 0.434783
48 0.4375
50 0.42
52 0.423077
54 0.444444
56 0.464286
58 0.448276
60 0.45
62 0.467742
64 0.453125
66 0.454545
68 0.441176
70 0.442857
72 0.444444
74 0.459459
76 0.473684
78 0.474359
80 0.475
82 0.463415
84 0.464286
86 0.476744
88 0.477273
90 0.477778
92 0.48913
94 0.5
96 0.510417
98 0.510204
100 0.51
102 0.519608
104 0.509615
106 0.518868
108 0.518519
110 0.518182
112 0.517857
114 0.517544
116 0.508621
118 0.516949
120 0.525
122 0.532787
124 0.540323
126 0.547619
128 0.554688
130 0.561538
