7 0.571429
14 0.785714
21 0.809524
28 0.857143
35 0.885714
42 0.904762
49 0.918367
56 0.910714
63 0.920635
70 0.928571
77 0.935065
84 0.940476
91 0.945055
98 0.94898
105 0.952381
112 0.955357
119 0.957983
126 0.960317
133 0.962406
140 0.964286
147 0.965986
154 0.967532
161 0.968944
168 0.970238
175 0.971429
182 0.972527
189 0.973545
196 0.97449
203 0.975369
210 0.97619
217 0.976959
224 0.977679
231 0.978355
238 0.978992
245 0.979592
252 0.980159
259 0.980695
266 0.981203
273 0.981685
280 0.982143
287 0.982578
294 0.982993
301 0.983389
308 0.983766
315 0.984127
322 0.984472
329 0.984802
336 0.985119
343 0.985423
350 0.985714
