12 0.75
24 0.833333
36 0.888889
48 0.916667
60 0.9
72 0.916667
84 0.928571
96 0.9375
108 0.944444
120 0.95
132 0.954545
144 0.958333
156 0.961538
168 0.964286
180 0.966667
192 0.96875
204 0.970588
216 0.972222
228 0.973684
240 0.975
252 0.968254
264 0.965909
276 0.963768
288 0.958333
300 0.96
312 0.958333
324 0.959877
336 0.96131
348 0.962644
360 0.961111
372 0.959677
384 0.960938
396 0.957071
408 0.955882
420 0.95
432 0.951389
444 0.95045
456 0.951754
468 0.952991
480 0.952083
492 0.953252
504 0.954365
516 0.955426
528 0.954545
540 0.953704
552 0.95471
564 0.953901
576 0.954861
588 0.954082
600 0.953333
612 0.954248
624 0.955128
