1 0
2 0
3 0
4 0
5 0.2
6 0.333333
7 0.428571
8 0.375
9 0.333333
10 0.3
11 0.363636
12 0.416667
13 0.384615
14 0.428571
15 0.466667
16 0.5
17 0.470588
18 0.5
19 0.473684
20 0.5
21 0.52381
22 0.5
23 0.521739
24 0.5
25 0.48
26 0.461538
27 0.444444
28 0.428571
29 0.413793
30 0.4
31 0.387097
32 0.375
33 0.363636
34 0.352941
35 0.371429
36 0.361111
37 0.351351
38 0.342105
39 0.333333
40 0.325
41 0.317073
42 0.309524
43 0.302326
44 0.295455
45 0.288889
46 0.304348
47 0.297872
48 0.3125
49 0.326531
50 0.34
51 0.333333
52 0.346154
