3 0
6 0.166667
9 0.333333
12 0.416667
15 0.466667
18 0.555556
21 0.619048
24 0.666667
27 0.703704
30 0.733333
33 0.757576
36 0.777778
39 0.794872
42 0.785714
45 0.755556
48 0.75
51 0.72549
54 0.740741
57 0.754386
60 0.766667
63 0.761905
66 0.772727
69 0.782609
72 0.791667
75 0.8
78 0.794872
81 0.802469
84 0.809524
87 0.816092
90 0.822222
93 0.817204
96 0.8125
99 0.818182
102 0.823529
105 0.828571
108 0.833333
111 0.828829
114 0.833333
117 0.837607
120 0.833333
123 0.837398
126 0.833333
129 0.837209
132 0.833333
135 0.837037
138 0.84058
141 0.843972
144 0.840278
147 0.836735
150 0.833333
153 0.823529
156 0.826923
159 0.830189
