3 0.666667
6 0.333333
9 0.222222
12 0.25
15 0.2
18 0.222222
21 0.285714
24 0.333333
27 0.37037
30 0.333333
33 0.333333
36 0.361111
39 0.333333
42 0.357143
45 0.355556
48 0.395833
51 0.411765
54 0.444444
57 0.45614
60 0.466667
63 0.47619
66 0.484848
69 0.507246
72 0.513889
75 0.533333
78 0.525641
81 0.518519
84 0.52381
87 0.528736
90 0.544444
93 0.548387
96 0.552083
99 0.555556
102 0.568627
105 0.580952
108 0.583333
111 0.594595
114 0.605263
117 0.615385
120 0.625
123 0.626016
126 0.626984
129 0.627907
132 0.628788
135 0.637037
138 0.644928
141 0.64539
144 0.652778
147 0.659864
150 0.666667
153 0.673203
156 0.679487
159 0.685535
162 0.691358
165 0.69697
168 0.702381
171 0.707602
174 0.712644
177 0.717514
180 0.722222
183 0.726776
186 0.731183
189 0.73545
192 0.739583
195 0.74359
