7 0.142857
14 0.5
21 0.571429
28 0.571429
35 0.542857
42 0.547619
49 0.530612
56 0.535714
63 0.52381
70 0.528571
77 0.519481
84 0.52381
91 0.516484
98 0.510204
105 0.514286
112 0.508929
119 0.512605
126 0.507937
133 0.511278
140 0.507143
147 0.510204
154 0.506494
161 0.509317
168 0.505952
175 0.508571
182 0.505495
189 0.507937
196 0.505102
203 0.507389
210 0.504762
217 0.506912
224 0.504464
231 0.506494
238 0.504202
245 0.506122
252 0.503968
259 0.494208
266 0.481203
273 0.468864
280 0.457143
287 0.445993
294 0.435374
301 0.425249
308 0.415584
315 0.406349
322 0.397516
329 0.389058
336 0.380952
343 0.373178
350 0.365714
