8 0
16 0.25
24 0.25
32 0.3125
40 0.4
48 0.416667
56 0.392857
64 0.453125
72 0.5
80 0.5375
88 0.545455
96 0.5625
104 0.576923
112 0.589286
120 0.608333
128 0.617188
136 0.639706
144 0.652778
152 0.671053
160 0.68125
168 0.690476
176 0.704545
184 0.717391
192 0.729167
200 0.74
208 0.75
216 0.759259
224 0.767857
232 0.775862
240 0.783333
248 0.790323
256 0.796875
264 0.80303
272 0.805147
280 0.810714
288 0.815972
296 0.817568
304 0.822368
312 0.826923
320 0.83125
328 0.835366
336 0.839286
344 0.843023
352 0.846591
360 0.85
368 0.853261
376 0.856383
384 0.859375
392 0.862245
400 0.865
408 0.867647
416 0.870192
