19 0.526316
38 0.684211
57 0.789474
76 0.802632
95 0.842105
114 0.868421
133 0.887218
152 0.901316
171 0.912281
190 0.921053
209 0.92823
228 0.934211
247 0.939271
266 0.943609
285 0.947368
304 0.950658
323 0.95356
342 0.95614
361 0.958449
380 0.960526
399 0.962406
418 0.964115
437 0.965675
456 0.967105
475 0.968421
494 0.969636
513 0.97076
532 0.971805
551 0.972777
570 0.973684
589 0.974533
608 0.975329
627 0.976077
646 0.97678
665 0.977444
684 0.97807
703 0.978663
722 0.979224
741 0.979757
760 0.980263
779 0.980745
798 0.981203
817 0.98164
836 0.982057
855 0.982456
874 0.982838
893 0.983203
912 0.983553
931 0.983888
950 0.984211
969 0.98452
988 0.984818
