4 0.75
8 0.875
12 0.916667
16 0.9375
20 0.95
24 0.958333
28 0.964286
32 0.96875
36 0.972222
40 0.975
44 0.977273
48 0.979167
52 0.980769
56 0.982143
60 0.983333
64 0.984375
68 0.985294
72 0.986111
76 0.986842
80 0.9875
84 0.988095
88 0.988636
92 0.98913
96 0.989583
100 0.96
104 0.951923
108 0.953704
112 0.955357
116 0.956897
120 0.958333
124 0.959677
128 0.960938
132 0.962121
136 0.963235
140 0.964286
144 0.965278
148 0.966216
152 0.967105
156 0.967949
160 0.96875
164 0.969512
168 0.970238
172 0.97093
176 0.971591
180 0.972222
184 0.972826
188 0.973404
192 0.973958
196 0.97449
200 0.975
204 0.97549
208 0.975962
