16 0.375
32 0.3125
48 0.3125
64 0.34375
80 0.3375
96 0.354167
112 0.375
128 0.367188
144 0.375
160 0.375
176 0.403409
192 0.40625
208 0.423077
224 0.433036
240 0.441667
256 0.4375
272 0.448529
288 0.461806
304 0.463816
320 0.471875
336 0.482143
352 0.480114
368 0.470109
384 0.473958
400 0.4675
416 0.463942
432 0.467593
448 0.464286
464 0.467672
480 0.46875
496 0.475806
512 0.476562
528 0.479167
544 0.485294
560 0.4875
576 0.482639
592 0.47973
608 0.483553
624 0.482372
640 0.48125
656 0.477134
672 0.47619
688 0.475291
704 0.474432
720 0.476389
736 0.478261
752 0.474734
768 0.476562
784 0.479592
800 0.48
816 0.480392
832 0.483173
