100 0.88
200 0.94
300 0.96
400 0.97
500 0.976
600 0.98
700 0.982857
800 0.985
900 0.986667
1000 0.988
1100 0.989091
1200 0.99
1300 0.990769
1400 0.991429
1500 0.992
1600 0.9925
1700 0.992941
1800 0.993333
1900 0.993684
2000 0.994
2100 0.994286
2200 0.994545
2300 0.994783
2400 0.995
2500 0.9952
2600 0.995385
2700 0.995556
2800 0.995714
2900 0.995862
3000 0.996
3100 0.996129
3200 0.99625
3300 0.996364
3400 0.996471
3500 0.996571
3600 0.996667
3700 0.996757
3800 0.996842
3900 0.996923
4000 0.997
4100 0.997073
4200 0.997143
4300 0.997209
4400 0.997273
4500 0.997333
4600 0.997391
4700 0.997447
4800 0.9975
4900 0.997551
5000 0.9976
