3 0.666667
6 0.666667
9 0.777778
12 0.833333
15 0.866667
18 0.888889
21 0.904762
24 0.916667
27 0.925926
30 0.933333
33 0.939394
36 0.944444
39 0.923077
42 0.928571
45 0.933333
48 0.9375
51 0.941176
54 0.944444
57 0.929825
60 0.916667
63 0.888889
66 0.893939
69 0.869565
72 0.875
75 0.88
78 0.884615
81 0.888889
84 0.892857
87 0.885057
90 0.888889
93 0.892473
96 0.895833
99 0.89899
102 0.901961
105 0.904762
108 0.907407
111 0.90991
114 0.912281
117 0.91453
120 0.916667
123 0.910569
126 0.912698
129 0.914729
132 0.916667
135 0.918519
138 0.92029
141 0.921986
144 0.923611
147 0.92517
150 0.926667
153 0.928105
156 0.929487
159 0.930818
162 0.932099
165 0.933333
168 0.934524
171 0.935673
174 0.936782
177 0.937853
180 0.938889
183 0.939891
186 0.94086
189 0.941799
