11 0.727273
22 0.727273
33 0.757576
44 0.795455
55 0.818182
66 0.818182
77 0.831169
88 0.829545
99 0.848485
110 0.836364
121 0.842975
132 0.856061
143 0.867133
154 0.876623
165 0.884848
176 0.892045
187 0.898396
198 0.90404
209 0.909091
220 0.913636
231 0.917749
242 0.921488
253 0.920949
264 0.924242
275 0.927273
286 0.93007
297 0.93266
308 0.935065
319 0.937304
330 0.939394
341 0.941349
352 0.943182
363 0.944904
374 0.946524
385 0.948052
396 0.94697
407 0.948403
418 0.949761
429 0.951049
440 0.952273
451 0.95122
462 0.952381
473 0.953488
484 0.954545
495 0.955556
506 0.956522
517 0.957447
528 0.958333
539 0.959184
550 0.958182
561 0.959002
572 0.95979
