7 0.571429
14 0.428571
21 0.428571
28 0.464286
35 0.485714
42 0.47619
49 0.530612
56 0.571429
63 0.603175
70 0.614286
77 0.649351
84 0.678571
91 0.681319
98 0.693878
105 0.695238
112 0.705357
119 0.714286
126 0.714286
133 0.721805
140 0.721429
147 0.707483
154 0.694805
161 0.68323
168 0.678571
175 0.685714
182 0.686813
189 0.693122
196 0.688776
203 0.684729
210 0.680952
217 0.677419
224 0.678571
231 0.683983
238 0.676471
245 0.681633
252 0.686508
259 0.687259
266 0.684211
273 0.681319
280 0.675
287 0.675958
294 0.673469
301 0.667774
308 0.659091
315 0.657143
322 0.658385
329 0.656535
336 0.651786
343 0.64723
350 0.651429
357 0.652661
364 0.656593
