11 0.636364
22 0.545455
33 0.424242
44 0.386364
55 0.381818
66 0.333333
77 0.285714
88 0.25
99 0.232323
110 0.209091
121 0.190083
132 0.174242
143 0.160839
154 0.149351
165 0.139394
176 0.130682
187 0.128342
198 0.121212
209 0.114833
220 0.109091
231 0.103896
242 0.0991736
253 0.0948617
264 0.094697
275 0.0909091
286 0.0874126
297 0.0875421
308 0.0876623
319 0.0846395
330 0.0818182
341 0.0791789
352 0.0795455
363 0.077135
374 0.0748663
385 0.0727273
396 0.0707071
407 0.0687961
418 0.069378
429 0.0675991
440 0.0659091
451 0.0643016
462 0.0627706
473 0.0613108
484 0.0599174
495 0.0585859
506 0.0573123
517 0.0560928
528 0.0568182
539 0.0556586
550 0.0545455
561 0.0552585
572 0.0559441
