1 0
2 0
3 0
4 0
5 0.2
6 0.333333
7 0.428571
8 0.375
9 0.333333
10 0.4
11 0.454545
12 0.5
13 0.461538
14 0.5
15 0.533333
16 0.5625
17 0.588235
18 0.611111
19 0.578947
20 0.6
21 0.619048
22 0.590909
23 0.608696
24 0.583333
25 0.56
26 0.538462
27 0.518519
28 0.5
29 0.482759
30 0.5
31 0.483871
32 0.5
33 0.484848
34 0.470588
35 0.485714
36 0.5
37 0.486486
38 0.473684
39 0.487179
40 0.5
41 0.512195
42 0.52381
43 0.511628
44 0.5
45 0.511111
46 0.521739
47 0.510638
48 0.520833
49 0.530612
50 0.54
51 0.54902
52 0.557692
