7 0.714286
14 0.785714
21 0.714286
28 0.678571
35 0.742857
42 0.761905
49 0.77551
56 0.732143
63 0.746032
70 0.742857
77 0.766234
84 0.785714
91 0.769231
98 0.765306
105 0.771429
112 0.767857
119 0.781513
126 0.785714
133 0.789474
140 0.8
147 0.795918
154 0.805195
161 0.813665
168 0.815476
175 0.822857
182 0.82967
189 0.835979
196 0.831633
203 0.837438
210 0.838095
217 0.843318
224 0.848214
231 0.852814
238 0.857143
245 0.857143
252 0.857143
259 0.861004
266 0.864662
273 0.860806
280 0.864286
287 0.864111
294 0.867347
301 0.870432
308 0.873377
315 0.87619
322 0.878882
329 0.878419
336 0.872024
343 0.874636
350 0.877143
357 0.879552
364 0.881868
371 0.884097
378 0.886243
385 0.888312
392 0.890306
