400 0.65
800 0.79625
1200 0.859167
1600 0.88875
2000 0.9105
2400 0.924167
2800 0.935
3200 0.942187
3600 0.948333
4000 0.953
4400 0.957273
4800 0.960833
5200 0.963654
5600 0.966071
6000 0.968333
6400 0.970313
6800 0.972059
7200 0.973611
7600 0.975
8000 0.97625
8400 0.977381
8800 0.978409
9200 0.979348
9600 0.980208
10000 0.981
10400 0.981731
10800 0.982407
11200 0.983036
11600 0.983621
12000 0.984167
12400 0.984677
12800 0.985156
13200 0.985606
13600 0.986029
14000 0.986429
14400 0.986806
14800 0.987162
15200 0.9875
15600 0.987821
16000 0.988125
16400 0.988415
16800 0.98869
17200 0.988953
17600 0.989205
18000 0.989444
18400 0.989674
18800 0.989894
19200 0.990104
19600 0.990306
20000 0.9905
