4 0.75
8 0.875
12 0.833333
16 0.875
20 0.85
24 0.75
28 0.75
32 0.71875
36 0.666667
40 0.625
44 0.613636
48 0.625
52 0.653846
56 0.678571
60 0.7
64 0.71875
68 0.705882
72 0.666667
76 0.657895
80 0.675
84 0.690476
88 0.693182
92 0.706522
96 0.6875
100 0.66
104 0.644231
108 0.638889
112 0.625
116 0.603448
120 0.591667
124 0.580645
128 0.585938
132 0.575758
136 0.558824
140 0.557143
144 0.569444
148 0.574324
152 0.585526
156 0.589744
160 0.59375
164 0.603659
168 0.613095
172 0.616279
176 0.613636
180 0.616667
184 0.61413
188 0.601064
192 0.588542
196 0.581633
200 0.57
204 0.558824
208 0.552885
