8 0
16 0.25
24 0.208333
32 0.1875
40 0.225
48 0.1875
56 0.160714
64 0.171875
72 0.166667
80 0.1625
88 0.159091
96 0.145833
104 0.144231
112 0.133929
120 0.125
128 0.132812
136 0.147059
144 0.159722
152 0.151316
160 0.15
168 0.142857
176 0.153409
184 0.157609
192 0.15625
200 0.155
208 0.163462
216 0.166667
224 0.178571
232 0.181034
240 0.191667
248 0.189516
256 0.183594
264 0.181818
272 0.176471
280 0.171429
288 0.173611
296 0.168919
304 0.164474
312 0.163462
320 0.165625
328 0.167683
336 0.166667
344 0.165698
352 0.164773
360 0.163889
368 0.168478
376 0.164894
384 0.161458
392 0.158163
400 0.155
408 0.154412
416 0.151442
