46 0.695652
92 0.815217
138 0.869565
184 0.902174
230 0.917391
276 0.931159
322 0.940994
368 0.94837
414 0.954106
460 0.958696
506 0.962451
552 0.96558
598 0.968227
644 0.970497
690 0.972464
736 0.974185
782 0.975703
828 0.977053
874 0.978261
920 0.979348
966 0.980331
1012 0.981225
1058 0.982042
1104 0.98279
1150 0.983478
1196 0.984114
1242 0.984702
1288 0.985248
1334 0.985757
1380 0.986232
1426 0.986676
1472 0.987092
1518 0.987484
1564 0.987852
1610 0.988199
1656 0.988527
1702 0.988837
1748 0.98913
1794 0.989409
1840 0.989674
1886 0.989926
1932 0.990166
1978 0.990394
2024 0.990613
2070 0.990821
2116 0.991021
2162 0.991212
2208 0.991395
2254 0.991571
2300 0.991739
