3 0.666667
6 0.666667
9 0.555556
12 0.583333
15 0.6
18 0.611111
21 0.619048
24 0.666667
27 0.703704
30 0.733333
33 0.757576
36 0.777778
39 0.74359
42 0.690476
45 0.688889
48 0.6875
51 0.686275
54 0.703704
57 0.684211
60 0.65
63 0.619048
66 0.590909
69 0.565217
72 0.555556
75 0.56
78 0.576923
81 0.592593
84 0.595238
87 0.597701
90 0.577778
93 0.569892
96 0.5625
99 0.575758
102 0.588235
105 0.6
108 0.611111
111 0.612613
114 0.622807
117 0.632479
120 0.641667
123 0.626016
126 0.619048
129 0.612403
132 0.613636
135 0.614815
138 0.623188
141 0.631206
144 0.638889
147 0.646259
150 0.653333
153 0.660131
156 0.653846
159 0.654088
162 0.641975
165 0.630303
168 0.619048
171 0.608187
174 0.603448
177 0.59322
180 0.588889
183 0.584699
186 0.580645
189 0.57672
