3 0
6 0
9 0
12 0
15 0
18 0
21 0
24 0
27 0
30 0
33 0
36 0
39 0
42 0
45 0
48 0
51 0.0196078
54 0.0185185
57 0.0350877
60 0.05
63 0.047619
66 0.0454545
69 0.0724638
72 0.0972222
75 0.0933333
78 0.102564
81 0.0987654
84 0.119048
87 0.126437
90 0.122222
93 0.129032
96 0.125
99 0.121212
102 0.117647
105 0.114286
108 0.111111
111 0.108108
114 0.105263
117 0.128205
120 0.125
123 0.138211
126 0.134921
129 0.131783
132 0.136364
135 0.133333
138 0.144928
141 0.141844
144 0.145833
147 0.156463
150 0.153333
153 0.156863
156 0.166667
