1 0
2 0
3 0
4 0
5 0
6 0
7 0
8 0
9 0
10 0
11 0
12 0
13 0
14 0.0714286
15 0.0666667
16 0.0625
17 0.0588235
18 0.0555556
19 0.0526316
20 0.05
21 0.047619
22 0.0454545
23 0.0869565
24 0.125
25 0.16
26 0.192308
27 0.185185
28 0.178571
29 0.172414
30 0.166667
31 0.16129
32 0.15625
33 0.181818
34 0.176471
35 0.171429
36 0.166667
37 0.162162
38 0.157895
39 0.153846
40 0.15
41 0.146341
42 0.142857
43 0.139535
44 0.159091
45 0.155556
46 0.152174
47 0.148936
48 0.145833
49 0.163265
50 0.16
51 0.156863
52 0.153846
53 0.150943
54 0.148148
55 0.163636
56 0.178571
57 0.175439
58 0.172414
59 0.169492
60 0.166667
61 0.180328
62 0.177419
63 0.174603
64 0.171875
65 0.169231
66 0.166667
67 0.164179
68 0.161765
69 0.15942
70 0.157143
71 0.15493
72 0.152778
73 0.150685
74 0.148649
75 0.146667
76 0.144737
77 0.142857
78 0.141026
79 0.151899
80 0.15
81 0.160494
82 0.158537
83 0.156627
84 0.166667
85 0.164706
86 0.174419
87 0.172414
88 0.181818
89 0.179775
90 0.177778
91 0.175824
92 0.184783
93 0.193548
