2 0
4 0.5
6 0.5
8 0.375
10 0.4
12 0.333333
14 0.357143
16 0.3125
18 0.277778
20 0.25
22 0.227273
24 0.25
26 0.230769
28 0.214286
30 0.2
32 0.21875
34 0.235294
36 0.222222
38 0.210526
40 0.2
42 0.214286
44 0.204545
46 0.195652
48 0.229167
50 0.26
52 0.25
54 0.259259
56 0.25
58 0.241379
60 0.233333
62 0.225806
64 0.234375
66 0.257576
68 0.25
70 0.242857
72 0.236111
74 0.22973
76 0.236842
78 0.24359
80 0.2375
82 0.231707
84 0.238095
86 0.232558
88 0.227273
90 0.233333
92 0.23913
94 0.234043
96 0.229167
98 0.244898
100 0.24
102 0.245098
104 0.240385
106 0.235849
108 0.240741
