10 0.2
20 0.1
30 0.266667
40 0.45
50 0.56
60 0.633333
70 0.685714
80 0.725
90 0.755556
100 0.78
110 0.8
120 0.816667
130 0.830769
140 0.842857
150 0.853333
160 0.8625
170 0.870588
180 0.877778
190 0.878947
200 0.885
210 0.890476
220 0.895455
230 0.9
240 0.904167
250 0.908
260 0.911538
270 0.914815
280 0.917857
290 0.92069
300 0.923333
310 0.919355
320 0.921875
330 0.924242
340 0.926471
350 0.928571
360 0.930556
370 0.932432
380 0.934211
390 0.935897
400 0.9375
410 0.939024
420 0.940476
430 0.94186
440 0.943182
450 0.944444
460 0.945652
470 0.946809
480 0.947917
490 0.94898
500 0.95
510 0.95098
520 0.951923
