2 0
4 0
6 0
8 0
10 0.1
12 0.166667
14 0.214286
16 0.1875
18 0.222222
20 0.2
22 0.181818
24 0.208333
26 0.230769
28 0.25
30 0.233333
32 0.25
34 0.264706
36 0.277778
38 0.289474
40 0.3
42 0.285714
44 0.295455
46 0.304348
48 0.291667
50 0.28
52 0.269231
54 0.259259
56 0.285714
58 0.275862
60 0.266667
62 0.258065
64 0.25
66 0.242424
68 0.235294
70 0.228571
72 0.222222
74 0.22973
76 0.223684
78 0.230769
80 0.225
82 0.219512
84 0.214286
86 0.209302
88 0.204545
90 0.2
92 0.195652
94 0.191489
96 0.1875
98 0.183673
100 0.18
102 0.176471
104 0.173077
106 0.169811
108 0.166667
110 0.163636
112 0.160714
114 0.157895
116 0.155172
118 0.152542
120 0.15
122 0.147541
124 0.145161
126 0.142857
128 0.140625
130 0.138462
132 0.136364
134 0.141791
136 0.139706
