5 0.2
10 0.2
15 0.266667
20 0.4
25 0.44
30 0.433333
35 0.457143
40 0.475
45 0.466667
50 0.48
55 0.509091
60 0.533333
65 0.538462
70 0.557143
75 0.586667
80 0.6125
85 0.635294
90 0.644444
95 0.663158
100 0.68
105 0.695238
110 0.709091
115 0.713043
120 0.725
125 0.728
130 0.730769
135 0.740741
140 0.742857
145 0.744828
150 0.746667
155 0.748387
160 0.75625
165 0.757576
170 0.758824
175 0.765714
180 0.766667
185 0.767568
190 0.768421
195 0.769231
200 0.77
205 0.77561
210 0.780952
215 0.786047
220 0.786364
225 0.786667
230 0.782609
235 0.782979
240 0.783333
245 0.77551
250 0.78
