2 0
4 0
6 0.166667
8 0.25
10 0.4
12 0.5
14 0.5
16 0.5
18 0.555556
20 0.6
22 0.636364
24 0.666667
26 0.692308
28 0.678571
30 0.7
32 0.6875
34 0.676471
36 0.694444
38 0.710526
40 0.725
42 0.714286
44 0.727273
46 0.73913
48 0.75
50 0.76
52 0.769231
54 0.777778
56 0.785714
58 0.775862
60 0.783333
62 0.790323
64 0.796875
66 0.80303
68 0.808824
70 0.814286
72 0.819444
74 0.824324
76 0.828947
78 0.833333
80 0.8375
82 0.841463
84 0.845238
86 0.848837
88 0.840909
90 0.844444
92 0.847826
94 0.840426
96 0.84375
98 0.846939
100 0.85
102 0.852941
104 0.855769
106 0.858491
108 0.861111
110 0.863636
112 0.866071
114 0.868421
116 0.87069
118 0.872881
120 0.875
122 0.877049
124 0.879032
