11 0.636364
22 0.590909
33 0.666667
44 0.681818
55 0.709091
66 0.727273
77 0.753247
88 0.761364
99 0.787879
110 0.781818
121 0.793388
132 0.810606
143 0.825175
154 0.837662
165 0.848485
176 0.857955
187 0.86631
198 0.873737
209 0.880383
220 0.886364
231 0.891775
242 0.896694
253 0.897233
264 0.901515
275 0.901818
286 0.905594
297 0.909091
308 0.912338
319 0.915361
330 0.915152
341 0.917889
352 0.920455
363 0.922865
374 0.925134
385 0.927273
396 0.926768
407 0.928747
418 0.930622
429 0.932401
440 0.934091
451 0.933481
462 0.935065
473 0.936575
484 0.938017
495 0.939394
506 0.940711
517 0.941973
528 0.943182
539 0.944341
550 0.943636
561 0.944742
572 0.945804
