1 0
2 0
3 0.333333
4 0.25
5 0.2
6 0.166667
7 0.142857
8 0.25
9 0.222222
10 0.2
11 0.181818
12 0.166667
13 0.153846
14 0.214286
15 0.2
16 0.25
17 0.235294
18 0.277778
19 0.315789
20 0.3
21 0.285714
22 0.272727
23 0.26087
24 0.25
25 0.24
26 0.269231
27 0.259259
28 0.25
29 0.275862
30 0.266667
31 0.290323
32 0.28125
33 0.272727
34 0.294118
35 0.285714
36 0.277778
37 0.27027
38 0.289474
39 0.282051
40 0.275
41 0.268293
42 0.261905
43 0.255814
44 0.272727
45 0.266667
46 0.26087
47 0.276596
48 0.291667
49 0.306122
50 0.3
51 0.294118
52 0.307692
53 0.320755
54 0.314815
55 0.309091
56 0.303571
57 0.315789
58 0.310345
59 0.305085
60 0.316667
