11 0.545455
22 0.5
33 0.484848
44 0.5
55 0.563636
66 0.545455
77 0.519481
88 0.534091
99 0.525253
110 0.536364
121 0.53719
132 0.537879
143 0.524476
154 0.519481
165 0.521212
176 0.522727
187 0.529412
198 0.530303
209 0.54067
220 0.540909
231 0.532468
242 0.533058
253 0.529644
264 0.530303
275 0.534545
286 0.538462
297 0.531987
308 0.532468
319 0.529781
330 0.527273
341 0.527859
352 0.525568
363 0.523416
374 0.518717
385 0.514286
396 0.507576
407 0.503686
418 0.502392
429 0.498834
440 0.497727
451 0.496674
462 0.493506
473 0.4926
484 0.493802
495 0.492929
506 0.492095
517 0.487427
528 0.484848
539 0.482375
550 0.481818
561 0.479501
572 0.477273
