12 0.5
24 0.5
36 0.5
48 0.520833
60 0.55
72 0.5
84 0.511905
96 0.510417
108 0.509259
120 0.508333
132 0.515152
144 0.5
156 0.487179
168 0.494048
180 0.488889
192 0.494792
204 0.5
216 0.509259
228 0.508772
240 0.504167
252 0.503968
264 0.507576
276 0.507246
288 0.510417
300 0.51
312 0.50641
324 0.506173
336 0.508929
348 0.505747
360 0.505556
372 0.505376
384 0.502604
396 0.497475
408 0.495098
420 0.488095
432 0.483796
444 0.484234
456 0.482456
468 0.480769
480 0.477083
492 0.477642
504 0.478175
516 0.476744
528 0.475379
540 0.47037
552 0.469203
564 0.464539
576 0.463542
588 0.460884
600 0.458333
