1 0
2 0
3 0
4 0
5 0
6 0
7 0
8 0
9 0
10 0
11 0
12 0
13 0
14 0.0714286
15 0.133333
16 0.1875
17 0.176471
18 0.166667
19 0.157895
20 0.2
21 0.190476
22 0.181818
23 0.173913
24 0.166667
25 0.16
26 0.153846
27 0.185185
28 0.214286
29 0.206897
30 0.2
31 0.193548
32 0.1875
33 0.181818
34 0.176471
35 0.171429
36 0.194444
37 0.189189
38 0.210526
39 0.205128
40 0.225
41 0.219512
42 0.238095
43 0.232558
44 0.25
45 0.244444
46 0.26087
47 0.276596
48 0.270833
49 0.285714
50 0.3
51 0.313725
52 0.326923
53 0.339623
54 0.333333
55 0.327273
56 0.339286
57 0.350877
58 0.362069
59 0.372881
60 0.383333
61 0.393443
62 0.403226
