3 0.666667
6 0.666667
9 0.777778
12 0.833333
15 0.8
18 0.833333
21 0.857143
24 0.875
27 0.888889
30 0.9
33 0.909091
36 0.916667
39 0.897436
42 0.904762
45 0.911111
48 0.916667
51 0.921569
54 0.925926
57 0.912281
60 0.9
63 0.873016
66 0.863636
69 0.84058
72 0.847222
75 0.853333
78 0.858974
81 0.864198
84 0.869048
87 0.862069
90 0.866667
93 0.870968
96 0.875
99 0.878788
102 0.882353
105 0.885714
108 0.888889
111 0.891892
114 0.894737
117 0.897436
120 0.9
123 0.886179
126 0.888889
129 0.891473
132 0.893939
135 0.896296
138 0.898551
141 0.900709
144 0.902778
147 0.904762
150 0.906667
153 0.908497
156 0.910256
159 0.91195
162 0.91358
165 0.915152
168 0.916667
171 0.918129
174 0.91954
177 0.920904
180 0.922222
183 0.923497
186 0.924731
189 0.925926
