7 0.142857
14 0.5
21 0.571429
28 0.642857
35 0.628571
42 0.666667
49 0.693878
56 0.696429
63 0.730159
70 0.728571
77 0.753247
84 0.75
91 0.758242
98 0.744898
105 0.761905
112 0.75
119 0.739496
126 0.738095
133 0.744361
140 0.75
147 0.741497
154 0.753247
161 0.757764
168 0.75
175 0.76
182 0.769231
189 0.772487
196 0.780612
203 0.783251
210 0.790476
217 0.797235
224 0.803571
231 0.809524
238 0.802521
245 0.808163
252 0.813492
259 0.814672
266 0.815789
273 0.820513
280 0.825
287 0.829268
294 0.829932
301 0.833887
308 0.834416
315 0.834921
322 0.838509
329 0.841945
336 0.845238
343 0.845481
350 0.848571
