43 0.581395
86 0.744186
129 0.775194
172 0.796512
215 0.827907
258 0.844961
301 0.857143
344 0.875
387 0.886305
430 0.893023
473 0.89852
516 0.905039
559 0.912343
602 0.916944
645 0.91938
688 0.924419
731 0.927497
774 0.928941
817 0.929009
860 0.932558
903 0.934662
946 0.936575
989 0.938322
1032 0.939922
1075 0.940465
1118 0.942755
1161 0.944875
1204 0.945183
1247 0.945469
1290 0.946512
1333 0.947487
1376 0.949128
1419 0.949965
1462 0.950068
1505 0.951495
1548 0.952196
1591 0.953488
1634 0.953488
1677 0.954681
1720 0.954651
1763 0.95519
1806 0.95515
1849 0.955111
1892 0.956131
1935 0.956072
1978 0.957027
2021 0.956457
2064 0.95688
2107 0.95776
2150 0.958605
