15 0.4
30 0.466667
45 0.577778
60 0.616667
75 0.626667
90 0.666667
105 0.685714
120 0.683333
135 0.659259
150 0.686667
165 0.690909
180 0.683333
195 0.687179
210 0.685714
225 0.671111
240 0.658333
255 0.658824
270 0.655556
285 0.65614
300 0.656667
315 0.650794
330 0.645455
345 0.649275
360 0.65
375 0.650667
390 0.651282
405 0.646914
420 0.642857
435 0.645977
450 0.646667
465 0.653763
480 0.660417
495 0.662626
510 0.666667
525 0.668571
540 0.674074
555 0.673874
570 0.677193
585 0.678632
600 0.676667
615 0.674797
630 0.679365
645 0.68062
660 0.680303
675 0.677037
690 0.675362
705 0.673759
720 0.670833
735 0.672109
750 0.670667
765 0.667974
