2 0
4 0.25
6 0.333333
8 0.25
10 0.4
12 0.416667
14 0.5
16 0.5
18 0.555556
20 0.55
22 0.5
24 0.458333
26 0.423077
28 0.428571
30 0.466667
32 0.46875
34 0.470588
36 0.5
38 0.526316
40 0.55
42 0.547619
44 0.568182
46 0.586957
48 0.604167
50 0.6
52 0.615385
54 0.62963
56 0.642857
58 0.637931
60 0.633333
62 0.645161
64 0.640625
66 0.651515
68 0.661765
70 0.671429
72 0.666667
74 0.675676
76 0.684211
78 0.692308
80 0.6875
82 0.682927
84 0.690476
86 0.697674
88 0.704545
90 0.711111
92 0.717391
94 0.723404
96 0.729167
98 0.734694
100 0.74
102 0.745098
104 0.75
106 0.754717
108 0.759259
110 0.763636
112 0.767857
114 0.77193
116 0.775862
118 0.779661
120 0.783333
122 0.786885
124 0.790323
126 0.793651
128 0.796875
130 0.8
