17 0.882353
34 0.882353
51 0.921569
68 0.941176
85 0.929412
102 0.911765
119 0.907563
136 0.919118
153 0.915033
170 0.905882
187 0.86631
204 0.872549
221 0.846154
238 0.819328
255 0.8
272 0.783088
289 0.768166
306 0.745098
323 0.749226
340 0.75
357 0.745098
374 0.745989
391 0.757033
408 0.767157
425 0.776471
442 0.785068
459 0.793028
476 0.798319
493 0.801217
510 0.794118
527 0.787476
544 0.783088
561 0.778966
578 0.776817
595 0.771429
612 0.776144
629 0.782194
646 0.781734
663 0.773756
680 0.767647
697 0.760402
714 0.753501
731 0.74829
748 0.741979
765 0.738562
782 0.736573
799 0.737171
816 0.742647
833 0.747899
850 0.743529
