8 0
16 0.25
24 0.25
32 0.375
40 0.45
48 0.458333
56 0.464286
64 0.515625
72 0.569444
80 0.6
88 0.602273
96 0.635417
104 0.653846
112 0.669643
120 0.691667
128 0.710938
136 0.727941
144 0.743056
152 0.756579
160 0.7625
168 0.77381
176 0.784091
184 0.793478
192 0.802083
200 0.81
208 0.817308
216 0.824074
224 0.830357
232 0.836207
240 0.841667
248 0.846774
256 0.851562
264 0.856061
272 0.856618
280 0.860714
288 0.864583
296 0.868243
304 0.871711
312 0.875
320 0.878125
328 0.881098
336 0.883929
344 0.886628
352 0.889205
360 0.891667
368 0.894022
376 0.896277
384 0.898438
392 0.90051
400 0.9025
408 0.904412
416 0.90625
