8 0
16 0.25
24 0.208333
32 0.28125
40 0.325
48 0.291667
56 0.25
64 0.296875
72 0.319444
80 0.3625
88 0.375
96 0.375
104 0.384615
112 0.383929
120 0.408333
128 0.414062
136 0.441176
144 0.465278
152 0.473684
160 0.49375
168 0.511905
176 0.522727
184 0.527174
192 0.541667
200 0.555
208 0.572115
216 0.583333
224 0.598214
232 0.612069
240 0.620833
248 0.629032
256 0.632812
264 0.636364
272 0.636029
280 0.646429
288 0.65625
296 0.662162
304 0.667763
312 0.676282
320 0.678125
328 0.682927
336 0.6875
344 0.686047
352 0.6875
360 0.694444
368 0.701087
376 0.704787
384 0.705729
392 0.709184
400 0.715
408 0.718137
416 0.723558
