5 0
10 0
15 0
20 0
25 0.04
30 0.0333333
35 0.0571429
40 0.075
45 0.0888889
50 0.12
55 0.145455
60 0.2
65 0.246154
70 0.257143
75 0.253333
80 0.2625
85 0.282353
90 0.3
95 0.305263
100 0.32
105 0.333333
110 0.345455
115 0.347826
120 0.375
125 0.384
130 0.407692
135 0.422222
140 0.428571
145 0.434483
150 0.453333
155 0.464516
160 0.46875
165 0.478788
170 0.488235
175 0.502857
180 0.516667
185 0.524324
190 0.521053
195 0.523077
200 0.535
205 0.541463
210 0.542857
215 0.548837
220 0.55
225 0.56
230 0.565217
235 0.565957
240 0.575
245 0.583673
250 0.584
255 0.592157
260 0.6
265 0.607547
270 0.614815
275 0.621818
280 0.625
285 0.62807
