2 0.5
4 0.5
6 0.5
8 0.625
10 0.7
12 0.583333
14 0.571429
16 0.5
18 0.555556
20 0.6
22 0.590909
24 0.625
26 0.653846
28 0.678571
30 0.7
32 0.6875
34 0.705882
36 0.694444
38 0.710526
40 0.725
42 0.738095
44 0.75
46 0.76087
48 0.770833
50 0.78
52 0.769231
54 0.777778
56 0.785714
58 0.775862
60 0.783333
62 0.790323
64 0.78125
66 0.787879
68 0.794118
70 0.8
72 0.805556
74 0.797297
76 0.802632
78 0.807692
80 0.8125
82 0.804878
84 0.809524
86 0.813953
88 0.818182
90 0.822222
92 0.826087
94 0.829787
96 0.833333
98 0.836735
100 0.84
102 0.843137
104 0.846154
106 0.849057
108 0.851852
110 0.845455
112 0.839286
114 0.842105
116 0.844828
118 0.847458
120 0.85
122 0.844262
124 0.846774
126 0.849206
128 0.851562
130 0.853846
132 0.856061
134 0.858209
136 0.860294
138 0.862319
140 0.864286
142 0.866197
144 0.868056
146 0.869863
148 0.871622
