46 0.586957
92 0.695652
138 0.753623
184 0.793478
230 0.821739
276 0.844203
322 0.857143
368 0.875
414 0.888889
460 0.9
506 0.909091
552 0.914855
598 0.921405
644 0.925466
690 0.930435
736 0.933424
782 0.93734
828 0.940821
874 0.943936
920 0.946739
966 0.947205
1012 0.949605
1058 0.949905
1104 0.951993
1150 0.953913
1196 0.955686
1242 0.956522
1288 0.958075
1334 0.958771
1380 0.960145
1426 0.961431
1472 0.962636
1518 0.963768
1564 0.964834
1610 0.965839
1656 0.966184
1702 0.967098
1748 0.967391
1794 0.968227
1840 0.968478
1886 0.969247
1932 0.968944
1978 0.969666
2024 0.970356
2070 0.971014
2116 0.971645
2162 0.972248
2208 0.972826
2254 0.973381
2300 0.973913
