1 0
2 0
3 0
4 0
5 0
6 0
7 0
8 0
9 0
10 0
11 0
12 0
13 0
14 0.0714286
15 0.0666667
16 0.125
17 0.117647
18 0.111111
19 0.105263
20 0.1
21 0.0952381
22 0.0909091
23 0.0869565
24 0.0833333
25 0.08
26 0.0769231
27 0.0740741
28 0.0714286
29 0.0689655
30 0.0666667
31 0.0645161
32 0.0625
33 0.0606061
34 0.0588235
35 0.0571429
36 0.0555556
37 0.0540541
38 0.0526316
39 0.0512821
40 0.075
41 0.0731707
42 0.0714286
43 0.0697674
44 0.0909091
45 0.0888889
46 0.0869565
47 0.0851064
48 0.0833333
49 0.0816327
50 0.08
51 0.0784314
52 0.0769231
53 0.0754717
54 0.0740741
55 0.0727273
56 0.0892857
57 0.105263
58 0.103448
59 0.101695
60 0.1
61 0.0983607
62 0.0967742
