5 0.2
10 0.3
15 0.266667
20 0.2
25 0.16
30 0.133333
35 0.114286
40 0.125
45 0.111111
50 0.14
55 0.163636
60 0.183333
65 0.2
70 0.214286
75 0.2
80 0.1875
85 0.188235
90 0.188889
95 0.178947
100 0.17
105 0.161905
110 0.163636
115 0.165217
120 0.175
125 0.168
130 0.161538
135 0.17037
140 0.164286
145 0.165517
150 0.166667
155 0.174194
160 0.18125
165 0.181818
170 0.194118
175 0.194286
180 0.194444
185 0.189189
190 0.184211
195 0.179487
200 0.18
205 0.17561
210 0.171429
215 0.167442
220 0.172727
225 0.173333
230 0.169565
235 0.165957
240 0.166667
245 0.163265
250 0.164
255 0.164706
260 0.161538
265 0.162264
270 0.162963
275 0.167273
280 0.164286
285 0.164912
