5 0.2
10 0.1
15 0.133333
20 0.25
25 0.28
30 0.3
35 0.342857
40 0.375
45 0.377778
50 0.36
55 0.345455
60 0.366667
65 0.353846
70 0.371429
75 0.386667
80 0.4125
85 0.411765
90 0.422222
95 0.442105
100 0.47
105 0.485714
110 0.490909
115 0.495652
120 0.508333
125 0.52
130 0.530769
135 0.548148
140 0.557143
145 0.565517
150 0.56
155 0.567742
160 0.56875
165 0.575758
170 0.576471
175 0.588571
180 0.594444
185 0.594595
190 0.6
195 0.605128
200 0.61
205 0.614634
210 0.619048
215 0.627907
220 0.627273
225 0.631111
230 0.630435
235 0.634043
240 0.633333
245 0.628571
250 0.628
