1 0
2 0
3 0
4 0.25
5 0.4
6 0.333333
7 0.285714
8 0.25
9 0.222222
10 0.2
11 0.181818
12 0.166667
13 0.153846
14 0.142857
15 0.133333
16 0.125
17 0.117647
18 0.111111
19 0.105263
20 0.1
21 0.0952381
22 0.0909091
23 0.0869565
24 0.0833333
25 0.08
26 0.0769231
27 0.0740741
28 0.0714286
29 0.103448
30 0.1
31 0.0967742
32 0.09375
33 0.121212
34 0.147059
35 0.142857
36 0.138889
37 0.135135
38 0.131579
39 0.128205
40 0.125
41 0.121951
42 0.119048
43 0.139535
44 0.136364
45 0.133333
46 0.130435
47 0.12766
48 0.125
49 0.122449
50 0.12
51 0.117647
52 0.115385
53 0.113208
54 0.111111
55 0.109091
56 0.107143
57 0.105263
58 0.103448
59 0.101695
60 0.1
61 0.0983607
