15 0.4
30 0.466667
45 0.577778
60 0.616667
75 0.6
90 0.633333
105 0.657143
120 0.658333
135 0.637037
150 0.666667
165 0.672727
180 0.666667
195 0.671795
210 0.671429
225 0.657778
240 0.658333
255 0.635294
270 0.625926
285 0.617544
300 0.606667
315 0.606349
330 0.6
345 0.588406
360 0.575
375 0.562667
390 0.553846
405 0.550617
420 0.547619
435 0.54023
450 0.54
465 0.550538
480 0.560417
495 0.565657
510 0.572549
525 0.577143
540 0.585185
555 0.587387
570 0.592982
585 0.596581
600 0.596667
615 0.596748
630 0.603175
645 0.606202
660 0.607576
675 0.605926
690 0.605797
705 0.605674
720 0.604167
735 0.606803
750 0.606667
765 0.605229
