12 0.666667
24 0.708333
36 0.722222
48 0.791667
60 0.8
72 0.833333
84 0.857143
96 0.875
108 0.888889
120 0.9
132 0.909091
144 0.916667
156 0.923077
168 0.928571
180 0.933333
192 0.9375
204 0.941176
216 0.944444
228 0.947368
240 0.95
252 0.944444
264 0.920455
276 0.92029
288 0.892361
300 0.863333
312 0.846154
324 0.824074
336 0.797619
348 0.781609
360 0.758333
372 0.739247
384 0.731771
396 0.732323
408 0.718137
420 0.707143
432 0.694444
444 0.686937
456 0.690789
468 0.683761
480 0.677083
492 0.668699
504 0.654762
516 0.645349
528 0.640152
540 0.625926
552 0.617754
564 0.618794
576 0.626736
588 0.62415
600 0.625
612 0.620915
624 0.608974
