17 0.470588
34 0.470588
51 0.45098
68 0.455882
85 0.470588
102 0.441176
119 0.445378
136 0.448529
153 0.424837
170 0.417647
187 0.411765
204 0.401961
221 0.38914
238 0.382353
255 0.376471
272 0.375
289 0.373702
306 0.372549
323 0.371517
340 0.370588
357 0.366947
374 0.363636
391 0.363171
408 0.362745
425 0.362353
442 0.359729
459 0.359477
476 0.357143
493 0.356998
510 0.356863
527 0.354839
544 0.354779
561 0.354724
578 0.351211
595 0.347899
612 0.346405
629 0.343402
646 0.342105
663 0.340875
680 0.339706
697 0.340029
714 0.337535
731 0.337893
748 0.338235
765 0.337255
782 0.336317
799 0.334168
816 0.332108
833 0.330132
850 0.330588
867 0.327566
884 0.328054
