3 0.666667
6 0.333333
9 0.222222
12 0.25
15 0.266667
18 0.277778
21 0.333333
24 0.375
27 0.407407
30 0.4
33 0.393939
36 0.416667
39 0.435897
42 0.47619
45 0.488889
48 0.520833
51 0.54902
54 0.574074
57 0.596491
60 0.6
63 0.603175
66 0.606061
69 0.623188
72 0.625
75 0.64
78 0.641026
81 0.641975
84 0.654762
87 0.666667
90 0.677778
93 0.688172
96 0.6875
99 0.69697
102 0.705882
105 0.714286
108 0.722222
111 0.72973
114 0.736842
117 0.74359
120 0.75
123 0.756098
126 0.761905
129 0.767442
132 0.772727
135 0.777778
138 0.782609
141 0.787234
144 0.791667
147 0.795918
150 0.8
153 0.803922
156 0.807692
159 0.811321
162 0.814815
165 0.818182
168 0.821429
171 0.824561
174 0.827586
177 0.830508
180 0.833333
183 0.836066
186 0.83871
189 0.84127
192 0.84375
195 0.846154
