6 0.5
12 0.333333
18 0.277778
24 0.25
30 0.3
36 0.277778
42 0.309524
48 0.270833
54 0.259259
60 0.266667
66 0.287879
72 0.277778
78 0.269231
84 0.25
90 0.233333
96 0.229167
102 0.235294
108 0.240741
114 0.236842
120 0.241667
126 0.238095
132 0.234848
138 0.231884
144 0.243056
150 0.246667
156 0.25
162 0.246914
168 0.25
174 0.270115
180 0.272222
186 0.268817
192 0.265625
198 0.262626
204 0.254902
210 0.261905
216 0.263889
222 0.27027
228 0.27193
234 0.269231
240 0.275
246 0.276423
252 0.277778
258 0.282946
264 0.276515
270 0.281481
276 0.275362
282 0.27305
288 0.277778
294 0.285714
300 0.29
