1 0
2 0
3 0
4 0
5 0
6 0
7 0
8 0
9 0
10 0
11 0
12 0
13 0
14 0.0714286
15 0.133333
16 0.1875
17 0.176471
18 0.166667
19 0.157895
20 0.2
21 0.190476
22 0.181818
23 0.217391
24 0.208333
25 0.2
26 0.230769
27 0.259259
28 0.285714
29 0.275862
30 0.3
31 0.290323
32 0.28125
33 0.30303
34 0.323529
35 0.314286
36 0.333333
37 0.351351
38 0.368421
39 0.358974
40 0.375
41 0.365854
42 0.380952
43 0.372093
44 0.386364
45 0.377778
46 0.391304
47 0.404255
48 0.416667
49 0.428571
50 0.44
51 0.45098
52 0.461538
53 0.471698
54 0.462963
55 0.454545
56 0.464286
57 0.473684
58 0.482759
59 0.491525
60 0.5
61 0.508197
62 0.516129
