3 0
6 0.166667
9 0.333333
12 0.416667
15 0.4
18 0.388889
21 0.428571
24 0.458333
27 0.518519
30 0.533333
33 0.545455
36 0.527778
39 0.564103
42 0.571429
45 0.555556
48 0.541667
51 0.509804
54 0.518519
57 0.54386
60 0.533333
63 0.539683
66 0.545455
69 0.536232
72 0.527778
75 0.533333
78 0.525641
81 0.518519
84 0.52381
87 0.517241
90 0.511111
93 0.505376
96 0.510417
99 0.515152
102 0.509804
105 0.514286
108 0.527778
111 0.531532
114 0.526316
117 0.529915
120 0.525
123 0.528455
126 0.531746
129 0.527132
132 0.522727
135 0.511111
138 0.507246
141 0.510638
144 0.506944
147 0.503401
150 0.5
153 0.490196
156 0.49359
159 0.503145
