3 0
6 0.166667
9 0.333333
12 0.333333
15 0.333333
18 0.277778
21 0.285714
24 0.333333
27 0.407407
30 0.433333
33 0.424242
36 0.416667
39 0.410256
42 0.428571
45 0.422222
48 0.416667
51 0.392157
54 0.388889
57 0.385965
60 0.383333
63 0.380952
66 0.378788
69 0.376812
72 0.361111
75 0.36
78 0.358974
81 0.345679
84 0.345238
87 0.333333
90 0.322222
93 0.322581
96 0.3125
99 0.313131
102 0.313725
105 0.314286
108 0.314815
111 0.315315
114 0.307018
117 0.299145
120 0.291667
123 0.284553
126 0.285714
129 0.27907
132 0.272727
135 0.266667
138 0.26087
141 0.262411
144 0.263889
147 0.265306
150 0.26
153 0.254902
156 0.262821
159 0.27673
