19 0.421053
38 0.605263
57 0.649123
76 0.605263
95 0.642105
114 0.684211
133 0.714286
152 0.703947
171 0.730994
190 0.757895
209 0.77512
228 0.789474
247 0.801619
266 0.815789
285 0.8
304 0.805921
323 0.814241
342 0.821637
361 0.831025
380 0.836842
399 0.844612
418 0.849282
437 0.853547
456 0.857456
475 0.856842
494 0.860324
513 0.861598
532 0.862782
551 0.865699
570 0.868421
589 0.872666
608 0.876645
627 0.880383
646 0.883901
665 0.887218
684 0.890351
703 0.893314
722 0.894737
741 0.897436
760 0.9
779 0.902439
798 0.903509
817 0.905753
836 0.906699
855 0.907602
874 0.907323
893 0.908175
912 0.908991
931 0.909774
950 0.911579
969 0.913313
988 0.91498
