46 0.543478
92 0.663043
138 0.717391
184 0.75
230 0.786957
276 0.811594
322 0.826087
368 0.845109
414 0.862319
460 0.871739
506 0.883399
552 0.891304
598 0.896321
644 0.900621
690 0.907246
736 0.910326
782 0.915601
828 0.92029
874 0.923341
920 0.927174
966 0.928571
1012 0.931818
1058 0.931947
1104 0.933877
1150 0.936522
1196 0.938963
1242 0.940419
1288 0.942547
1334 0.943778
1380 0.945652
1426 0.947405
1472 0.94837
1518 0.949934
1564 0.951407
1610 0.952795
1656 0.951087
1702 0.952409
1748 0.953089
1794 0.954292
1840 0.954891
1886 0.955992
1932 0.955487
1978 0.956522
2024 0.95751
2070 0.958454
2116 0.959357
2162 0.960222
2208 0.960598
2254 0.961402
2300 0.962174
