2 0.5
4 0.5
6 0.5
8 0.625
10 0.7
12 0.583333
14 0.571429
16 0.5
18 0.555556
20 0.6
22 0.590909
24 0.583333
26 0.615385
28 0.642857
30 0.666667
32 0.65625
34 0.676471
36 0.666667
38 0.684211
40 0.675
42 0.666667
44 0.659091
46 0.673913
48 0.666667
50 0.68
52 0.653846
54 0.666667
56 0.660714
58 0.655172
60 0.666667
62 0.677419
64 0.671875
66 0.681818
68 0.691176
70 0.685714
72 0.694444
74 0.689189
76 0.697368
78 0.705128
80 0.7125
82 0.695122
84 0.702381
86 0.697674
88 0.704545
90 0.7
92 0.706522
94 0.702128
96 0.708333
98 0.693878
100 0.7
102 0.696078
104 0.682692
106 0.669811
108 0.675926
110 0.672727
112 0.669643
114 0.666667
116 0.672414
118 0.677966
120 0.683333
122 0.680328
124 0.685484
126 0.68254
128 0.679688
130 0.676923
132 0.681818
134 0.686567
136 0.691176
138 0.695652
140 0.692857
142 0.697183
144 0.6875
146 0.691781
148 0.695946
