3 0.333333
6 0.5
9 0.555556
12 0.583333
15 0.666667
18 0.666667
21 0.666667
24 0.708333
27 0.740741
30 0.766667
33 0.787879
36 0.805556
39 0.769231
42 0.785714
45 0.755556
48 0.770833
51 0.784314
54 0.796296
57 0.807018
60 0.816667
63 0.825397
66 0.833333
69 0.84058
72 0.847222
75 0.84
78 0.833333
81 0.82716
84 0.833333
87 0.83908
90 0.833333
93 0.827957
96 0.833333
99 0.838384
102 0.843137
105 0.847619
108 0.842593
111 0.837838
114 0.842105
117 0.846154
120 0.85
123 0.853659
126 0.857143
129 0.860465
132 0.848485
135 0.844444
138 0.847826
141 0.836879
144 0.833333
147 0.836735
150 0.84
153 0.843137
156 0.833333
159 0.836478
162 0.833333
165 0.836364
