2 0
4 0.5
6 0.5
8 0.375
10 0.4
12 0.333333
14 0.357143
16 0.3125
18 0.277778
20 0.25
22 0.227273
24 0.25
26 0.230769
28 0.214286
30 0.2
32 0.21875
34 0.235294
36 0.222222
38 0.236842
40 0.225
42 0.238095
44 0.272727
46 0.282609
48 0.291667
50 0.3
52 0.288462
54 0.314815
56 0.321429
58 0.310345
60 0.3
62 0.306452
64 0.3125
66 0.318182
68 0.308824
70 0.314286
72 0.319444
74 0.324324
76 0.342105
78 0.333333
80 0.3375
82 0.341463
84 0.345238
86 0.337209
88 0.329545
90 0.333333
92 0.326087
94 0.319149
96 0.3125
98 0.316327
100 0.31
102 0.313725
104 0.317308
106 0.311321
108 0.314815
