3 0.666667
6 0.666667
9 0.777778
12 0.833333
15 0.866667
18 0.888889
21 0.904762
24 0.916667
27 0.925926
30 0.933333
33 0.939394
36 0.944444
39 0.923077
42 0.928571
45 0.933333
48 0.9375
51 0.941176
54 0.944444
57 0.929825
60 0.916667
63 0.888889
66 0.878788
69 0.855072
72 0.861111
75 0.866667
78 0.871795
81 0.876543
84 0.880952
87 0.873563
90 0.877778
93 0.88172
96 0.885417
99 0.888889
102 0.892157
105 0.895238
108 0.898148
111 0.900901
114 0.903509
117 0.905983
120 0.908333
123 0.894309
126 0.896825
129 0.899225
132 0.901515
135 0.903704
138 0.905797
141 0.907801
144 0.909722
147 0.911565
150 0.913333
153 0.915033
156 0.916667
159 0.918239
162 0.919753
165 0.921212
168 0.922619
171 0.923977
174 0.925287
177 0.926554
180 0.927778
183 0.928962
186 0.930108
189 0.931217
