27 0.518519
54 0.425926
81 0.395062
108 0.37963
135 0.362963
162 0.339506
189 0.31746
216 0.300926
243 0.288066
270 0.281481
297 0.272727
324 0.268519
351 0.25641
378 0.251323
405 0.239506
432 0.231481
459 0.224401
486 0.220165
513 0.214425
540 0.209259
567 0.204586
594 0.200337
621 0.193237
648 0.189815
675 0.186667
702 0.183761
729 0.18107
756 0.178571
783 0.176245
810 0.174074
837 0.173238
864 0.171296
891 0.169473
918 0.167756
945 0.166138
972 0.164609
999 0.163163
1026 0.161793
1053 0.160494
1080 0.159259
1107 0.158085
1134 0.156966
1161 0.1559
1188 0.154882
1215 0.153909
1242 0.152979
1269 0.152088
1296 0.151235
1323 0.150416
1350 0.14963
