19 0.315789
38 0.5
57 0.561404
76 0.526316
95 0.515789
114 0.526316
133 0.548872
152 0.539474
171 0.526316
190 0.557895
209 0.569378
228 0.587719
247 0.591093
266 0.609023
285 0.592982
304 0.598684
323 0.600619
342 0.596491
361 0.606648
380 0.615789
399 0.621554
418 0.617225
437 0.620137
456 0.622807
475 0.610526
494 0.59919
513 0.586745
532 0.580827
551 0.577132
570 0.568421
589 0.563667
608 0.564145
627 0.567783
646 0.572755
665 0.574436
684 0.576023
703 0.576102
722 0.574792
741 0.574899
760 0.573684
779 0.575096
798 0.575188
817 0.578947
836 0.58134
855 0.583626
874 0.578947
893 0.575588
912 0.569079
931 0.564984
950 0.566316
969 0.567595
988 0.566802
