400 0.825
800 0.91125
1200 0.940833
1600 0.955625
2000 0.9645
2400 0.970417
2800 0.974643
3200 0.977812
3600 0.980278
4000 0.98225
4400 0.983864
4800 0.985208
5200 0.986346
5600 0.987321
6000 0.988167
6400 0.988906
6800 0.989559
7200 0.990139
7600 0.990658
8000 0.991125
8400 0.991548
8800 0.991932
9200 0.992283
9600 0.992604
10000 0.9929
10400 0.993173
10800 0.993426
11200 0.993661
11600 0.993879
12000 0.994083
12400 0.994274
12800 0.994453
13200 0.994621
13600 0.994779
14000 0.994929
14400 0.995069
14800 0.995203
15200 0.995329
15600 0.995449
16000 0.995563
16400 0.995671
16800 0.995774
17200 0.995872
17600 0.995966
18000 0.996056
18400 0.996141
18800 0.996223
19200 0.996302
19600 0.996378
20000 0.99645
