10 0.4
20 0.4
30 0.333333
40 0.3
50 0.32
60 0.316667
70 0.3
80 0.2875
90 0.277778
100 0.26
110 0.236364
120 0.241667
130 0.230769
140 0.235714
150 0.226667
160 0.225
170 0.229412
180 0.216667
190 0.205263
200 0.2
210 0.2
220 0.190909
230 0.195652
240 0.191667
250 0.188
260 0.188462
270 0.185185
280 0.178571
290 0.17931
300 0.173333
310 0.177419
320 0.171875
330 0.169697
340 0.170588
350 0.171429
360 0.175
370 0.181081
380 0.176316
390 0.176923
400 0.18
410 0.180488
420 0.185714
430 0.2
440 0.213636
450 0.222222
460 0.230435
470 0.240426
480 0.254167
490 0.265306
500 0.264
