4 0.25
8 0.5
12 0.5
16 0.625
20 0.65
24 0.666667
28 0.714286
32 0.6875
36 0.722222
40 0.75
44 0.772727
48 0.791667
52 0.807692
56 0.803571
60 0.816667
64 0.828125
68 0.823529
72 0.833333
76 0.815789
80 0.825
84 0.833333
88 0.840909
92 0.836957
96 0.84375
100 0.85
104 0.855769
108 0.861111
112 0.866071
116 0.87069
120 0.875
124 0.879032
128 0.882812
132 0.886364
136 0.889706
140 0.892857
144 0.895833
148 0.898649
152 0.901316
156 0.903846
160 0.90625
164 0.908537
168 0.910714
172 0.912791
176 0.914773
180 0.916667
184 0.918478
188 0.920213
192 0.921875
196 0.918367
200 0.915
204 0.916667
