75 0.533333
150 0.533333
225 0.564444
300 0.593333
375 0.618667
450 0.635556
525 0.645714
600 0.656667
675 0.65037
750 0.656
825 0.661818
900 0.67
975 0.667692
1050 0.669524
1125 0.677333
1200 0.675
1275 0.673725
1350 0.677778
1425 0.679298
1500 0.68
1575 0.68127
1650 0.679394
1725 0.678261
1800 0.676111
1875 0.6768
1950 0.677436
2025 0.676543
2100 0.677619
2175 0.67908
2250 0.680444
2325 0.68
2400 0.679583
2475 0.679596
2550 0.680784
2625 0.683048
2700 0.682593
2775 0.683243
2850 0.678947
2925 0.678974
3000 0.678333
3075 0.680325
3150 0.680317
3225 0.68093
3300 0.684545
3375 0.685037
3450 0.685797
3525 0.687092
3600 0.687778
3675 0.689252
3750 0.690933
