5 0.2
10 0.3
15 0.333333
20 0.3
25 0.4
30 0.366667
35 0.4
40 0.425
45 0.422222
50 0.46
55 0.490909
60 0.533333
65 0.569231
70 0.585714
75 0.613333
80 0.625
85 0.635294
90 0.655556
95 0.673684
100 0.69
105 0.704762
110 0.709091
115 0.721739
120 0.733333
125 0.736
130 0.746154
135 0.755556
140 0.757143
145 0.758621
150 0.766667
155 0.774194
160 0.775
165 0.781818
170 0.788235
175 0.794286
180 0.8
185 0.805405
190 0.810526
195 0.815385
200 0.82
205 0.819512
210 0.82381
215 0.827907
220 0.831818
225 0.835556
230 0.83913
235 0.842553
240 0.845833
245 0.84898
250 0.852
255 0.854902
260 0.857692
265 0.860377
270 0.862963
275 0.865455
280 0.867857
285 0.870175
