7 0.571429
14 0.714286
21 0.809524
28 0.857143
35 0.885714
42 0.904762
49 0.918367
56 0.928571
63 0.936508
70 0.942857
77 0.948052
84 0.952381
91 0.956044
98 0.959184
105 0.961905
112 0.964286
119 0.966387
126 0.968254
133 0.969925
140 0.971429
147 0.972789
154 0.974026
161 0.975155
168 0.97619
175 0.977143
182 0.978022
189 0.978836
196 0.979592
203 0.980296
210 0.980952
217 0.981567
224 0.982143
231 0.982684
238 0.983193
245 0.983673
252 0.984127
259 0.984556
266 0.984962
273 0.985348
280 0.985714
287 0.986063
294 0.986395
301 0.986711
308 0.987013
315 0.987302
322 0.987578
329 0.987842
336 0.988095
343 0.988338
350 0.988571
357 0.988796
364 0.989011
