1 0
2 0
3 0
4 0.25
5 0.4
6 0.333333
7 0.285714
8 0.25
9 0.222222
10 0.2
11 0.272727
12 0.25
13 0.230769
14 0.214286
15 0.2
16 0.25
17 0.235294
18 0.222222
19 0.210526
20 0.2
21 0.190476
22 0.227273
23 0.26087
24 0.291667
25 0.32
26 0.346154
27 0.37037
28 0.392857
29 0.413793
30 0.433333
31 0.451613
32 0.4375
33 0.454545
34 0.441176
35 0.457143
36 0.472222
37 0.459459
38 0.473684
39 0.461538
40 0.45
41 0.463415
42 0.47619
43 0.488372
44 0.477273
45 0.488889
46 0.5
47 0.489362
48 0.5
49 0.510204
50 0.52
51 0.529412
52 0.538462
53 0.54717
54 0.555556
55 0.563636
56 0.571429
57 0.561404
58 0.568966
59 0.576271
60 0.583333
61 0.57377
62 0.580645
63 0.587302
64 0.59375
65 0.584615
66 0.590909
67 0.58209
68 0.588235
69 0.594203
70 0.6
71 0.605634
72 0.597222
73 0.60274
74 0.608108
75 0.613333
76 0.618421
77 0.61039
78 0.615385
79 0.607595
80 0.6125
81 0.617284
82 0.609756
83 0.614458
84 0.619048
85 0.611765
86 0.616279
87 0.62069
88 0.625
89 0.629213
90 0.633333
91 0.637363
92 0.641304
