20 0.45
40 0.675
60 0.7
80 0.7375
100 0.75
120 0.758333
140 0.75
160 0.75
180 0.75
200 0.725
220 0.718182
240 0.716667
260 0.719231
280 0.707143
300 0.703333
320 0.7
340 0.697059
360 0.705556
380 0.713158
400 0.7125
420 0.707143
440 0.704545
460 0.706522
480 0.7
500 0.7
520 0.696154
540 0.690741
560 0.685714
580 0.681034
600 0.68
620 0.674194
640 0.670312
660 0.662121
680 0.652941
700 0.654286
720 0.65
740 0.651351
760 0.647368
780 0.646154
800 0.645
820 0.646341
840 0.640476
860 0.636047
880 0.631818
900 0.626667
920 0.627174
940 0.624468
960 0.625
980 0.62449
1000 0.625
