4 0.75
8 0.875
12 0.916667
16 0.9375
20 0.95
24 0.958333
28 0.964286
32 0.96875
36 0.972222
40 0.975
44 0.977273
48 0.979167
52 0.980769
56 0.982143
60 0.983333
64 0.984375
68 0.985294
72 0.986111
76 0.986842
80 0.9875
84 0.988095
88 0.988636
92 0.98913
96 0.989583
100 0.96
104 0.923077
108 0.888889
112 0.857143
116 0.862069
120 0.833333
124 0.822581
128 0.804688
132 0.795455
136 0.786765
140 0.778571
144 0.770833
148 0.77027
152 0.776316
156 0.775641
160 0.76875
164 0.762195
168 0.755952
172 0.755814
176 0.761364
180 0.766667
184 0.771739
188 0.776596
192 0.78125
196 0.785714
200 0.79
204 0.794118
208 0.798077
