41 0.902439
82 0.878049
123 0.747967
164 0.682927
205 0.64878
246 0.617886
287 0.581882
328 0.551829
369 0.525745
410 0.502439
451 0.487805
492 0.473577
533 0.45591
574 0.440767
615 0.429268
656 0.417683
697 0.411765
738 0.403794
779 0.395379
820 0.390244
861 0.384437
902 0.380266
943 0.376458
984 0.371951
1025 0.366829
1066 0.363039
1107 0.358627
1148 0.356272
1189 0.352397
1230 0.349593
1271 0.346184
1312 0.342988
1353 0.339985
1394 0.337877
1435 0.337282
1476 0.335366
1517 0.334212
1558 0.332478
1599 0.331457
1640 0.329878
1681 0.328376
1722 0.326365
1763 0.325014
1804 0.323171
1845 0.321409
1886 0.319724
1927 0.31863
1968 0.317073
2009 0.318069
2050 0.319024
