2 0.5
4 0.5
6 0.5
8 0.625
10 0.7
12 0.666667
14 0.714286
16 0.75
18 0.777778
20 0.8
22 0.818182
24 0.833333
26 0.846154
28 0.857143
30 0.866667
32 0.875
34 0.882353
36 0.861111
38 0.868421
40 0.875
42 0.880952
44 0.886364
46 0.891304
48 0.895833
50 0.9
52 0.903846
54 0.907407
56 0.910714
58 0.913793
60 0.916667
62 0.919355
64 0.921875
66 0.924242
68 0.926471
70 0.928571
72 0.930556
74 0.932432
76 0.934211
78 0.935897
80 0.9375
82 0.939024
84 0.940476
86 0.94186
88 0.943182
90 0.944444
92 0.945652
94 0.946809
96 0.947917
98 0.94898
100 0.95
102 0.95098
104 0.951923
106 0.95283
108 0.953704
110 0.945455
112 0.946429
114 0.947368
116 0.948276
118 0.949153
120 0.95
122 0.95082
124 0.951613
126 0.952381
128 0.953125
130 0.953846
132 0.954545
134 0.955224
136 0.955882
138 0.956522
140 0.957143
142 0.957746
144 0.958333
146 0.958904
148 0.959459
