1 0
2 0
3 0.333333
4 0.25
5 0.2
6 0.166667
7 0.142857
8 0.25
9 0.222222
10 0.2
11 0.181818
12 0.166667
13 0.153846
14 0.214286
15 0.2
16 0.25
17 0.235294
18 0.277778
19 0.315789
20 0.3
21 0.285714
22 0.272727
23 0.26087
24 0.25
25 0.24
26 0.269231
27 0.259259
28 0.25
29 0.275862
30 0.266667
31 0.290323
32 0.3125
33 0.30303
34 0.323529
35 0.314286
36 0.305556
37 0.297297
38 0.315789
39 0.307692
40 0.325
41 0.317073
42 0.309524
43 0.302326
44 0.318182
45 0.311111
46 0.304348
47 0.319149
48 0.333333
49 0.346939
50 0.34
51 0.333333
52 0.346154
53 0.358491
54 0.37037
55 0.363636
56 0.357143
57 0.368421
58 0.362069
59 0.355932
60 0.366667
