2 0
4 0
6 0.166667
8 0.125
10 0.1
12 0.166667
14 0.142857
16 0.125
18 0.111111
20 0.15
22 0.181818
24 0.166667
26 0.192308
28 0.178571
30 0.2
32 0.1875
34 0.205882
36 0.194444
38 0.184211
40 0.2
42 0.190476
44 0.181818
46 0.173913
48 0.1875
50 0.2
52 0.211538
54 0.203704
56 0.196429
58 0.189655
60 0.2
62 0.209677
64 0.203125
66 0.212121
68 0.220588
70 0.228571
72 0.222222
74 0.216216
76 0.210526
78 0.217949
80 0.2125
82 0.207317
84 0.202381
86 0.197674
88 0.204545
90 0.211111
92 0.217391
94 0.212766
96 0.208333
98 0.214286
100 0.21
102 0.205882
104 0.201923
106 0.198113
108 0.203704
110 0.2
112 0.205357
114 0.201754
116 0.198276
118 0.194915
120 0.191667
122 0.196721
124 0.201613
