7 0.285714
14 0.571429
21 0.619048
28 0.678571
35 0.714286
42 0.761905
49 0.795918
56 0.803571
63 0.825397
70 0.842857
77 0.857143
84 0.869048
91 0.879121
98 0.877551
105 0.885714
112 0.883929
119 0.890756
126 0.896825
133 0.902256
140 0.907143
147 0.911565
154 0.915584
161 0.919255
168 0.922619
175 0.925714
182 0.928571
189 0.931217
196 0.933673
203 0.935961
210 0.938095
217 0.940092
224 0.941964
231 0.943723
238 0.945378
245 0.946939
252 0.948413
259 0.949807
266 0.951128
273 0.952381
280 0.953571
287 0.954704
294 0.955782
301 0.956811
308 0.957792
315 0.95873
322 0.959627
329 0.960486
336 0.96131
343 0.962099
350 0.962857
