63 0.984127
126 0.992063
189 0.994709
252 0.996032
315 0.996825
378 0.997354
441 0.997732
504 0.998016
567 0.998236
630 0.998413
693 0.998557
756 0.998677
819 0.993895
882 0.994331
945 0.994709
1008 0.99504
1071 0.995331
1134 0.995591
1197 0.995823
1260 0.996032
1323 0.996221
1386 0.996392
1449 0.996549
1512 0.996693
1575 0.994286
1638 0.994505
1701 0.994709
1764 0.994898
1827 0.995074
1890 0.995238
1953 0.995392
2016 0.995536
2079 0.995671
2142 0.995798
2205 0.995918
2268 0.996032
2331 0.996139
2394 0.996241
2457 0.996337
2520 0.996429
2583 0.996516
2646 0.996599
2709 0.996678
2772 0.996753
2835 0.996825
2898 0.996894
2961 0.99696
3024 0.997024
3087 0.997085
3150 0.997143
