8 0.125
16 0.375
24 0.375
32 0.46875
40 0.525
48 0.541667
56 0.553571
64 0.59375
72 0.638889
80 0.6625
88 0.659091
96 0.6875
104 0.701923
112 0.723214
120 0.741667
128 0.757812
136 0.772059
144 0.784722
152 0.796053
160 0.80625
168 0.815476
176 0.823864
184 0.831522
192 0.838542
200 0.845
208 0.850962
216 0.856481
224 0.861607
232 0.866379
240 0.870833
248 0.875
256 0.878906
264 0.882576
272 0.882353
280 0.885714
288 0.888889
296 0.891892
304 0.894737
312 0.897436
320 0.9
328 0.902439
336 0.904762
344 0.906977
352 0.909091
360 0.911111
368 0.913043
376 0.914894
384 0.916667
392 0.918367
400 0.92
408 0.921569
416 0.923077
