1 0
2 0
3 0.333333
4 0.5
5 0.6
6 0.5
7 0.428571
8 0.375
9 0.444444
10 0.4
11 0.363636
12 0.333333
13 0.384615
14 0.357143
15 0.333333
16 0.375
17 0.352941
18 0.388889
19 0.421053
20 0.45
21 0.47619
22 0.5
23 0.521739
24 0.541667
25 0.52
26 0.5
27 0.481481
28 0.5
29 0.482759
30 0.466667
31 0.451613
32 0.4375
33 0.424242
34 0.441176
35 0.428571
36 0.444444
37 0.459459
38 0.473684
39 0.461538
40 0.475
41 0.487805
42 0.47619
43 0.488372
44 0.5
45 0.488889
46 0.478261
47 0.489362
48 0.5
49 0.510204
50 0.52
51 0.529412
52 0.538462
53 0.54717
54 0.537037
55 0.527273
