3 0.666667
6 0.666667
9 0.555556
12 0.583333
15 0.6
18 0.611111
21 0.619048
24 0.625
27 0.592593
30 0.566667
33 0.606061
36 0.555556
39 0.512821
42 0.47619
45 0.488889
48 0.5
51 0.470588
54 0.444444
57 0.421053
60 0.4
63 0.380952
66 0.363636
69 0.347826
72 0.347222
75 0.333333
78 0.333333
81 0.320988
84 0.309524
87 0.298851
90 0.288889
93 0.27957
96 0.270833
99 0.262626
102 0.264706
105 0.257143
108 0.259259
111 0.252252
114 0.245614
117 0.239316
120 0.233333
123 0.227642
126 0.230159
129 0.232558
132 0.242424
135 0.251852
138 0.268116
141 0.283688
144 0.298611
147 0.306122
150 0.32
153 0.333333
156 0.333333
159 0.339623
162 0.351852
165 0.363636
168 0.375
171 0.374269
174 0.373563
177 0.367232
180 0.366667
183 0.36612
186 0.365591
189 0.365079
