75 0.906667
150 0.913333
225 0.915556
300 0.916667
375 0.914667
450 0.911111
525 0.918095
600 0.921667
675 0.922963
750 0.924
825 0.926061
900 0.923333
975 0.925128
1050 0.924762
1125 0.927111
1200 0.925833
1275 0.927843
1350 0.928889
1425 0.929123
1500 0.930667
1575 0.929524
1650 0.928485
1725 0.929855
1800 0.929444
1875 0.930133
1950 0.930769
2025 0.931358
2100 0.931905
2175 0.932874
2250 0.934222
2325 0.934194
2400 0.934583
2475 0.934949
2550 0.935686
2625 0.935619
2700 0.935556
2775 0.935856
2850 0.935789
2925 0.93641
3000 0.936333
3075 0.93626
3150 0.937143
3225 0.937364
3300 0.936667
3375 0.937185
3450 0.936812
3525 0.935319
3600 0.936111
3675 0.93551
3750 0.936
