2 0
4 0
6 0.166667
8 0.125
10 0.2
12 0.25
14 0.285714
16 0.25
18 0.333333
20 0.3
22 0.318182
24 0.375
26 0.384615
28 0.392857
30 0.4
32 0.4375
34 0.441176
36 0.472222
38 0.5
40 0.525
42 0.5
44 0.522727
46 0.543478
48 0.541667
50 0.52
52 0.5
54 0.5
56 0.517857
58 0.5
60 0.483333
62 0.5
64 0.515625
66 0.515152
68 0.529412
70 0.514286
72 0.5
74 0.5
76 0.513158
78 0.525641
80 0.5375
82 0.536585
84 0.547619
86 0.546512
88 0.556818
90 0.544444
92 0.554348
94 0.56383
96 0.572917
98 0.581633
100 0.58
102 0.578431
104 0.586538
106 0.59434
108 0.601852
110 0.6
112 0.607143
114 0.614035
116 0.62069
118 0.618644
120 0.625
122 0.631148
124 0.637097
126 0.634921
128 0.632812
130 0.638462
132 0.643939
134 0.649254
136 0.654412
