4 0.25
8 0.375
12 0.416667
16 0.5
20 0.6
24 0.625
28 0.678571
32 0.6875
36 0.694444
40 0.7
44 0.681818
48 0.708333
52 0.711538
56 0.714286
60 0.716667
64 0.734375
68 0.735294
72 0.75
76 0.763158
80 0.75
84 0.761905
88 0.772727
92 0.771739
96 0.78125
100 0.79
104 0.778846
108 0.787037
112 0.794643
116 0.793103
120 0.8
124 0.806452
128 0.8125
132 0.818182
136 0.823529
140 0.821429
144 0.826389
148 0.831081
152 0.828947
156 0.833333
160 0.8375
164 0.841463
168 0.845238
172 0.843023
176 0.846591
180 0.85
184 0.853261
188 0.856383
192 0.859375
196 0.862245
200 0.865
