16 0.5625
32 0.65625
48 0.75
64 0.796875
80 0.825
96 0.854167
112 0.875
128 0.890625
144 0.902778
160 0.9125
176 0.920455
192 0.927083
208 0.932692
224 0.9375
240 0.941667
256 0.945312
272 0.948529
288 0.951389
304 0.953947
320 0.95625
336 0.958333
352 0.960227
368 0.961957
384 0.963542
400 0.965
416 0.966346
432 0.967593
448 0.96875
464 0.969828
480 0.970833
496 0.971774
512 0.972656
528 0.973485
544 0.974265
560 0.975
576 0.975694
592 0.976351
608 0.976974
624 0.975962
640 0.976562
656 0.977134
672 0.977679
688 0.978198
704 0.978693
720 0.979167
736 0.97962
752 0.980053
768 0.980469
784 0.980867
800 0.98125
816 0.981618
832 0.981971
