2 0
4 0
6 0
8 0
10 0
12 0
14 0
16 0
18 0
20 0
22 0
24 0
26 0
28 0
30 0.0333333
32 0.03125
34 0.0294118
36 0.0277778
38 0.0263158
40 0.025
42 0.047619
44 0.0454545
46 0.0434783
48 0.0416667
50 0.04
52 0.0384615
54 0.037037
56 0.0535714
58 0.0517241
60 0.05
62 0.0645161
64 0.0625
66 0.0606061
68 0.0588235
70 0.0714286
72 0.0833333
74 0.0945946
76 0.105263
78 0.102564
80 0.1
82 0.097561
84 0.0952381
86 0.0930233
88 0.0909091
90 0.0888889
92 0.0869565
94 0.0851064
96 0.0833333
98 0.0918367
100 0.09
102 0.0882353
104 0.0865385
106 0.0943396
108 0.0925926
110 0.0909091
112 0.0892857
114 0.0877193
116 0.0862069
118 0.0847458
120 0.0833333
122 0.0819672
124 0.0806452
126 0.0793651
128 0.078125
130 0.0769231
