1 0
2 0
3 0
4 0
5 0
6 0
7 0
8 0
9 0
10 0
11 0
12 0
13 0
14 0.0714286
15 0.133333
16 0.1875
17 0.176471
18 0.166667
19 0.157895
20 0.2
21 0.190476
22 0.181818
23 0.173913
24 0.166667
25 0.16
26 0.153846
27 0.185185
28 0.214286
29 0.206897
30 0.2
31 0.193548
32 0.1875
33 0.181818
34 0.176471
35 0.171429
36 0.166667
37 0.162162
38 0.157895
39 0.153846
40 0.175
41 0.170732
42 0.190476
43 0.186047
44 0.204545
45 0.2
46 0.217391
47 0.234043
48 0.229167
49 0.22449
50 0.24
51 0.254902
52 0.269231
53 0.283019
54 0.277778
55 0.272727
56 0.285714
57 0.298246
58 0.310345
59 0.322034
60 0.333333
61 0.327869
62 0.33871
