6 0
12 0
18 0.0555556
24 0.125
30 0.166667
36 0.194444
42 0.238095
48 0.229167
54 0.240741
60 0.283333
66 0.318182
72 0.319444
78 0.346154
84 0.357143
90 0.388889
96 0.395833
102 0.411765
108 0.416667
114 0.429825
120 0.441667
126 0.460317
132 0.469697
138 0.478261
144 0.5
150 0.506667
156 0.512821
162 0.524691
168 0.529762
174 0.534483
180 0.538889
186 0.537634
192 0.541667
198 0.550505
204 0.558824
210 0.566667
216 0.578704
222 0.59009
228 0.583333
234 0.581197
240 0.591667
246 0.597561
252 0.603175
258 0.608527
264 0.613636
270 0.614815
276 0.615942
282 0.624113
288 0.628472
294 0.636054
300 0.643333
