2 0
4 0
6 0.166667
8 0.125
10 0.2
12 0.333333
14 0.428571
16 0.5
18 0.555556
20 0.55
22 0.545455
24 0.583333
26 0.576923
28 0.571429
30 0.6
32 0.625
34 0.647059
36 0.666667
38 0.684211
40 0.7
42 0.714286
44 0.727273
46 0.73913
48 0.729167
50 0.72
52 0.730769
54 0.722222
56 0.732143
58 0.706897
60 0.716667
62 0.725806
64 0.734375
66 0.742424
68 0.75
70 0.742857
72 0.75
74 0.756757
76 0.763158
78 0.769231
80 0.775
82 0.768293
84 0.77381
86 0.77907
88 0.784091
90 0.766667
92 0.771739
94 0.776596
96 0.78125
98 0.785714
100 0.78
102 0.784314
104 0.788462
106 0.792453
108 0.796296
110 0.8
112 0.803571
114 0.807018
116 0.810345
118 0.805085
120 0.808333
122 0.811475
124 0.814516
126 0.809524
128 0.804688
130 0.807692
132 0.810606
134 0.813433
136 0.816176
