15 0.733333
30 0.833333
45 0.888889
60 0.916667
75 0.933333
90 0.944444
105 0.952381
120 0.958333
135 0.962963
150 0.966667
165 0.969697
180 0.972222
195 0.974359
210 0.97619
225 0.977778
240 0.975
255 0.976471
270 0.977778
285 0.978947
300 0.98
315 0.980952
330 0.981818
345 0.982609
360 0.983333
375 0.984
390 0.984615
405 0.985185
420 0.985714
435 0.986207
450 0.986667
465 0.987097
480 0.9875
495 0.987879
510 0.988235
525 0.988571
540 0.988889
555 0.989189
570 0.989474
585 0.989744
600 0.99
615 0.990244
630 0.990476
645 0.990698
660 0.990909
675 0.991111
690 0.991304
705 0.991489
720 0.991667
735 0.991837
750 0.992
765 0.992157
