100 0.42
200 0.455
300 0.486667
400 0.5175
500 0.552
600 0.578333
700 0.598571
800 0.615
900 0.63
1000 0.64
1100 0.655455
1200 0.669167
1300 0.680769
1400 0.690714
1500 0.697333
1600 0.704375
1700 0.711176
1800 0.722778
1900 0.728421
2000 0.738
2100 0.744762
2200 0.750909
2300 0.757391
2400 0.764167
2500 0.7712
2600 0.775769
2700 0.781111
2800 0.785714
2900 0.79069
3000 0.795667
3100 0.799355
3200 0.802188
3300 0.806364
3400 0.810294
3500 0.815143
3600 0.817222
3700 0.821081
3800 0.824474
3900 0.826667
4000 0.8305
4100 0.832927
4200 0.835476
4300 0.83814
4400 0.840227
4500 0.843556
4600 0.846522
4700 0.848936
4800 0.851458
4900 0.853265
5000 0.8554
