2 0
4 0
6 0.166667
8 0.125
10 0.2
12 0.333333
14 0.285714
16 0.25
18 0.222222
20 0.3
22 0.318182
24 0.291667
26 0.307692
28 0.321429
30 0.333333
32 0.3125
34 0.323529
36 0.361111
38 0.394737
40 0.4
42 0.404762
44 0.431818
46 0.434783
48 0.4375
50 0.44
52 0.442308
54 0.462963
56 0.482143
58 0.482759
60 0.5
62 0.516129
64 0.53125
66 0.545455
68 0.544118
70 0.557143
72 0.569444
74 0.554054
76 0.552632
78 0.564103
80 0.5625
82 0.573171
84 0.583333
86 0.593023
88 0.590909
90 0.6
92 0.597826
94 0.595745
96 0.59375
98 0.602041
100 0.61
102 0.607843
104 0.615385
106 0.622642
108 0.62963
110 0.627273
112 0.625
114 0.631579
116 0.637931
118 0.644068
120 0.65
122 0.655738
124 0.66129
