2 0.5
4 0.5
6 0.5
8 0.625
10 0.7
12 0.583333
14 0.571429
16 0.5
18 0.555556
20 0.6
22 0.590909
24 0.583333
26 0.615385
28 0.642857
30 0.633333
32 0.625
34 0.647059
36 0.638889
38 0.657895
40 0.675
42 0.666667
44 0.659091
46 0.673913
48 0.666667
50 0.66
52 0.653846
54 0.666667
56 0.678571
58 0.672414
60 0.683333
62 0.693548
64 0.6875
66 0.69697
68 0.705882
70 0.7
72 0.694444
74 0.689189
76 0.697368
78 0.705128
80 0.7125
82 0.695122
84 0.702381
86 0.697674
88 0.704545
90 0.7
92 0.706522
94 0.702128
96 0.708333
98 0.704082
100 0.71
102 0.705882
104 0.692308
106 0.679245
108 0.685185
110 0.681818
112 0.678571
114 0.675439
116 0.681034
118 0.686441
120 0.691667
122 0.688525
124 0.693548
126 0.690476
128 0.6875
130 0.684615
132 0.689394
134 0.69403
136 0.698529
138 0.702899
140 0.707143
142 0.711268
144 0.701389
146 0.705479
148 0.709459
