4 0.25
8 0.25
12 0.416667
16 0.375
20 0.4
24 0.458333
28 0.5
32 0.5625
36 0.583333
40 0.6
44 0.636364
48 0.645833
52 0.673077
56 0.678571
60 0.666667
64 0.6875
68 0.691176
72 0.694444
76 0.697368
80 0.7125
84 0.72619
88 0.727273
92 0.73913
96 0.75
100 0.76
104 0.759615
108 0.759259
112 0.767857
116 0.775862
120 0.775
124 0.766129
128 0.773438
132 0.772727
136 0.772059
140 0.778571
144 0.784722
148 0.790541
152 0.796053
156 0.801282
160 0.80625
164 0.810976
168 0.815476
172 0.819767
176 0.823864
180 0.827778
184 0.831522
188 0.835106
192 0.838542
196 0.841837
200 0.84
204 0.843137
208 0.846154
212 0.849057
216 0.851852
220 0.854545
