2 0
4 0.5
6 0.5
8 0.375
10 0.4
12 0.333333
14 0.357143
16 0.3125
18 0.333333
20 0.35
22 0.363636
24 0.375
26 0.384615
28 0.428571
30 0.466667
32 0.5
34 0.5
36 0.472222
38 0.473684
40 0.5
42 0.52381
44 0.545455
46 0.565217
48 0.583333
50 0.6
52 0.615385
54 0.62963
56 0.625
58 0.603448
60 0.6
62 0.612903
64 0.625
66 0.636364
68 0.632353
70 0.642857
72 0.638889
74 0.648649
76 0.657895
78 0.666667
80 0.6625
82 0.670732
84 0.678571
86 0.686047
88 0.693182
90 0.7
92 0.706522
94 0.712766
96 0.708333
98 0.714286
100 0.72
102 0.715686
104 0.721154
106 0.726415
108 0.731481
