10 0.7
20 0.7
30 0.8
40 0.775
50 0.74
60 0.733333
70 0.742857
80 0.75
90 0.766667
100 0.77
110 0.772727
120 0.783333
130 0.776923
140 0.778571
150 0.793333
160 0.80625
170 0.817647
180 0.816667
190 0.826316
200 0.82
210 0.828571
220 0.836364
230 0.843478
240 0.845833
250 0.852
260 0.853846
270 0.859259
280 0.864286
290 0.868966
300 0.873333
310 0.877419
320 0.88125
330 0.884848
340 0.888235
350 0.891429
360 0.894444
370 0.897297
380 0.9
390 0.902564
400 0.905
410 0.907317
420 0.907143
430 0.909302
440 0.911364
450 0.913333
460 0.915217
470 0.917021
480 0.91875
490 0.920408
500 0.922
