3 0.666667
6 0.833333
9 0.777778
12 0.833333
15 0.866667
18 0.888889
21 0.904762
24 0.916667
27 0.925926
30 0.933333
33 0.909091
36 0.916667
39 0.923077
42 0.928571
45 0.933333
48 0.9375
51 0.941176
54 0.944444
57 0.947368
60 0.95
63 0.952381
66 0.954545
69 0.956522
72 0.958333
75 0.96
78 0.961538
81 0.962963
84 0.964286
87 0.965517
90 0.966667
93 0.967742
96 0.96875
99 0.969697
102 0.970588
105 0.971429
108 0.972222
111 0.972973
114 0.973684
117 0.974359
120 0.975
123 0.97561
126 0.97619
129 0.976744
132 0.977273
135 0.977778
138 0.978261
141 0.978723
144 0.979167
147 0.979592
150 0.98
153 0.980392
