4 0.75
8 0.875
12 0.833333
16 0.875
20 0.85
24 0.875
28 0.857143
32 0.875
36 0.861111
40 0.85
44 0.840909
48 0.854167
52 0.865385
56 0.875
60 0.883333
64 0.890625
68 0.897059
72 0.902778
76 0.907895
80 0.9125
84 0.916667
88 0.909091
92 0.913043
96 0.90625
100 0.9
104 0.903846
108 0.907407
112 0.901786
116 0.896552
120 0.9
124 0.895161
128 0.898438
132 0.893939
136 0.897059
140 0.9
144 0.902778
148 0.905405
152 0.907895
156 0.910256
160 0.9125
164 0.914634
168 0.916667
172 0.918605
176 0.920455
180 0.922222
184 0.923913
188 0.925532
192 0.927083
196 0.928571
200 0.925
204 0.926471
208 0.927885
