4 0.75
8 0.875
12 0.916667
16 0.9375
20 0.95
24 0.958333
28 0.964286
32 0.96875
36 0.972222
40 0.975
44 0.977273
48 0.979167
52 0.980769
56 0.982143
60 0.983333
64 0.984375
68 0.985294
72 0.986111
76 0.986842
80 0.9875
84 0.988095
88 0.988636
92 0.98913
96 0.989583
100 0.96
104 0.923077
108 0.888889
112 0.857143
116 0.844828
120 0.816667
124 0.790323
128 0.765625
132 0.765152
136 0.742647
140 0.721429
144 0.701389
148 0.702703
152 0.690789
156 0.673077
160 0.65625
164 0.640244
168 0.625
172 0.616279
176 0.607955
180 0.6
184 0.608696
188 0.611702
192 0.598958
196 0.591837
200 0.595
204 0.602941
208 0.600962
