3 0
6 0.166667
9 0.333333
12 0.416667
15 0.4
18 0.388889
21 0.428571
24 0.458333
27 0.518519
30 0.533333
33 0.545455
36 0.527778
39 0.564103
42 0.571429
45 0.555556
48 0.5625
51 0.529412
54 0.537037
57 0.561404
60 0.566667
63 0.571429
66 0.575758
69 0.594203
72 0.583333
75 0.586667
78 0.589744
81 0.592593
84 0.595238
87 0.597701
90 0.6
93 0.591398
96 0.59375
99 0.59596
102 0.598039
105 0.609524
108 0.62037
111 0.621622
114 0.631579
117 0.632479
120 0.633333
123 0.642276
126 0.642857
129 0.643411
132 0.636364
135 0.637037
138 0.630435
141 0.638298
144 0.638889
147 0.639456
150 0.633333
153 0.627451
156 0.634615
159 0.641509
