2 0
4 0
6 0.166667
8 0.25
10 0.3
12 0.416667
14 0.5
16 0.5625
18 0.611111
20 0.6
22 0.590909
24 0.625
26 0.615385
28 0.607143
30 0.633333
32 0.65625
34 0.676471
36 0.694444
38 0.710526
40 0.725
42 0.738095
44 0.75
46 0.76087
48 0.75
50 0.74
52 0.75
54 0.740741
56 0.75
58 0.724138
60 0.733333
62 0.741935
64 0.75
66 0.757576
68 0.764706
70 0.757143
72 0.763889
74 0.77027
76 0.776316
78 0.782051
80 0.7875
82 0.780488
84 0.785714
86 0.790698
88 0.795455
90 0.777778
92 0.782609
94 0.787234
96 0.791667
98 0.795918
100 0.79
102 0.794118
104 0.798077
106 0.801887
108 0.805556
110 0.809091
112 0.8125
114 0.815789
116 0.818966
118 0.813559
120 0.816667
122 0.819672
124 0.822581
126 0.81746
128 0.8125
130 0.815385
132 0.818182
134 0.820896
136 0.823529
