1 0
2 0
3 0.333333
4 0.25
5 0.2
6 0.166667
7 0.142857
8 0.125
9 0.222222
10 0.3
11 0.363636
12 0.333333
13 0.384615
14 0.428571
15 0.466667
16 0.5
17 0.470588
18 0.444444
19 0.473684
20 0.45
21 0.47619
22 0.5
23 0.521739
24 0.541667
25 0.56
26 0.576923
27 0.555556
28 0.535714
29 0.517241
30 0.533333
31 0.548387
32 0.53125
33 0.545455
34 0.529412
35 0.542857
36 0.555556
37 0.567568
38 0.578947
39 0.564103
40 0.575
41 0.585366
42 0.595238
43 0.604651
44 0.613636
45 0.622222
46 0.630435
47 0.638298
48 0.625
49 0.632653
50 0.62
51 0.627451
52 0.634615
53 0.641509
54 0.648148
55 0.654545
56 0.660714
57 0.666667
58 0.672414
59 0.677966
60 0.683333
61 0.688525
62 0.677419
63 0.68254
64 0.6875
65 0.692308
66 0.69697
67 0.701493
68 0.691176
69 0.695652
70 0.685714
71 0.690141
72 0.680556
73 0.684932
74 0.689189
75 0.693333
76 0.684211
77 0.688312
78 0.692308
79 0.696203
80 0.7
81 0.703704
82 0.707317
83 0.710843
84 0.714286
85 0.717647
86 0.72093
87 0.724138
88 0.727273
89 0.730337
90 0.733333
91 0.736264
92 0.73913
93 0.741935
