6 0
12 0
18 0.0555556
24 0.125
30 0.133333
36 0.111111
42 0.119048
48 0.145833
54 0.148148
60 0.2
66 0.212121
72 0.236111
78 0.269231
84 0.27381
90 0.3
96 0.302083
102 0.313725
108 0.342593
114 0.368421
120 0.375
126 0.380952
132 0.386364
138 0.405797
144 0.416667
150 0.433333
156 0.442308
162 0.450617
168 0.464286
174 0.477011
180 0.488889
186 0.494624
192 0.5
198 0.510101
204 0.509804
210 0.52381
216 0.532407
222 0.545045
228 0.548246
234 0.555556
240 0.566667
246 0.569106
252 0.575397
258 0.581395
264 0.590909
270 0.596296
276 0.605072
282 0.613475
288 0.611111
294 0.615646
300 0.62
