3 0.333333
6 0.5
9 0.444444
12 0.5
15 0.6
18 0.611111
21 0.571429
24 0.625
27 0.666667
30 0.633333
33 0.636364
36 0.638889
39 0.615385
42 0.619048
45 0.6
48 0.625
51 0.647059
54 0.666667
57 0.684211
60 0.683333
63 0.698413
66 0.712121
69 0.710145
72 0.722222
75 0.72
78 0.717949
81 0.716049
84 0.72619
87 0.735632
90 0.722222
93 0.709677
96 0.71875
99 0.717172
102 0.72549
105 0.733333
108 0.731481
111 0.72973
114 0.736842
117 0.74359
120 0.75
123 0.747967
126 0.753968
129 0.75969
132 0.75
135 0.748148
138 0.753623
141 0.744681
144 0.736111
147 0.741497
150 0.746667
153 0.751634
156 0.74359
159 0.742138
162 0.740741
165 0.745455
