4 0.25
8 0.25
12 0.25
16 0.1875
20 0.25
24 0.291667
28 0.357143
32 0.375
36 0.388889
40 0.425
44 0.454545
48 0.416667
52 0.423077
56 0.410714
60 0.4
64 0.390625
68 0.382353
72 0.388889
76 0.394737
80 0.375
84 0.357143
88 0.363636
92 0.358696
96 0.34375
100 0.36
104 0.365385
108 0.388889
112 0.392857
116 0.387931
120 0.383333
124 0.395161
128 0.390625
132 0.393939
136 0.389706
140 0.392857
144 0.388889
148 0.405405
152 0.407895
156 0.410256
160 0.41875
164 0.420732
168 0.416667
172 0.430233
176 0.431818
180 0.422222
184 0.429348
188 0.425532
192 0.416667
196 0.418367
200 0.43
204 0.426471
208 0.427885
212 0.429245
