1 0
2 0
3 0.333333
4 0.25
5 0.2
6 0.166667
7 0.142857
8 0.125
9 0.111111
10 0.2
11 0.181818
12 0.166667
13 0.230769
14 0.285714
15 0.333333
16 0.3125
17 0.294118
18 0.277778
19 0.315789
20 0.3
21 0.333333
22 0.363636
23 0.391304
24 0.416667
25 0.44
26 0.461538
27 0.444444
28 0.428571
29 0.413793
30 0.433333
31 0.451613
32 0.4375
33 0.454545
34 0.441176
35 0.457143
36 0.444444
37 0.459459
38 0.473684
39 0.461538
40 0.45
41 0.463415
42 0.47619
43 0.465116
44 0.477273
45 0.488889
46 0.5
47 0.510638
48 0.5
49 0.510204
50 0.5
51 0.509804
52 0.519231
53 0.528302
54 0.537037
55 0.545455
56 0.553571
57 0.561404
58 0.551724
59 0.559322
60 0.566667
61 0.57377
62 0.564516
63 0.571429
64 0.578125
65 0.584615
66 0.590909
67 0.597015
68 0.588235
69 0.594203
70 0.585714
71 0.577465
72 0.569444
73 0.575342
74 0.581081
75 0.586667
76 0.578947
77 0.584416
78 0.589744
79 0.594937
80 0.6
81 0.604938
82 0.609756
83 0.614458
84 0.619048
85 0.623529
86 0.627907
87 0.632184
88 0.636364
89 0.640449
90 0.644444
91 0.648352
92 0.652174
93 0.655914
