1 0
2 0
3 0.333333
4 0.25
5 0.2
6 0.166667
7 0.142857
8 0.25
9 0.222222
10 0.2
11 0.181818
12 0.166667
13 0.153846
14 0.214286
15 0.2
16 0.25
17 0.235294
18 0.277778
19 0.315789
20 0.3
21 0.285714
22 0.272727
23 0.26087
24 0.25
25 0.24
26 0.269231
27 0.259259
28 0.25
29 0.241379
30 0.233333
31 0.258065
32 0.25
33 0.242424
34 0.264706
35 0.257143
36 0.25
37 0.243243
38 0.263158
39 0.25641
40 0.25
41 0.243902
42 0.238095
43 0.232558
44 0.25
45 0.244444
46 0.23913
47 0.255319
48 0.270833
49 0.285714
50 0.28
51 0.27451
52 0.288462
53 0.301887
54 0.296296
55 0.290909
56 0.285714
57 0.298246
58 0.293103
59 0.288136
60 0.3
