5 0
10 0
15 0
20 0.15
25 0.2
30 0.2
35 0.228571
40 0.25
45 0.266667
50 0.26
55 0.254545
60 0.266667
65 0.261538
70 0.271429
75 0.266667
80 0.2625
85 0.247059
90 0.266667
95 0.294737
100 0.32
105 0.333333
110 0.345455
115 0.356522
120 0.375
125 0.384
130 0.4
135 0.414815
140 0.428571
145 0.434483
150 0.433333
155 0.43871
160 0.44375
165 0.448485
170 0.447059
175 0.462857
180 0.472222
185 0.475676
190 0.478947
195 0.476923
200 0.485
205 0.487805
210 0.490476
215 0.502326
220 0.495455
225 0.502222
230 0.504348
235 0.506383
240 0.5
245 0.493878
250 0.488
