4 0.25
8 0.375
12 0.416667
16 0.5
20 0.55
24 0.625
28 0.642857
32 0.65625
36 0.638889
40 0.575
44 0.522727
48 0.520833
52 0.557692
56 0.517857
60 0.5
64 0.484375
68 0.470588
72 0.486111
76 0.486842
80 0.4875
84 0.511905
88 0.5
92 0.48913
96 0.489583
100 0.48
104 0.461538
108 0.453704
112 0.455357
116 0.439655
120 0.458333
124 0.451613
128 0.4375
132 0.431818
136 0.419118
140 0.421429
144 0.409722
148 0.398649
152 0.401316
156 0.397436
160 0.4
164 0.390244
168 0.380952
172 0.372093
176 0.380682
180 0.372222
184 0.369565
188 0.37234
192 0.369792
196 0.372449
200 0.38
204 0.377451
