4 0.75
8 0.875
12 0.833333
16 0.875
20 0.85
24 0.833333
28 0.821429
32 0.84375
36 0.777778
40 0.725
44 0.681818
48 0.708333
52 0.730769
56 0.75
60 0.766667
64 0.765625
68 0.764706
72 0.763889
76 0.776316
80 0.7875
84 0.797619
88 0.795455
92 0.804348
96 0.791667
100 0.76
104 0.769231
108 0.777778
112 0.767857
116 0.767241
120 0.766667
124 0.758065
128 0.757812
132 0.742424
136 0.735294
140 0.728571
144 0.736111
148 0.736486
152 0.743421
156 0.74359
160 0.74375
164 0.75
168 0.755952
172 0.761628
176 0.75
180 0.755556
184 0.744565
188 0.734043
192 0.71875
196 0.709184
200 0.705
204 0.705882
208 0.701923
