15 0.533333
30 0.666667
45 0.777778
60 0.816667
75 0.853333
90 0.877778
105 0.895238
120 0.908333
135 0.918519
150 0.926667
165 0.933333
180 0.938889
195 0.94359
210 0.947619
225 0.951111
240 0.95
255 0.952941
270 0.955556
285 0.957895
300 0.96
315 0.961905
330 0.963636
345 0.965217
360 0.966667
375 0.968
390 0.969231
405 0.97037
420 0.971429
435 0.972414
450 0.973333
465 0.974194
480 0.975
495 0.975758
510 0.976471
525 0.977143
540 0.977778
555 0.978378
570 0.978947
585 0.979487
600 0.98
615 0.980488
630 0.980952
645 0.981395
660 0.981818
675 0.982222
690 0.982609
705 0.982979
720 0.983333
735 0.983673
750 0.984
765 0.984314
