400 0.7825
800 0.89
1200 0.926667
1600 0.944375
2000 0.9555
2400 0.962917
2800 0.968214
3200 0.972187
3600 0.975278
4000 0.97775
4400 0.979773
4800 0.981458
5200 0.982885
5600 0.984107
6000 0.985167
6400 0.986094
6800 0.986912
7200 0.987639
7600 0.988289
8000 0.988875
8400 0.989405
8800 0.989886
9200 0.990326
9600 0.990729
10000 0.9911
10400 0.991442
10800 0.991759
11200 0.992054
11600 0.992328
12000 0.992583
12400 0.992823
12800 0.993047
13200 0.993258
13600 0.993456
14000 0.993643
14400 0.993819
14800 0.993986
15200 0.994145
15600 0.994295
16000 0.994437
16400 0.994573
16800 0.994702
17200 0.994826
17600 0.994943
18000 0.995056
18400 0.995163
18800 0.995266
19200 0.995365
19600 0.995459
20000 0.99555
