3 0.666667
6 0.833333
9 0.777778
12 0.833333
15 0.866667
18 0.888889
21 0.904762
24 0.916667
27 0.925926
30 0.933333
33 0.878788
36 0.861111
39 0.871795
42 0.880952
45 0.888889
48 0.895833
51 0.901961
54 0.907407
57 0.912281
60 0.916667
63 0.920635
66 0.924242
69 0.927536
72 0.930556
75 0.933333
78 0.935897
81 0.938272
84 0.940476
87 0.942529
90 0.944444
93 0.946237
96 0.947917
99 0.949495
102 0.95098
105 0.952381
108 0.953704
111 0.954955
114 0.95614
117 0.957265
120 0.958333
123 0.95935
126 0.960317
129 0.96124
132 0.962121
135 0.962963
138 0.963768
141 0.964539
144 0.965278
147 0.965986
150 0.966667
153 0.96732
