10 0.6
20 0.65
30 0.733333
40 0.725
50 0.68
60 0.683333
70 0.671429
80 0.6625
90 0.688889
100 0.7
110 0.709091
120 0.725
130 0.723077
140 0.728571
150 0.74
160 0.74375
170 0.758824
180 0.761111
190 0.773684
200 0.77
210 0.77619
220 0.786364
230 0.795652
240 0.8
250 0.808
260 0.807692
270 0.811111
280 0.817857
290 0.82069
300 0.826667
310 0.832258
320 0.8375
330 0.842424
340 0.847059
350 0.851429
360 0.855556
370 0.856757
380 0.860526
390 0.861538
400 0.865
410 0.868293
420 0.869048
430 0.872093
440 0.875
450 0.877778
460 0.880435
470 0.882979
480 0.885417
490 0.887755
500 0.89
