5 0.2
10 0.3
15 0.4
20 0.4
25 0.52
30 0.5
35 0.514286
40 0.525
45 0.511111
50 0.54
55 0.563636
60 0.6
65 0.630769
70 0.642857
75 0.666667
80 0.675
85 0.682353
90 0.7
95 0.715789
100 0.73
105 0.742857
110 0.745455
115 0.756522
120 0.766667
125 0.776
130 0.784615
135 0.792593
140 0.792857
145 0.793103
150 0.8
155 0.806452
160 0.80625
165 0.812121
170 0.817647
175 0.822857
180 0.827778
185 0.832432
190 0.836842
195 0.841026
200 0.845
205 0.843902
210 0.847619
215 0.851163
220 0.854545
225 0.857778
230 0.86087
235 0.86383
240 0.866667
245 0.869388
250 0.872
255 0.87451
260 0.876923
265 0.879245
270 0.881481
275 0.883636
280 0.885714
285 0.887719
