4 0.25
8 0.125
12 0.166667
16 0.3125
20 0.25
24 0.333333
28 0.285714
32 0.28125
36 0.25
40 0.225
44 0.25
48 0.229167
52 0.230769
56 0.25
60 0.233333
64 0.21875
68 0.220588
72 0.208333
76 0.197368
80 0.2
84 0.190476
88 0.193182
92 0.195652
96 0.1875
100 0.19
104 0.182692
108 0.185185
112 0.178571
116 0.181034
120 0.183333
124 0.185484
128 0.179688
132 0.181818
136 0.176471
140 0.171429
144 0.166667
148 0.168919
152 0.164474
156 0.160256
160 0.15625
164 0.152439
168 0.14881
172 0.145349
176 0.142045
180 0.144444
184 0.141304
188 0.138298
192 0.140625
196 0.137755
200 0.135
