7 0.571429
14 0.428571
21 0.428571
28 0.428571
35 0.457143
42 0.452381
49 0.44898
56 0.482143
63 0.47619
70 0.514286
77 0.506494
84 0.511905
91 0.505495
98 0.5
105 0.504762
112 0.5
119 0.495798
126 0.5
133 0.473684
140 0.471429
147 0.47619
154 0.480519
161 0.484472
168 0.488095
175 0.48
182 0.472527
189 0.47619
196 0.47449
203 0.472906
210 0.471429
217 0.470046
224 0.455357
231 0.445887
238 0.453782
245 0.44898
252 0.448413
259 0.447876
266 0.451128
273 0.454212
280 0.457143
287 0.456446
294 0.452381
301 0.451827
308 0.457792
315 0.453968
322 0.456522
329 0.455927
336 0.455357
343 0.460641
350 0.454286
357 0.453782
364 0.447802
