12 0.75
24 0.875
36 0.916667
48 0.9375
60 0.916667
72 0.930556
84 0.940476
96 0.947917
108 0.953704
120 0.958333
132 0.962121
144 0.965278
156 0.967949
168 0.970238
180 0.972222
192 0.973958
204 0.97549
216 0.976852
228 0.97807
240 0.979167
252 0.972222
264 0.969697
276 0.971014
288 0.965278
300 0.966667
312 0.967949
324 0.969136
336 0.970238
348 0.971264
360 0.969444
372 0.967742
384 0.96875
396 0.964646
408 0.963235
420 0.961905
432 0.962963
444 0.963964
456 0.964912
468 0.965812
480 0.964583
492 0.965447
504 0.96627
516 0.967054
528 0.967803
540 0.966667
552 0.967391
564 0.968085
576 0.96875
588 0.969388
600 0.97
612 0.970588
624 0.971154
