5 0.8
10 0.9
15 0.933333
20 0.95
25 0.96
30 0.966667
35 0.971429
40 0.975
45 0.977778
50 0.98
55 0.981818
60 0.983333
65 0.984615
70 0.985714
75 0.986667
80 0.9875
85 0.988235
90 0.988889
95 0.989474
100 0.99
105 0.990476
110 0.990909
115 0.991304
120 0.991667
125 0.992
130 0.992308
135 0.992593
140 0.992857
145 0.993103
150 0.993333
155 0.993548
160 0.99375
165 0.993939
170 0.994118
175 0.994286
180 0.994444
185 0.994595
190 0.984211
195 0.958974
200 0.945
205 0.931707
210 0.914286
215 0.897674
220 0.890909
225 0.88
230 0.869565
235 0.868085
240 0.8625
245 0.865306
250 0.86
255 0.858824
260 0.857692
265 0.85283
270 0.848148
275 0.847273
280 0.842857
285 0.845614
290 0.848276
