100 0.83
200 0.905
300 0.936667
400 0.9525
500 0.962
600 0.968333
700 0.972857
800 0.97625
900 0.978889
1000 0.981
1100 0.982727
1200 0.984167
1300 0.985385
1400 0.986429
1500 0.987333
1600 0.988125
1700 0.988824
1800 0.989444
1900 0.99
2000 0.9905
2100 0.990952
2200 0.991364
2300 0.991739
2400 0.992083
2500 0.9924
2600 0.992692
2700 0.992963
2800 0.993214
2900 0.993448
3000 0.993667
3100 0.993871
3200 0.994062
3300 0.994242
3400 0.994412
3500 0.994571
3600 0.994722
3700 0.994865
3800 0.995
3900 0.995128
4000 0.99525
4100 0.995366
4200 0.995476
4300 0.995581
4400 0.995682
4500 0.995778
4600 0.99587
4700 0.995957
4800 0.996042
4900 0.996122
5000 0.9962
