4 0.25
8 0.375
12 0.416667
16 0.5625
20 0.65
24 0.708333
28 0.714286
32 0.71875
36 0.694444
40 0.725
44 0.75
48 0.770833
52 0.788462
56 0.785714
60 0.783333
64 0.78125
68 0.779412
72 0.791667
76 0.802632
80 0.8
84 0.809524
88 0.806818
92 0.815217
96 0.822917
100 0.83
104 0.836538
108 0.842593
112 0.839286
116 0.844828
120 0.85
124 0.846774
128 0.820312
132 0.825758
136 0.823529
140 0.821429
144 0.819444
148 0.817568
152 0.822368
156 0.826923
160 0.83125
164 0.829268
168 0.833333
172 0.837209
176 0.840909
180 0.844444
184 0.847826
188 0.845745
192 0.848958
196 0.852041
200 0.855
204 0.857843
