16 0.4375
32 0.34375
48 0.291667
64 0.296875
80 0.3
96 0.354167
112 0.366071
128 0.34375
144 0.347222
160 0.35
176 0.357955
192 0.359375
208 0.379808
224 0.397321
240 0.4125
256 0.40625
272 0.404412
288 0.420139
304 0.424342
320 0.4375
336 0.434524
352 0.443182
368 0.432065
384 0.4375
400 0.4375
416 0.4375
432 0.44213
448 0.4375
464 0.439655
480 0.441667
496 0.4375
512 0.4375
528 0.435606
544 0.441176
560 0.444643
576 0.435764
592 0.439189
608 0.439145
624 0.434295
640 0.439063
656 0.435976
672 0.434524
688 0.438953
704 0.43608
720 0.433333
736 0.432065
752 0.432181
768 0.434896
784 0.436224
800 0.44125
816 0.441176
832 0.438702
