2 0
4 0
6 0
8 0
10 0
12 0
14 0.0714286
16 0.0625
18 0.0555556
20 0.05
22 0.0909091
24 0.166667
26 0.192308
28 0.214286
30 0.233333
32 0.28125
34 0.294118
36 0.333333
38 0.342105
40 0.375
42 0.357143
44 0.386364
46 0.391304
48 0.395833
50 0.38
52 0.365385
54 0.351852
56 0.357143
58 0.344828
60 0.333333
62 0.354839
64 0.359375
66 0.363636
68 0.382353
70 0.371429
72 0.361111
74 0.364865
76 0.381579
78 0.397436
80 0.4125
82 0.414634
84 0.428571
86 0.430233
88 0.443182
90 0.433333
92 0.445652
94 0.457447
96 0.46875
98 0.479592
100 0.48
102 0.480392
104 0.490385
106 0.490566
108 0.5
110 0.490909
112 0.5
114 0.508772
116 0.517241
118 0.516949
120 0.525
122 0.532787
124 0.540323
126 0.539683
128 0.539062
130 0.546154
132 0.55303
134 0.559701
136 0.566176
