3 0.666667
6 0.833333
9 0.888889
12 0.916667
15 0.933333
18 0.944444
21 0.952381
24 0.958333
27 0.962963
30 0.966667
33 0.969697
36 0.972222
39 0.974359
42 0.97619
45 0.977778
48 0.979167
51 0.960784
54 0.944444
57 0.947368
60 0.95
63 0.952381
66 0.954545
69 0.956522
72 0.958333
75 0.96
78 0.961538
81 0.962963
84 0.964286
87 0.965517
90 0.966667
93 0.967742
96 0.96875
99 0.969697
102 0.95098
105 0.952381
108 0.944444
111 0.945946
114 0.947368
117 0.948718
120 0.95
123 0.95122
126 0.952381
129 0.953488
132 0.954545
135 0.955556
138 0.956522
141 0.957447
144 0.958333
147 0.959184
150 0.96
