19 0.526316
38 0.684211
57 0.789474
76 0.789474
95 0.831579
114 0.859649
133 0.879699
152 0.894737
171 0.906433
190 0.915789
209 0.923445
228 0.929825
247 0.935223
266 0.93985
285 0.94386
304 0.947368
323 0.950464
342 0.953216
361 0.955679
380 0.957895
399 0.9599
418 0.961722
437 0.963387
456 0.964912
475 0.966316
494 0.967611
513 0.968811
532 0.969925
551 0.970962
570 0.97193
589 0.972835
608 0.973684
627 0.974482
646 0.975232
665 0.97594
684 0.976608
703 0.97724
722 0.977839
741 0.978408
760 0.978947
779 0.979461
798 0.97995
817 0.980416
836 0.980861
855 0.981287
874 0.981693
893 0.982083
912 0.982456
931 0.982814
950 0.983158
969 0.983488
988 0.983806
