6 0.166667
12 0.166667
18 0.277778
24 0.458333
30 0.566667
36 0.555556
42 0.619048
48 0.666667
54 0.685185
60 0.716667
66 0.742424
72 0.763889
78 0.782051
84 0.797619
90 0.811111
96 0.822917
102 0.833333
108 0.842593
114 0.850877
120 0.85
126 0.857143
132 0.856061
138 0.862319
144 0.868056
150 0.873333
156 0.871795
162 0.876543
168 0.880952
174 0.885057
180 0.888889
186 0.892473
192 0.895833
198 0.89899
204 0.897059
210 0.9
216 0.902778
222 0.905405
228 0.907895
234 0.910256
240 0.9125
246 0.910569
252 0.912698
258 0.914729
264 0.916667
270 0.918519
276 0.92029
282 0.921986
288 0.923611
294 0.92517
300 0.926667
