10 0.8
20 0.9
30 0.933333
40 0.95
50 0.96
60 0.966667
70 0.971429
80 0.975
90 0.977778
100 0.98
110 0.981818
120 0.983333
130 0.984615
140 0.985714
150 0.986667
160 0.9875
170 0.988235
180 0.988889
190 0.952632
200 0.945
210 0.947619
220 0.95
230 0.952174
240 0.954167
250 0.956
260 0.957692
270 0.959259
280 0.960714
290 0.962069
300 0.963333
310 0.93871
320 0.934375
330 0.936364
340 0.938235
350 0.94
360 0.941667
370 0.943243
380 0.944737
390 0.946154
400 0.9475
410 0.94878
420 0.95
430 0.951163
440 0.952273
450 0.953333
460 0.954348
470 0.955319
480 0.95625
490 0.957143
500 0.958
510 0.958824
520 0.959615
