1 0
2 0
3 0.333333
4 0.25
5 0.2
6 0.166667
7 0.142857
8 0.125
9 0.222222
10 0.3
11 0.272727
12 0.25
13 0.307692
14 0.357143
15 0.4
16 0.375
17 0.352941
18 0.333333
19 0.368421
20 0.35
21 0.380952
22 0.409091
23 0.434783
24 0.458333
25 0.48
26 0.5
27 0.481481
28 0.464286
29 0.448276
30 0.466667
31 0.483871
32 0.46875
33 0.484848
34 0.470588
35 0.485714
36 0.472222
37 0.486486
38 0.5
39 0.487179
40 0.5
41 0.512195
42 0.52381
43 0.511628
44 0.522727
45 0.533333
46 0.543478
47 0.553191
48 0.541667
49 0.55102
50 0.54
51 0.54902
52 0.557692
53 0.566038
54 0.574074
55 0.581818
56 0.589286
57 0.596491
58 0.586207
59 0.59322
60 0.6
61 0.606557
62 0.596774
63 0.603175
64 0.609375
65 0.615385
66 0.621212
67 0.626866
68 0.617647
69 0.623188
70 0.614286
71 0.619718
72 0.611111
73 0.616438
74 0.621622
75 0.626667
76 0.618421
77 0.623377
78 0.628205
79 0.632911
80 0.6375
81 0.641975
82 0.646341
83 0.650602
84 0.654762
85 0.658824
86 0.662791
87 0.666667
88 0.670455
89 0.674157
90 0.677778
91 0.681319
92 0.684783
93 0.688172
