4 0.25
8 0.375
12 0.416667
16 0.5625
20 0.65
24 0.708333
28 0.714286
32 0.71875
36 0.722222
40 0.75
44 0.772727
48 0.791667
52 0.807692
56 0.803571
60 0.816667
64 0.828125
68 0.823529
72 0.833333
76 0.842105
80 0.8375
84 0.845238
88 0.840909
92 0.847826
96 0.854167
100 0.86
104 0.865385
108 0.87037
112 0.875
116 0.87931
120 0.883333
124 0.879032
128 0.859375
132 0.863636
136 0.860294
140 0.857143
144 0.854167
148 0.858108
152 0.861842
156 0.865385
160 0.86875
164 0.865854
168 0.869048
172 0.872093
176 0.875
180 0.877778
184 0.880435
188 0.882979
192 0.885417
196 0.887755
200 0.89
204 0.892157
