75 0.96
150 0.98
225 0.986667
300 0.99
375 0.992
450 0.993333
525 0.994286
600 0.995
675 0.995556
750 0.996
825 0.996364
900 0.996667
975 0.996923
1050 0.997143
1125 0.997333
1200 0.9975
1275 0.997647
1350 0.997778
1425 0.997895
1500 0.998
1575 0.99746
1650 0.997576
1725 0.997681
1800 0.997778
1875 0.997867
1950 0.997949
2025 0.998025
2100 0.998095
2175 0.998161
2250 0.998222
2325 0.99828
2400 0.998333
2475 0.998384
2550 0.998431
2625 0.998476
2700 0.998519
2775 0.998559
2850 0.998596
2925 0.998632
3000 0.998667
3075 0.998699
3150 0.99873
3225 0.99876
3300 0.998788
3375 0.998815
3450 0.998841
3525 0.998865
3600 0.998889
3675 0.998912
3750 0.998933
