19 0
38 0
57 0.0175439
76 0.0131579
95 0.0315789
114 0.0526316
133 0.0902256
152 0.0855263
171 0.0994152
190 0.126316
209 0.148325
228 0.175439
247 0.202429
266 0.225564
285 0.224561
304 0.230263
323 0.229102
342 0.230994
361 0.254848
380 0.276316
399 0.290727
418 0.287081
437 0.297483
456 0.300439
475 0.292632
494 0.291498
513 0.296296
532 0.302632
551 0.315789
570 0.32807
589 0.344652
608 0.355263
627 0.374801
646 0.391641
665 0.401504
684 0.409357
703 0.421053
722 0.426593
741 0.42915
760 0.440789
779 0.454429
798 0.462406
817 0.468788
836 0.477273
855 0.48538
874 0.485126
893 0.489362
912 0.496711
931 0.499463
950 0.505263
969 0.511868
988 0.518219
