2 0
4 0.5
6 0.5
8 0.375
10 0.4
12 0.333333
14 0.357143
16 0.3125
18 0.277778
20 0.25
22 0.227273
24 0.25
26 0.230769
28 0.214286
30 0.233333
32 0.21875
34 0.205882
36 0.194444
38 0.184211
40 0.175
42 0.190476
44 0.181818
46 0.217391
48 0.208333
50 0.2
52 0.230769
54 0.259259
56 0.267857
58 0.258621
60 0.25
62 0.258065
64 0.265625
66 0.272727
68 0.264706
70 0.257143
72 0.25
74 0.256757
76 0.263158
78 0.25641
80 0.2625
82 0.268293
84 0.261905
86 0.255814
88 0.25
90 0.255556
92 0.26087
94 0.265957
96 0.260417
98 0.255102
100 0.25
102 0.254902
104 0.25
106 0.254717
108 0.25
