3 0.333333
6 0.166667
9 0.111111
12 0.0833333
15 0.0666667
18 0.0555556
21 0.142857
24 0.125
27 0.185185
30 0.166667
33 0.151515
36 0.138889
39 0.128205
42 0.119048
45 0.133333
48 0.125
51 0.137255
54 0.148148
57 0.157895
60 0.166667
63 0.174603
66 0.19697
69 0.231884
72 0.222222
75 0.24
78 0.230769
81 0.222222
84 0.22619
87 0.229885
90 0.233333
93 0.236559
96 0.25
99 0.262626
102 0.284314
105 0.295238
108 0.296296
111 0.306306
114 0.324561
117 0.34188
120 0.35
123 0.349593
126 0.349206
129 0.341085
132 0.340909
135 0.340741
138 0.347826
141 0.35461
144 0.361111
147 0.367347
150 0.373333
153 0.379085
156 0.391026
159 0.389937
162 0.401235
165 0.406061
168 0.416667
171 0.426901
174 0.431034
177 0.429379
180 0.438889
183 0.448087
186 0.451613
189 0.460317
192 0.46875
195 0.476923
