6 0.166667
12 0.166667
18 0.277778
24 0.458333
30 0.566667
36 0.555556
42 0.619048
48 0.666667
54 0.685185
60 0.716667
66 0.742424
72 0.763889
78 0.782051
84 0.797619
90 0.811111
96 0.822917
102 0.833333
108 0.842593
114 0.850877
120 0.85
126 0.857143
132 0.856061
138 0.862319
144 0.868056
150 0.873333
156 0.871795
162 0.876543
168 0.880952
174 0.885057
180 0.888889
186 0.892473
192 0.895833
198 0.89899
204 0.901961
210 0.904762
216 0.907407
222 0.90991
228 0.912281
234 0.91453
240 0.916667
246 0.914634
252 0.916667
258 0.918605
264 0.920455
270 0.922222
276 0.923913
282 0.925532
288 0.927083
294 0.928571
300 0.93
