3 0.666667
6 0.333333
9 0.222222
12 0.25
15 0.333333
18 0.333333
21 0.380952
24 0.416667
27 0.481481
30 0.5
33 0.484848
36 0.5
39 0.512821
42 0.547619
45 0.555556
48 0.583333
51 0.607843
54 0.62963
57 0.649123
60 0.65
63 0.666667
66 0.666667
69 0.681159
72 0.694444
75 0.706667
78 0.717949
81 0.728395
84 0.738095
87 0.747126
90 0.755556
93 0.763441
96 0.760417
99 0.767677
102 0.77451
105 0.780952
108 0.787037
111 0.792793
114 0.798246
117 0.803419
120 0.808333
123 0.813008
126 0.81746
129 0.821705
132 0.825758
135 0.82963
138 0.833333
141 0.836879
144 0.840278
147 0.843537
150 0.846667
153 0.849673
156 0.852564
159 0.855346
162 0.858025
165 0.860606
168 0.863095
171 0.865497
174 0.867816
177 0.870056
180 0.872222
183 0.874317
186 0.876344
189 0.878307
192 0.880208
195 0.882051
