2 0
4 0
6 0
8 0
10 0.2
12 0.25
14 0.214286
16 0.25
18 0.222222
20 0.25
22 0.227273
24 0.208333
26 0.192308
28 0.178571
30 0.2
32 0.1875
34 0.176471
36 0.166667
38 0.184211
40 0.175
42 0.190476
44 0.181818
46 0.173913
48 0.1875
50 0.18
52 0.192308
54 0.203704
56 0.214286
58 0.206897
60 0.216667
62 0.225806
64 0.21875
66 0.227273
68 0.220588
70 0.228571
72 0.236111
74 0.243243
76 0.236842
78 0.230769
80 0.225
82 0.219512
84 0.22619
86 0.244186
88 0.238636
90 0.233333
92 0.228261
94 0.223404
96 0.21875
98 0.214286
100 0.21
102 0.205882
104 0.201923
106 0.198113
108 0.194444
110 0.190909
112 0.196429
114 0.192982
116 0.189655
118 0.186441
120 0.183333
122 0.180328
124 0.177419
126 0.174603
128 0.171875
130 0.169231
