6 0
12 0
18 0.0555556
24 0.0833333
30 0.166667
36 0.138889
42 0.142857
48 0.166667
54 0.166667
60 0.183333
66 0.166667
72 0.180556
78 0.179487
84 0.190476
90 0.188889
96 0.1875
102 0.196078
108 0.194444
114 0.210526
120 0.2
126 0.206349
132 0.204545
138 0.231884
144 0.222222
150 0.226667
156 0.24359
162 0.246914
168 0.255952
174 0.264368
180 0.261111
186 0.274194
192 0.265625
198 0.277778
204 0.279412
210 0.280952
216 0.282407
222 0.283784
228 0.285088
234 0.286325
240 0.2875
246 0.280488
252 0.281746
258 0.282946
264 0.284091
270 0.281481
276 0.278986
282 0.283688
288 0.28125
294 0.282313
300 0.276667
