4 0.5
8 0.5
12 0.583333
16 0.625
20 0.7
24 0.708333
28 0.75
32 0.75
36 0.75
40 0.75
44 0.727273
48 0.75
52 0.75
56 0.767857
60 0.783333
64 0.796875
68 0.794118
72 0.805556
76 0.815789
80 0.8125
84 0.821429
88 0.829545
92 0.826087
96 0.833333
100 0.84
104 0.836538
108 0.842593
112 0.848214
116 0.844828
120 0.85
124 0.854839
128 0.859375
132 0.863636
136 0.867647
140 0.871429
144 0.875
148 0.878378
152 0.875
156 0.878205
160 0.88125
164 0.884146
168 0.886905
172 0.883721
176 0.886364
180 0.888889
184 0.891304
188 0.893617
192 0.895833
196 0.897959
200 0.9
