1 0
2 0
3 0
4 0
5 0.2
6 0.333333
7 0.285714
8 0.25
9 0.222222
10 0.3
11 0.272727
12 0.25
13 0.230769
14 0.214286
15 0.266667
16 0.25
17 0.294118
18 0.333333
19 0.315789
20 0.35
21 0.333333
22 0.318182
23 0.347826
24 0.333333
25 0.32
26 0.307692
27 0.296296
28 0.285714
29 0.275862
30 0.266667
31 0.258065
32 0.28125
33 0.272727
34 0.264706
35 0.285714
36 0.277778
37 0.27027
38 0.263158
39 0.25641
40 0.25
41 0.243902
42 0.238095
43 0.232558
44 0.227273
45 0.222222
46 0.217391
47 0.212766
48 0.208333
49 0.204082
50 0.22
51 0.215686
52 0.230769
