13 0.461538
26 0.461538
39 0.512821
52 0.557692
65 0.569231
78 0.525641
91 0.516484
104 0.5
117 0.495726
130 0.5
143 0.503497
156 0.480769
169 0.47929
182 0.478022
195 0.476923
208 0.480769
221 0.479638
234 0.491453
247 0.489879
260 0.484615
273 0.487179
286 0.48951
299 0.488294
312 0.490385
325 0.489231
338 0.485207
351 0.48433
364 0.480769
377 0.480106
390 0.479487
403 0.478908
416 0.475962
429 0.468531
442 0.463801
455 0.459341
468 0.455128
481 0.453222
494 0.453441
507 0.451677
520 0.45
533 0.448405
546 0.448718
559 0.447227
572 0.445804
585 0.441026
598 0.439799
611 0.435352
624 0.434295
637 0.431711
650 0.429231
