1 0
2 0
3 0
4 0
5 0
6 0
7 0.142857
8 0.25
9 0.222222
10 0.3
11 0.272727
12 0.333333
13 0.307692
14 0.285714
15 0.266667
16 0.3125
17 0.294118
18 0.277778
19 0.263158
20 0.25
21 0.238095
22 0.227273
23 0.217391
24 0.208333
25 0.2
26 0.192308
27 0.185185
28 0.214286
29 0.241379
30 0.233333
31 0.258065
32 0.28125
33 0.30303
34 0.294118
35 0.285714
36 0.277778
37 0.297297
38 0.289474
39 0.282051
40 0.275
41 0.268293
42 0.261905
43 0.27907
44 0.272727
45 0.266667
46 0.26087
47 0.255319
48 0.25
49 0.244898
50 0.26
51 0.254902
52 0.269231
53 0.264151
54 0.277778
55 0.272727
56 0.267857
57 0.263158
58 0.258621
59 0.254237
60 0.25
61 0.262295
62 0.258065
63 0.253968
64 0.25
65 0.246154
66 0.242424
67 0.238806
68 0.235294
69 0.231884
70 0.228571
71 0.225352
72 0.222222
73 0.219178
74 0.216216
75 0.226667
76 0.223684
77 0.220779
78 0.217949
79 0.21519
80 0.2125
81 0.209877
82 0.207317
83 0.204819
84 0.202381
85 0.2
86 0.197674
87 0.206897
88 0.204545
89 0.202247
90 0.2
91 0.197802
92 0.195652
93 0.193548
94 0.191489
95 0.189474
96 0.1875
