5 0.2
10 0.1
15 0.133333
20 0.1
25 0.08
30 0.0666667
35 0.0571429
40 0.075
45 0.0666667
50 0.1
55 0.127273
60 0.166667
65 0.184615
70 0.2
75 0.186667
80 0.175
85 0.176471
90 0.188889
95 0.178947
100 0.18
105 0.171429
110 0.163636
115 0.165217
120 0.166667
125 0.16
130 0.153846
135 0.162963
140 0.157143
145 0.158621
150 0.16
155 0.154839
160 0.1625
165 0.157576
170 0.170588
175 0.171429
180 0.172222
185 0.167568
190 0.163158
195 0.158974
200 0.16
205 0.156098
210 0.152381
215 0.153488
220 0.159091
225 0.16
230 0.156522
235 0.153191
240 0.154167
245 0.15102
250 0.156
255 0.152941
260 0.153846
265 0.158491
270 0.159259
275 0.16
280 0.160714
285 0.161404
