4 0.5
8 0.5
12 0.666667
16 0.6875
20 0.75
24 0.791667
28 0.821429
32 0.84375
36 0.833333
40 0.85
44 0.863636
48 0.875
52 0.865385
56 0.875
60 0.883333
64 0.890625
68 0.897059
72 0.902778
76 0.907895
80 0.9125
84 0.916667
88 0.920455
92 0.923913
96 0.927083
100 0.93
104 0.923077
108 0.925926
112 0.928571
116 0.931034
120 0.933333
124 0.935484
128 0.9375
132 0.939394
136 0.941176
140 0.942857
144 0.944444
148 0.945946
152 0.947368
156 0.948718
160 0.95
164 0.95122
168 0.952381
172 0.947674
176 0.948864
180 0.95
184 0.951087
188 0.952128
192 0.953125
196 0.954082
200 0.955
