400 0.3275
800 0.39875
1200 0.401667
1600 0.399375
2000 0.389
2400 0.379583
2800 0.374643
3200 0.368437
3600 0.364722
4000 0.36
4400 0.354091
4800 0.351458
5200 0.347885
5600 0.343571
6000 0.337667
6400 0.333906
6800 0.332794
7200 0.330694
7600 0.329868
8000 0.328375
8400 0.326071
8800 0.323295
9200 0.320978
9600 0.317812
10000 0.3156
10400 0.313173
10800 0.31037
11200 0.309464
11600 0.307414
12000 0.305167
12400 0.30371
12800 0.303438
13200 0.300985
13600 0.299706
14000 0.298643
14400 0.296042
14800 0.294324
15200 0.293553
15600 0.292244
16000 0.291125
16400 0.29
16800 0.28881
17200 0.287384
17600 0.286364
18000 0.284667
18400 0.282554
18800 0.281117
19200 0.27974
19600 0.278724
20000 0.27785
