5 0.2
10 0.1
15 0.133333
20 0.15
25 0.16
30 0.133333
35 0.142857
40 0.175
45 0.2
50 0.24
55 0.290909
60 0.333333
65 0.369231
70 0.371429
75 0.36
80 0.3625
85 0.376471
90 0.4
95 0.4
100 0.41
105 0.419048
110 0.427273
115 0.426087
120 0.45
125 0.456
130 0.476923
135 0.488889
140 0.492857
145 0.496552
150 0.513333
155 0.522581
160 0.53125
165 0.539394
170 0.552941
175 0.565714
180 0.577778
185 0.589189
190 0.584211
195 0.584615
200 0.595
205 0.6
210 0.6
215 0.604651
220 0.609091
225 0.617778
230 0.621739
235 0.621277
240 0.629167
245 0.636735
250 0.64
255 0.647059
260 0.653846
265 0.660377
270 0.666667
275 0.672727
280 0.675
285 0.677193
