75 0.92
150 0.92
225 0.933333
300 0.93
375 0.925333
450 0.913333
525 0.918095
600 0.916667
675 0.92
750 0.924
825 0.922424
900 0.921111
975 0.922051
1050 0.92381
1125 0.922667
1200 0.923333
1275 0.927843
1350 0.93037
1425 0.931228
1500 0.931333
1575 0.929524
1650 0.927879
1725 0.928116
1800 0.928889
1875 0.9296
1950 0.930256
2025 0.930864
2100 0.930476
2175 0.931034
2250 0.931556
2325 0.932043
2400 0.930833
2475 0.931717
2550 0.932941
2625 0.932952
2700 0.933704
2775 0.934054
2850 0.934386
2925 0.934701
3000 0.934333
3075 0.934959
3150 0.935873
3225 0.936744
3300 0.936364
3375 0.936889
3450 0.936522
3525 0.935887
3600 0.937222
3675 0.936871
3750 0.9368
