5 0.2
10 0.1
15 0.133333
20 0.25
25 0.28
30 0.266667
35 0.314286
40 0.35
45 0.355556
50 0.34
55 0.327273
60 0.333333
65 0.323077
70 0.3
75 0.28
80 0.2625
85 0.247059
90 0.244444
95 0.242105
100 0.24
105 0.228571
110 0.236364
115 0.226087
120 0.216667
125 0.208
130 0.207692
135 0.207407
140 0.207143
145 0.2
150 0.206667
155 0.206452
160 0.2
165 0.193939
170 0.188235
175 0.194286
180 0.194444
185 0.194595
190 0.189474
195 0.184615
200 0.18
205 0.17561
210 0.171429
215 0.167442
220 0.163636
225 0.164444
230 0.16087
235 0.157447
240 0.154167
245 0.155102
250 0.156
