2 0
4 0.5
6 0.5
8 0.375
10 0.4
12 0.333333
14 0.357143
16 0.3125
18 0.277778
20 0.3
22 0.318182
24 0.333333
26 0.346154
28 0.392857
30 0.433333
32 0.46875
34 0.470588
36 0.444444
38 0.447368
40 0.475
42 0.5
44 0.522727
46 0.543478
48 0.5625
50 0.58
52 0.596154
54 0.611111
56 0.607143
58 0.586207
60 0.583333
62 0.596774
64 0.609375
66 0.621212
68 0.617647
70 0.628571
72 0.625
74 0.635135
76 0.644737
78 0.653846
80 0.65
82 0.658537
84 0.666667
86 0.674419
88 0.681818
90 0.688889
92 0.695652
94 0.702128
96 0.697917
98 0.704082
100 0.7
102 0.696078
104 0.701923
106 0.707547
108 0.712963
