4 0.75
8 0.625
12 0.666667
16 0.5625
20 0.5
24 0.583333
28 0.535714
32 0.59375
36 0.611111
40 0.6
44 0.613636
48 0.645833
52 0.634615
56 0.642857
60 0.633333
64 0.640625
68 0.617647
72 0.611111
76 0.605263
80 0.6
84 0.583333
88 0.590909
92 0.608696
96 0.59375
100 0.57
104 0.548077
108 0.527778
112 0.508929
116 0.491379
120 0.475
124 0.459677
128 0.445312
132 0.431818
136 0.419118
140 0.407143
144 0.395833
148 0.391892
152 0.381579
156 0.371795
160 0.36875
164 0.359756
168 0.35119
172 0.343023
176 0.346591
180 0.344444
184 0.358696
188 0.361702
192 0.369792
196 0.377551
200 0.37
204 0.372549
208 0.365385
