5 0.2
10 0.3
15 0.333333
20 0.3
25 0.4
30 0.366667
35 0.342857
40 0.375
45 0.377778
50 0.42
55 0.454545
60 0.5
65 0.523077
70 0.542857
75 0.56
80 0.5625
85 0.576471
90 0.588889
95 0.610526
100 0.63
105 0.647619
110 0.654545
115 0.66087
120 0.675
125 0.68
130 0.692308
135 0.703704
140 0.707143
145 0.710345
150 0.72
155 0.722581
160 0.725
165 0.733333
170 0.741176
175 0.748571
180 0.755556
185 0.762162
190 0.768421
195 0.769231
200 0.775
205 0.77561
210 0.780952
215 0.786047
220 0.790909
225 0.795556
230 0.8
235 0.804255
240 0.808333
245 0.812245
250 0.816
255 0.819608
260 0.823077
265 0.826415
270 0.82963
275 0.832727
280 0.835714
285 0.838596
