2 0
4 0
6 0.166667
8 0.25
10 0.4
12 0.5
14 0.5
16 0.5
18 0.555556
20 0.6
22 0.636364
24 0.625
26 0.615385
28 0.607143
30 0.6
32 0.5625
34 0.558824
36 0.583333
38 0.605263
40 0.625
42 0.619048
44 0.636364
46 0.652174
48 0.645833
50 0.66
52 0.673077
54 0.685185
56 0.696429
58 0.689655
60 0.7
62 0.709677
64 0.71875
66 0.727273
68 0.735294
70 0.742857
72 0.75
74 0.756757
76 0.763158
78 0.769231
80 0.775
82 0.780488
84 0.785714
86 0.790698
88 0.784091
90 0.788889
92 0.793478
94 0.787234
96 0.78125
98 0.785714
100 0.79
102 0.784314
104 0.788462
106 0.792453
108 0.796296
110 0.8
112 0.794643
114 0.798246
116 0.801724
118 0.805085
120 0.808333
122 0.811475
124 0.814516
