400 0.2575
800 0.3525
1200 0.379167
1600 0.40125
2000 0.4155
2400 0.42125
2800 0.428929
3200 0.4325
3600 0.437222
4000 0.44475
4400 0.450227
4800 0.455417
5200 0.4575
5600 0.461429
6000 0.464667
6400 0.47
6800 0.473088
7200 0.475972
7600 0.477895
8000 0.479375
8400 0.4825
8800 0.483864
9200 0.485761
9600 0.486563
10000 0.4894
10400 0.491827
10800 0.493241
11200 0.495804
11600 0.497155
12000 0.498333
12400 0.498226
12800 0.498984
13200 0.500227
13600 0.500588
14000 0.501857
14400 0.503542
14800 0.504257
15200 0.503947
15600 0.505192
16000 0.50625
16400 0.507317
16800 0.507857
17200 0.507616
17600 0.506761
18000 0.507278
18400 0.507989
18800 0.508138
19200 0.507292
19600 0.507245
20000 0.50695
