12 0.75
24 0.75
36 0.833333
48 0.875
60 0.866667
72 0.888889
84 0.904762
96 0.916667
108 0.925926
120 0.933333
132 0.939394
144 0.944444
156 0.948718
168 0.952381
180 0.955556
192 0.958333
204 0.960784
216 0.962963
228 0.964912
240 0.966667
252 0.960317
264 0.950758
276 0.949275
288 0.927083
300 0.926667
312 0.919872
324 0.91358
336 0.91369
348 0.905172
360 0.883333
372 0.88172
384 0.882812
396 0.878788
408 0.872549
420 0.864286
432 0.865741
444 0.86036
456 0.859649
468 0.861111
480 0.860417
492 0.855691
504 0.855159
516 0.846899
528 0.840909
540 0.825926
552 0.811594
564 0.810284
576 0.814236
588 0.814626
600 0.815
612 0.813725
624 0.815705
