15 0.866667
30 0.9
45 0.911111
60 0.933333
75 0.92
90 0.933333
105 0.914286
120 0.908333
135 0.918519
150 0.926667
165 0.89697
180 0.888889
195 0.882051
210 0.866667
225 0.848889
240 0.858333
255 0.85098
270 0.844444
285 0.842105
300 0.836667
315 0.825397
330 0.824242
345 0.831884
360 0.838889
375 0.845333
390 0.851282
405 0.85679
420 0.861905
435 0.866667
450 0.866667
465 0.866667
480 0.866667
495 0.864646
510 0.866667
525 0.870476
540 0.874074
555 0.877477
570 0.873684
585 0.868376
600 0.868333
615 0.860163
630 0.853968
645 0.848062
660 0.843939
675 0.841481
690 0.842029
705 0.84539
720 0.848611
735 0.843537
750 0.842667
