5 0.2
10 0.2
15 0.2
20 0.35
25 0.36
30 0.366667
35 0.4
40 0.425
45 0.422222
50 0.44
55 0.472727
60 0.5
65 0.507692
70 0.528571
75 0.56
80 0.5875
85 0.611765
90 0.622222
95 0.642105
100 0.66
105 0.67619
110 0.690909
115 0.695652
120 0.708333
125 0.712
130 0.715385
135 0.725926
140 0.728571
145 0.731034
150 0.733333
155 0.735484
160 0.74375
165 0.745455
170 0.747059
175 0.754286
180 0.755556
185 0.756757
190 0.757895
195 0.758974
200 0.76
205 0.765854
210 0.771429
215 0.776744
220 0.777273
225 0.777778
230 0.773913
235 0.774468
240 0.775
245 0.767347
250 0.772
