4 0.75
8 0.5
12 0.416667
16 0.4375
20 0.45
24 0.541667
28 0.535714
32 0.5625
36 0.527778
40 0.525
44 0.522727
48 0.520833
52 0.538462
56 0.571429
60 0.583333
64 0.578125
68 0.573529
72 0.583333
76 0.592105
80 0.6125
84 0.619048
88 0.625
92 0.641304
96 0.625
100 0.63
104 0.634615
108 0.648148
112 0.642857
116 0.646552
120 0.658333
124 0.645161
128 0.648438
132 0.636364
136 0.639706
140 0.635714
144 0.645833
148 0.648649
152 0.657895
156 0.660256
160 0.6625
164 0.670732
168 0.678571
172 0.680233
176 0.670455
180 0.672222
184 0.668478
188 0.664894
192 0.671875
196 0.658163
200 0.645
204 0.647059
208 0.644231
