11 0.454545
22 0.454545
33 0.363636
44 0.340909
55 0.327273
66 0.287879
77 0.285714
88 0.25
99 0.232323
110 0.209091
121 0.206612
132 0.19697
143 0.195804
154 0.201299
165 0.212121
176 0.204545
187 0.213904
198 0.217172
209 0.220096
220 0.222727
231 0.225108
242 0.219008
253 0.213439
264 0.219697
275 0.214545
286 0.22028
297 0.215488
308 0.214286
319 0.210031
330 0.20303
341 0.199413
352 0.196023
363 0.190083
374 0.187166
385 0.187013
396 0.181818
407 0.179361
418 0.179426
429 0.177156
440 0.179545
451 0.177384
462 0.183983
473 0.190275
484 0.18595
495 0.183838
506 0.181818
517 0.179884
528 0.17803
539 0.176252
550 0.174545
561 0.174688
572 0.174825
