4 0.25
8 0.375
12 0.416667
16 0.5625
20 0.65
24 0.708333
28 0.714286
32 0.71875
36 0.694444
40 0.725
44 0.75
48 0.75
52 0.769231
56 0.767857
60 0.766667
64 0.765625
68 0.764706
72 0.763889
76 0.763158
80 0.7625
84 0.77381
88 0.772727
92 0.771739
96 0.78125
100 0.79
104 0.798077
108 0.805556
112 0.803571
116 0.810345
120 0.816667
124 0.814516
128 0.789062
132 0.787879
136 0.779412
140 0.778571
144 0.756944
148 0.756757
152 0.763158
156 0.769231
160 0.775
164 0.77439
168 0.779762
172 0.784884
176 0.789773
180 0.783333
184 0.788043
188 0.787234
192 0.791667
196 0.795918
200 0.8
204 0.803922
