4 0.25
8 0.5
12 0.5
16 0.625
20 0.65
24 0.666667
28 0.714286
32 0.6875
36 0.666667
40 0.7
44 0.727273
48 0.75
52 0.769231
56 0.767857
60 0.783333
64 0.796875
68 0.794118
72 0.791667
76 0.776316
80 0.7875
84 0.77381
88 0.784091
92 0.782609
96 0.791667
100 0.8
104 0.807692
108 0.814815
112 0.821429
116 0.827586
120 0.833333
124 0.83871
128 0.84375
132 0.840909
136 0.838235
140 0.835714
144 0.840278
148 0.844595
152 0.848684
156 0.852564
160 0.85625
164 0.859756
168 0.863095
172 0.866279
176 0.863636
180 0.866667
184 0.869565
188 0.87234
192 0.875
196 0.872449
200 0.87
204 0.872549
