6 0.5
12 0.5
18 0.5
24 0.625
30 0.7
36 0.722222
42 0.761905
48 0.791667
54 0.814815
60 0.833333
66 0.833333
72 0.847222
78 0.858974
84 0.869048
90 0.877778
96 0.875
102 0.872549
108 0.87037
114 0.877193
120 0.883333
126 0.888889
132 0.893939
138 0.898551
144 0.902778
150 0.906667
156 0.910256
162 0.91358
168 0.910714
174 0.908046
180 0.911111
186 0.913978
192 0.916667
198 0.919192
204 0.921569
210 0.92381
216 0.925926
222 0.927928
228 0.929825
234 0.931624
240 0.933333
246 0.934959
252 0.936508
258 0.937984
264 0.939394
270 0.940741
276 0.942029
282 0.943262
288 0.944444
294 0.945578
300 0.946667
