3 0
6 0.166667
9 0.333333
12 0.416667
15 0.466667
18 0.444444
21 0.47619
24 0.5
27 0.555556
30 0.566667
33 0.575758
36 0.583333
39 0.615385
42 0.619048
45 0.6
48 0.604167
51 0.588235
54 0.611111
57 0.631579
60 0.633333
63 0.634921
66 0.636364
69 0.652174
72 0.638889
75 0.653333
78 0.653846
81 0.654321
84 0.654762
87 0.655172
90 0.655556
93 0.655914
96 0.65625
99 0.666667
102 0.666667
105 0.67619
108 0.685185
111 0.684685
114 0.692982
117 0.692308
120 0.691667
123 0.699187
126 0.698413
129 0.697674
132 0.689394
135 0.688889
138 0.695652
141 0.702128
144 0.701389
147 0.70068
150 0.693333
153 0.686275
156 0.692308
159 0.698113
