16 0.3125
32 0.21875
48 0.229167
64 0.28125
80 0.3625
96 0.4375
112 0.482143
128 0.515625
144 0.534722
160 0.55
176 0.5625
192 0.583333
208 0.600962
224 0.625
240 0.6375
256 0.648438
272 0.661765
288 0.680556
304 0.694079
320 0.709375
336 0.71131
352 0.71875
368 0.730978
384 0.739583
400 0.7425
416 0.752404
432 0.759259
448 0.765625
464 0.771552
480 0.775
496 0.782258
512 0.787109
528 0.791667
544 0.795956
560 0.798214
576 0.800347
592 0.805743
608 0.807566
624 0.807692
640 0.8125
656 0.814024
672 0.816964
688 0.818314
704 0.822443
720 0.822222
736 0.82337
752 0.827128
768 0.829427
784 0.832908
800 0.83625
816 0.839461
832 0.842548
