43 0.302326
86 0.22093
129 0.186047
172 0.162791
215 0.162791
258 0.155039
301 0.166113
344 0.174419
387 0.173127
430 0.167442
473 0.160677
516 0.158915
559 0.148479
602 0.146179
645 0.139535
688 0.143895
731 0.138167
774 0.136951
817 0.132191
860 0.131395
903 0.129568
946 0.128964
989 0.125379
1032 0.124031
1075 0.122791
1118 0.120751
1161 0.121447
1204 0.122093
1247 0.121893
1290 0.120155
1333 0.12003
1376 0.118459
1419 0.116279
1462 0.115595
1505 0.116279
1548 0.116279
1591 0.115022
1634 0.113831
1677 0.113298
1720 0.111628
1763 0.110607
1806 0.110188
1849 0.107626
1892 0.106237
1935 0.105426
1978 0.104651
2021 0.103414
2064 0.103198
2107 0.10299
2150 0.103256
