12 0.75
24 0.833333
36 0.888889
48 0.916667
60 0.9
72 0.916667
84 0.928571
96 0.9375
108 0.944444
120 0.95
132 0.954545
144 0.958333
156 0.961538
168 0.964286
180 0.966667
192 0.96875
204 0.970588
216 0.972222
228 0.973684
240 0.975
252 0.968254
264 0.965909
276 0.967391
288 0.961806
300 0.963333
312 0.964744
324 0.966049
336 0.967262
348 0.968391
360 0.966667
372 0.965054
384 0.966146
396 0.962121
408 0.960784
420 0.959524
432 0.960648
444 0.961712
456 0.962719
468 0.963675
480 0.9625
492 0.963415
504 0.964286
516 0.965116
528 0.965909
540 0.964815
552 0.96558
564 0.966312
576 0.967014
588 0.967687
600 0.968333
612 0.968954
624 0.969551
