1 0
2 0
3 0.333333
4 0.25
5 0.2
6 0.166667
7 0.142857
8 0.125
9 0.222222
10 0.3
11 0.272727
12 0.25
13 0.307692
14 0.357143
15 0.4
16 0.375
17 0.352941
18 0.333333
19 0.368421
20 0.35
21 0.380952
22 0.409091
23 0.434783
24 0.458333
25 0.48
26 0.5
27 0.481481
28 0.464286
29 0.448276
30 0.466667
31 0.483871
32 0.46875
33 0.484848
34 0.470588
35 0.485714
36 0.472222
37 0.486486
38 0.5
39 0.487179
40 0.5
41 0.512195
42 0.52381
43 0.534884
44 0.545455
45 0.555556
46 0.565217
47 0.574468
48 0.5625
49 0.571429
50 0.56
51 0.568627
52 0.576923
53 0.584906
54 0.592593
55 0.6
56 0.607143
57 0.614035
58 0.603448
59 0.610169
60 0.616667
61 0.622951
62 0.612903
63 0.619048
64 0.625
65 0.630769
66 0.636364
67 0.641791
68 0.632353
69 0.637681
70 0.628571
71 0.633803
72 0.625
73 0.630137
74 0.635135
75 0.64
76 0.631579
77 0.636364
78 0.641026
79 0.64557
80 0.65
81 0.654321
82 0.658537
83 0.662651
84 0.666667
85 0.670588
86 0.674419
87 0.678161
88 0.681818
89 0.685393
90 0.688889
91 0.692308
92 0.695652
93 0.698925
