1 0
2 0
3 0
4 0.25
5 0.4
6 0.333333
7 0.285714
8 0.25
9 0.222222
10 0.2
11 0.272727
12 0.25
13 0.230769
14 0.214286
15 0.2
16 0.25
17 0.235294
18 0.222222
19 0.210526
20 0.2
21 0.190476
22 0.181818
23 0.217391
24 0.25
25 0.28
26 0.307692
27 0.296296
28 0.285714
29 0.275862
30 0.266667
31 0.258065
32 0.25
33 0.242424
34 0.235294
35 0.228571
36 0.222222
37 0.216216
38 0.210526
39 0.205128
40 0.2
41 0.195122
42 0.190476
43 0.186047
44 0.181818
45 0.177778
46 0.173913
47 0.170213
48 0.1875
49 0.204082
50 0.2
51 0.196078
52 0.211538
53 0.207547
54 0.203704
55 0.2
56 0.196429
57 0.192982
58 0.189655
59 0.186441
60 0.183333
61 0.180328
62 0.193548
63 0.190476
