4 0.75
8 0.875
12 0.833333
16 0.875
20 0.85
24 0.875
28 0.857143
32 0.875
36 0.805556
40 0.8
44 0.772727
48 0.791667
52 0.807692
56 0.821429
60 0.833333
64 0.84375
68 0.838235
72 0.833333
76 0.842105
80 0.85
84 0.857143
88 0.852273
92 0.858696
96 0.84375
100 0.84
104 0.846154
108 0.851852
112 0.839286
116 0.836207
120 0.841667
124 0.83871
128 0.84375
132 0.833333
136 0.830882
140 0.835714
144 0.840278
148 0.837838
152 0.842105
156 0.839744
160 0.84375
164 0.847561
168 0.85119
172 0.854651
176 0.846591
180 0.85
184 0.842391
188 0.835106
192 0.838542
196 0.826531
200 0.815
204 0.813725
208 0.817308
