46 0.434783
92 0.521739
138 0.572464
184 0.576087
230 0.582609
276 0.59058
322 0.596273
368 0.603261
414 0.613527
460 0.61087
506 0.610672
552 0.608696
598 0.61204
644 0.602484
690 0.598551
736 0.595109
782 0.599744
828 0.608696
874 0.614416
920 0.620652
966 0.623188
1012 0.626482
1058 0.625709
1104 0.626812
1150 0.632174
1196 0.634615
1242 0.63124
1288 0.632764
1334 0.632684
1380 0.634058
1426 0.634642
1472 0.63587
1518 0.637022
1564 0.636189
1610 0.634783
1656 0.629831
1702 0.631022
1748 0.629863
1794 0.62932
1840 0.627174
1886 0.627784
1932 0.627847
1978 0.62639
2024 0.62747
2070 0.627053
2116 0.628072
2162 0.626735
2208 0.626359
2254 0.626886
2300 0.626957
