3 0
6 0.5
9 0.666667
12 0.75
15 0.8
18 0.722222
21 0.619048
24 0.583333
27 0.62963
30 0.6
33 0.575758
36 0.555556
39 0.538462
42 0.571429
45 0.577778
48 0.5625
51 0.588235
54 0.592593
57 0.596491
60 0.616667
63 0.603175
66 0.606061
69 0.623188
72 0.638889
75 0.613333
78 0.615385
81 0.617284
84 0.619048
87 0.62069
90 0.611111
93 0.602151
96 0.614583
99 0.626263
102 0.617647
105 0.609524
108 0.601852
111 0.603604
114 0.614035
117 0.623932
120 0.625
123 0.634146
126 0.642857
129 0.643411
132 0.651515
135 0.644444
138 0.644928
141 0.638298
144 0.638889
147 0.639456
150 0.626667
153 0.620915
156 0.621795
