19 0.526316
38 0.684211
57 0.789474
76 0.776316
95 0.821053
114 0.850877
133 0.87218
152 0.888158
171 0.900585
190 0.910526
209 0.91866
228 0.925439
247 0.931174
266 0.93609
285 0.940351
304 0.944079
323 0.947368
342 0.950292
361 0.952909
380 0.955263
399 0.957393
418 0.95933
437 0.961098
456 0.962719
475 0.964211
494 0.965587
513 0.966862
532 0.968045
551 0.969147
570 0.970175
589 0.971138
608 0.972039
627 0.972887
646 0.973684
665 0.974436
684 0.975146
703 0.975818
722 0.976454
741 0.977058
760 0.977632
779 0.978177
798 0.978697
817 0.979192
836 0.979665
855 0.980117
874 0.980549
893 0.980963
912 0.98136
931 0.98174
950 0.982105
969 0.982456
988 0.982794
