6 0.5
12 0.333333
18 0.388889
24 0.375
30 0.366667
36 0.361111
42 0.404762
48 0.354167
54 0.351852
60 0.35
66 0.378788
72 0.361111
78 0.371795
84 0.369048
90 0.344444
96 0.333333
102 0.352941
108 0.342593
114 0.342105
120 0.341667
126 0.357143
132 0.356061
138 0.362319
144 0.375
150 0.38
156 0.384615
162 0.395062
168 0.392857
174 0.408046
180 0.411111
186 0.403226
192 0.401042
198 0.39899
204 0.397059
210 0.4
216 0.402778
222 0.405405
228 0.403509
234 0.397436
240 0.404167
246 0.406504
252 0.404762
258 0.406977
264 0.409091
270 0.418519
276 0.413043
282 0.407801
288 0.413194
294 0.421769
300 0.423333
