5 0.2
10 0.4
15 0.466667
20 0.5
25 0.6
30 0.666667
35 0.657143
40 0.675
45 0.666667
50 0.7
55 0.727273
60 0.75
65 0.769231
70 0.771429
75 0.786667
80 0.7875
85 0.788235
90 0.8
95 0.810526
100 0.82
105 0.828571
110 0.836364
115 0.843478
120 0.85
125 0.856
130 0.861538
135 0.866667
140 0.864286
145 0.862069
150 0.866667
155 0.870968
160 0.875
165 0.878788
170 0.882353
175 0.885714
180 0.888889
185 0.891892
190 0.894737
195 0.897436
200 0.9
205 0.902439
210 0.904762
215 0.906977
220 0.909091
225 0.911111
230 0.913043
235 0.914894
240 0.916667
245 0.918367
250 0.92
255 0.921569
260 0.923077
265 0.924528
270 0.925926
275 0.927273
280 0.928571
285 0.929825
