11 0.727273
22 0.636364
33 0.69697
44 0.704545
55 0.727273
66 0.742424
77 0.766234
88 0.772727
99 0.79798
110 0.790909
121 0.801653
132 0.818182
143 0.832168
154 0.844156
165 0.854545
176 0.863636
187 0.871658
198 0.878788
209 0.885167
220 0.890909
231 0.896104
242 0.900826
253 0.901186
264 0.905303
275 0.905455
286 0.909091
297 0.912458
308 0.915584
319 0.918495
330 0.918182
341 0.920821
352 0.923295
363 0.92562
374 0.927807
385 0.92987
396 0.929293
407 0.931204
418 0.933014
429 0.934732
440 0.936364
451 0.935698
462 0.937229
473 0.938689
484 0.940083
495 0.941414
506 0.942688
517 0.943907
528 0.945076
539 0.946197
550 0.945455
561 0.946524
572 0.947552
