2 0
4 0.5
6 0.5
8 0.375
10 0.4
12 0.333333
14 0.357143
16 0.3125
18 0.277778
20 0.25
22 0.227273
24 0.25
26 0.230769
28 0.214286
30 0.233333
32 0.25
34 0.264706
36 0.25
38 0.263158
40 0.3
42 0.333333
44 0.363636
46 0.391304
48 0.416667
50 0.44
52 0.461538
54 0.481481
56 0.482143
58 0.465517
60 0.466667
62 0.483871
64 0.5
66 0.515152
68 0.5
70 0.514286
72 0.513889
74 0.527027
76 0.539474
78 0.538462
80 0.5375
82 0.536585
84 0.547619
86 0.55814
88 0.556818
90 0.566667
92 0.576087
94 0.574468
96 0.5625
98 0.571429
100 0.57
102 0.568627
104 0.576923
106 0.575472
108 0.574074
