2 0
4 0.25
6 0.333333
8 0.25
10 0.3
12 0.333333
14 0.357143
16 0.3125
18 0.277778
20 0.25
22 0.227273
24 0.25
26 0.269231
28 0.25
30 0.233333
32 0.21875
34 0.235294
36 0.25
38 0.263158
40 0.275
42 0.285714
44 0.295455
46 0.326087
48 0.3125
50 0.32
52 0.307692
54 0.296296
56 0.303571
58 0.293103
60 0.283333
62 0.290323
64 0.28125
66 0.287879
68 0.279412
70 0.271429
72 0.277778
74 0.27027
76 0.263158
78 0.282051
80 0.275
82 0.280488
84 0.285714
86 0.290698
88 0.295455
90 0.288889
92 0.293478
94 0.287234
96 0.28125
98 0.27551
100 0.27
102 0.264706
104 0.259615
106 0.273585
108 0.268519
110 0.263636
112 0.258929
114 0.263158
116 0.258621
118 0.254237
120 0.25
122 0.254098
124 0.258065
126 0.253968
128 0.257812
130 0.261538
132 0.257576
134 0.261194
136 0.257353
