7 0.571429
14 0.642857
21 0.571429
28 0.5
35 0.571429
42 0.5
49 0.469388
56 0.464286
63 0.428571
70 0.4
77 0.415584
84 0.404762
91 0.395604
98 0.377551
105 0.361905
112 0.348214
119 0.327731
126 0.325397
133 0.338346
140 0.321429
147 0.306122
154 0.298701
161 0.285714
168 0.279762
175 0.274286
182 0.274725
189 0.26455
196 0.260204
203 0.251232
210 0.242857
217 0.24424
224 0.245536
231 0.246753
238 0.239496
245 0.232653
252 0.230159
259 0.223938
266 0.225564
273 0.21978
280 0.217857
287 0.212544
294 0.210884
301 0.209302
308 0.207792
315 0.209524
322 0.204969
329 0.206687
336 0.202381
343 0.206997
350 0.205714
357 0.207283
364 0.214286
371 0.212938
378 0.21164
385 0.215584
392 0.219388
