4 0.25
8 0.375
12 0.416667
16 0.5625
20 0.6
24 0.666667
28 0.678571
32 0.6875
36 0.666667
40 0.7
44 0.727273
48 0.708333
52 0.730769
56 0.732143
60 0.716667
64 0.71875
68 0.720588
72 0.722222
76 0.710526
80 0.7
84 0.714286
88 0.715909
92 0.717391
96 0.729167
100 0.74
104 0.75
108 0.759259
112 0.758929
116 0.767241
120 0.775
124 0.774194
128 0.75
132 0.75
136 0.742647
140 0.735714
144 0.715278
148 0.709459
152 0.717105
156 0.724359
160 0.73125
164 0.731707
168 0.738095
172 0.744186
176 0.75
180 0.744444
184 0.75
188 0.75
192 0.755208
196 0.760204
200 0.765
204 0.769608
