63 0.984127
126 0.992063
189 0.994709
252 0.996032
315 0.996825
378 0.997354
441 0.997732
504 0.998016
567 0.998236
630 0.998413
693 0.998557
756 0.998677
819 0.995116
882 0.995465
945 0.995767
1008 0.996032
1071 0.996265
1134 0.996473
1197 0.996658
1260 0.996825
1323 0.996977
1386 0.997114
1449 0.997239
1512 0.997354
1575 0.994921
1638 0.995116
1701 0.995297
1764 0.995465
1827 0.995621
1890 0.995767
1953 0.995904
2016 0.996032
2079 0.996152
2142 0.996265
2205 0.996372
2268 0.996473
2331 0.996568
2394 0.996658
2457 0.996744
2520 0.996825
2583 0.996903
2646 0.996977
2709 0.997047
2772 0.997114
2835 0.997178
2898 0.997239
2961 0.997298
3024 0.997354
3087 0.997408
3150 0.99746
