3 0.666667
6 0.5
9 0.444444
12 0.5
15 0.466667
18 0.444444
21 0.428571
24 0.458333
27 0.481481
30 0.5
33 0.454545
36 0.472222
39 0.435897
42 0.428571
45 0.444444
48 0.416667
51 0.431373
54 0.444444
57 0.45614
60 0.483333
63 0.492063
66 0.515152
69 0.507246
72 0.486111
75 0.493333
78 0.5
81 0.506173
84 0.52381
87 0.528736
90 0.522222
93 0.505376
96 0.510417
99 0.505051
102 0.490196
105 0.495238
108 0.481481
111 0.477477
114 0.464912
117 0.470085
120 0.475
123 0.479675
126 0.492063
129 0.496124
132 0.492424
135 0.488889
138 0.5
141 0.510638
144 0.513889
147 0.517007
150 0.513333
153 0.503268
