75 0.973333
150 0.986667
225 0.991111
300 0.993333
375 0.994667
450 0.995556
525 0.99619
600 0.996667
675 0.997037
750 0.997333
825 0.997576
900 0.997778
975 0.997949
1050 0.998095
1125 0.998222
1200 0.998333
1275 0.998431
1350 0.998519
1425 0.998596
1500 0.998667
1575 0.99873
1650 0.998788
1725 0.998841
1800 0.998889
1875 0.998933
1950 0.998974
2025 0.999012
2100 0.999048
2175 0.99908
2250 0.999111
2325 0.99914
2400 0.999167
2475 0.999192
2550 0.999216
2625 0.999238
2700 0.999259
2775 0.999279
2850 0.999298
2925 0.999316
3000 0.999333
3075 0.99935
3150 0.999365
3225 0.99938
3300 0.999394
3375 0.999407
3450 0.99942
3525 0.999433
3600 0.999444
3675 0.999456
3750 0.999467
