10 0.6
20 0.6
30 0.7
40 0.675
50 0.62
60 0.633333
70 0.614286
80 0.6125
90 0.633333
100 0.65
110 0.663636
120 0.683333
130 0.669231
140 0.678571
150 0.68
160 0.68125
170 0.7
180 0.705556
190 0.721053
200 0.715
210 0.72381
220 0.736364
230 0.747826
240 0.754167
250 0.764
260 0.765385
270 0.77037
280 0.778571
290 0.782759
300 0.79
310 0.796774
320 0.803125
330 0.809091
340 0.814706
350 0.82
360 0.822222
370 0.824324
380 0.828947
390 0.830769
400 0.8325
410 0.834146
420 0.835714
430 0.839535
440 0.843182
450 0.846667
460 0.85
470 0.853191
480 0.85625
490 0.859184
500 0.862
