28 0.892857
56 0.928571
84 0.928571
112 0.901786
140 0.892857
168 0.89881
196 0.836735
224 0.785714
252 0.765873
280 0.725
308 0.688312
336 0.657738
364 0.634615
392 0.607143
420 0.590476
448 0.575893
476 0.563025
504 0.561508
532 0.554511
560 0.553571
588 0.554422
616 0.556818
644 0.559006
672 0.553571
700 0.545714
728 0.535714
756 0.527778
784 0.520408
812 0.514778
840 0.508333
868 0.502304
896 0.496652
924 0.492424
952 0.489496
980 0.484694
1008 0.483135
1036 0.488417
1064 0.487782
1092 0.483516
1120 0.480357
1148 0.476481
1176 0.472789
1204 0.4701
1232 0.466721
1260 0.463492
1288 0.46118
1316 0.458967
1344 0.456101
1372 0.454082
1400 0.459286
1428 0.459384
