33 0.878788
66 0.939394
99 0.868687
132 0.825758
165 0.806061
198 0.767677
231 0.727273
264 0.689394
297 0.659933
330 0.624242
363 0.597796
396 0.575758
429 0.552448
462 0.534632
495 0.519192
528 0.507576
561 0.499109
594 0.489899
627 0.478469
660 0.472727
693 0.468975
726 0.471074
759 0.471673
792 0.467172
825 0.459394
858 0.451049
891 0.445567
924 0.441558
957 0.435737
990 0.432323
1023 0.427175
1056 0.423295
1089 0.418733
1122 0.41533
1155 0.412121
1188 0.410774
1221 0.411957
1254 0.410686
1287 0.408702
1320 0.406061
1353 0.404287
1386 0.401876
1419 0.399577
1452 0.397383
1485 0.394613
1518 0.391963
1551 0.389426
1584 0.386995
1617 0.385281
1650 0.388485
1683 0.38978
