18 0.5
36 0.472222
54 0.444444
72 0.444444
90 0.455556
108 0.425926
126 0.436508
144 0.430556
162 0.41358
180 0.405556
198 0.39899
216 0.384259
234 0.376068
252 0.373016
270 0.366667
288 0.364583
306 0.362745
324 0.361111
342 0.362573
360 0.361111
378 0.357143
396 0.356061
414 0.355072
432 0.354167
450 0.353333
468 0.352564
486 0.349794
504 0.349206
522 0.350575
540 0.348148
558 0.34767
576 0.347222
594 0.343434
612 0.339869
630 0.338095
648 0.334877
666 0.334835
684 0.333333
702 0.333333
720 0.331944
738 0.331978
756 0.332011
774 0.332041
792 0.330808
810 0.328395
828 0.327295
846 0.325059
864 0.325231
882 0.323129
900 0.323333
