15 0.466667
30 0.5
45 0.466667
60 0.533333
75 0.546667
90 0.6
105 0.619048
120 0.65
135 0.644444
150 0.64
165 0.642424
180 0.655556
195 0.666667
210 0.67619
225 0.657778
240 0.670833
255 0.670588
270 0.666667
285 0.663158
300 0.656667
315 0.657143
330 0.651515
345 0.652174
360 0.655556
375 0.656
390 0.666667
405 0.666667
420 0.669048
435 0.678161
450 0.677778
465 0.675269
480 0.672917
495 0.676768
510 0.678431
525 0.68
540 0.685185
555 0.688288
570 0.689474
585 0.687179
600 0.688333
615 0.694309
630 0.696825
645 0.703876
660 0.70303
675 0.697778
690 0.697101
705 0.692199
720 0.691667
735 0.692517
750 0.692
765 0.695425
