75 0.92
150 0.92
225 0.937778
300 0.946667
375 0.952
450 0.946667
525 0.950476
600 0.945
675 0.948148
750 0.950667
825 0.953939
900 0.956667
975 0.958974
1050 0.96
1125 0.961778
1200 0.964167
1275 0.964706
1350 0.966667
1425 0.968421
1500 0.968667
1575 0.968889
1650 0.969697
1725 0.970435
1800 0.971667
1875 0.9728
1950 0.973846
2025 0.974321
2100 0.975238
2175 0.976092
2250 0.976444
2325 0.977204
2400 0.9775
2475 0.977778
2550 0.978431
2625 0.978286
2700 0.978519
2775 0.978739
2850 0.979298
2925 0.979829
3000 0.979667
3075 0.980163
3150 0.980635
3225 0.981085
3300 0.981515
3375 0.981333
3450 0.981159
3525 0.98156
3600 0.981667
3675 0.981769
3750 0.982133
