20 0.55
40 0.725
60 0.766667
80 0.8
100 0.81
120 0.841667
140 0.842857
160 0.85625
180 0.872222
200 0.865
220 0.868182
240 0.879167
260 0.884615
280 0.885714
300 0.893333
320 0.9
340 0.905882
360 0.911111
380 0.913158
400 0.9175
420 0.921429
440 0.925
460 0.928261
480 0.93125
500 0.934
520 0.936538
540 0.938889
560 0.941071
580 0.943103
600 0.945
620 0.946774
640 0.945312
660 0.94697
680 0.948529
700 0.95
720 0.951389
740 0.952703
760 0.953947
780 0.955128
800 0.95625
820 0.956098
840 0.957143
860 0.95814
880 0.959091
900 0.96
920 0.96087
940 0.961702
960 0.9625
980 0.963265
1000 0.964
