2 0
4 0.25
6 0.333333
8 0.25
10 0.4
12 0.416667
14 0.5
16 0.5
18 0.555556
20 0.55
22 0.5
24 0.458333
26 0.423077
28 0.392857
30 0.4
32 0.40625
34 0.411765
36 0.444444
38 0.473684
40 0.5
42 0.5
44 0.5
46 0.5
48 0.5
50 0.5
52 0.5
54 0.518519
56 0.535714
58 0.517241
60 0.516667
62 0.532258
64 0.515625
66 0.515152
68 0.5
70 0.5
72 0.5
74 0.513514
76 0.526316
78 0.525641
80 0.525
82 0.512195
84 0.511905
86 0.523256
88 0.522727
90 0.522222
92 0.532609
94 0.542553
96 0.552083
98 0.55102
100 0.55
102 0.558824
104 0.548077
106 0.556604
108 0.555556
110 0.554545
112 0.553571
114 0.552632
116 0.543103
118 0.550847
120 0.558333
122 0.565574
124 0.572581
126 0.579365
128 0.585938
130 0.592308
