4 0.5
8 0.5
12 0.666667
16 0.6875
20 0.75
24 0.75
28 0.785714
32 0.8125
36 0.805556
40 0.8
44 0.818182
48 0.833333
52 0.826923
56 0.839286
60 0.85
64 0.859375
68 0.867647
72 0.875
76 0.881579
80 0.8875
84 0.892857
88 0.897727
92 0.891304
96 0.895833
100 0.9
104 0.894231
108 0.898148
112 0.901786
116 0.905172
120 0.908333
124 0.91129
128 0.914062
132 0.916667
136 0.919118
140 0.921429
144 0.923611
148 0.925676
152 0.927632
156 0.929487
160 0.93125
164 0.932927
168 0.934524
172 0.930233
176 0.931818
180 0.933333
184 0.934783
188 0.93617
192 0.9375
196 0.938776
200 0.94
