2 0
4 0
6 0.166667
8 0.125
10 0.1
12 0.166667
14 0.142857
16 0.125
18 0.111111
20 0.1
22 0.0909091
24 0.0833333
26 0.0769231
28 0.0714286
30 0.1
32 0.09375
34 0.117647
36 0.111111
38 0.105263
40 0.1
42 0.0952381
44 0.0909091
46 0.0869565
48 0.104167
50 0.12
52 0.134615
54 0.12963
56 0.125
58 0.137931
60 0.15
62 0.145161
64 0.140625
66 0.136364
68 0.132353
70 0.128571
72 0.152778
74 0.148649
76 0.157895
78 0.153846
80 0.15
82 0.158537
84 0.154762
86 0.162791
88 0.159091
90 0.166667
92 0.163043
94 0.159574
96 0.166667
98 0.163265
100 0.17
102 0.166667
104 0.182692
106 0.188679
108 0.185185
110 0.181818
112 0.178571
114 0.192982
116 0.189655
118 0.186441
120 0.183333
122 0.188525
124 0.185484
