15 0.866667
30 0.933333
45 0.955556
60 0.966667
75 0.973333
90 0.977778
105 0.980952
120 0.983333
135 0.985185
150 0.986667
165 0.987879
180 0.988889
195 0.989744
210 0.990476
225 0.991111
240 0.991667
255 0.992157
270 0.992593
285 0.992982
300 0.993333
315 0.993651
330 0.993939
345 0.994203
360 0.994444
375 0.994667
390 0.994872
405 0.995062
420 0.995238
435 0.995402
450 0.995556
465 0.995699
480 0.995833
495 0.99596
510 0.996078
525 0.99619
540 0.996296
555 0.996396
570 0.996491
585 0.996581
600 0.996667
615 0.996748
630 0.996825
645 0.996899
660 0.99697
675 0.997037
690 0.997101
705 0.997163
720 0.997222
735 0.997279
750 0.997333
765 0.997386
