4 0.5
8 0.375
12 0.416667
16 0.5
20 0.6
24 0.625
28 0.678571
32 0.6875
36 0.694444
40 0.675
44 0.659091
48 0.645833
52 0.615385
56 0.607143
60 0.566667
64 0.5625
68 0.558824
72 0.541667
76 0.526316
80 0.5125
84 0.511905
88 0.534091
92 0.521739
96 0.520833
100 0.52
104 0.509615
108 0.509259
112 0.491071
116 0.482759
120 0.475
124 0.459677
128 0.46875
132 0.477273
136 0.477941
140 0.471429
144 0.472222
148 0.466216
152 0.453947
156 0.448718
160 0.45
164 0.445122
168 0.446429
172 0.436047
176 0.431818
180 0.427778
184 0.418478
188 0.425532
192 0.421875
196 0.423469
200 0.42
