15 0.466667
30 0.6
45 0.688889
60 0.716667
75 0.76
90 0.788889
105 0.8
120 0.816667
135 0.814815
150 0.833333
165 0.842424
180 0.855556
195 0.866667
210 0.87619
225 0.875556
240 0.879167
255 0.882353
270 0.888889
285 0.894737
300 0.9
315 0.904762
330 0.90303
345 0.907246
360 0.908333
375 0.909333
390 0.912821
405 0.916049
420 0.919048
435 0.921839
450 0.924444
465 0.926882
480 0.929167
495 0.931313
510 0.933333
525 0.935238
540 0.937037
555 0.938739
570 0.938596
585 0.940171
600 0.94
615 0.941463
630 0.942857
645 0.944186
660 0.945455
675 0.943704
690 0.944928
705 0.944681
720 0.945833
735 0.946939
750 0.948
765 0.94902
