63 0.285714
126 0.15873
189 0.116402
252 0.0873016
315 0.0698413
378 0.0582011
441 0.0544218
504 0.047619
567 0.0529101
630 0.047619
693 0.04329
756 0.0396825
819 0.039072
882 0.0396825
945 0.0380952
1008 0.0357143
1071 0.0345472
1134 0.0326279
1197 0.0309106
1260 0.0301587
1323 0.0294785
1386 0.0310245
1449 0.0310559
1512 0.0297619
1575 0.0285714
1638 0.0274725
1701 0.026455
1764 0.0255102
1827 0.0251779
1890 0.0243386
1953 0.0235535
2016 0.0228175
2079 0.022126
2142 0.0214753
2205 0.0208617
2268 0.0202822
2331 0.019734
2394 0.0192147
2457 0.018722
2520 0.018254
2583 0.0181959
2646 0.0177627
2709 0.0173496
2772 0.0169553
2835 0.0165785
2898 0.0162181
2961 0.0162107
3024 0.015873
3087 0.0155491
3150 0.0152381
