3 0.666667
6 0.333333
9 0.222222
12 0.25
15 0.333333
18 0.333333
21 0.380952
24 0.416667
27 0.481481
30 0.466667
33 0.454545
36 0.472222
39 0.487179
42 0.52381
45 0.533333
48 0.5625
51 0.588235
54 0.611111
57 0.631579
60 0.633333
63 0.634921
66 0.636364
69 0.652174
72 0.652778
75 0.666667
78 0.679487
81 0.691358
84 0.702381
87 0.712644
90 0.722222
93 0.731183
96 0.729167
99 0.737374
102 0.745098
105 0.752381
108 0.759259
111 0.765766
114 0.77193
117 0.777778
120 0.783333
123 0.788618
126 0.793651
129 0.79845
132 0.80303
135 0.807407
138 0.811594
141 0.815603
144 0.819444
147 0.823129
150 0.826667
153 0.830065
156 0.833333
159 0.836478
162 0.839506
165 0.842424
168 0.845238
171 0.847953
174 0.850575
177 0.853107
180 0.855556
183 0.857923
186 0.860215
189 0.862434
192 0.864583
195 0.866667
