7 0.142857
14 0.5
21 0.571429
28 0.642857
35 0.685714
42 0.738095
49 0.755102
56 0.767857
63 0.793651
70 0.814286
77 0.831169
84 0.833333
91 0.846154
98 0.836735
105 0.847619
112 0.848214
119 0.857143
126 0.865079
133 0.87218
140 0.878571
147 0.884354
154 0.88961
161 0.89441
168 0.89881
175 0.902857
182 0.906593
189 0.910053
196 0.913265
203 0.916256
210 0.919048
217 0.921659
224 0.924107
231 0.926407
238 0.928571
245 0.930612
252 0.93254
259 0.934363
266 0.93609
273 0.937729
280 0.939286
287 0.940767
294 0.942177
301 0.943522
308 0.941558
315 0.942857
322 0.944099
329 0.945289
336 0.946429
343 0.947522
350 0.948571
