8 0
16 0.25
24 0.208333
32 0.28125
40 0.35
48 0.354167
56 0.321429
64 0.390625
72 0.444444
80 0.4875
88 0.5
96 0.520833
104 0.528846
112 0.517857
120 0.541667
128 0.554688
136 0.580882
144 0.597222
152 0.618421
160 0.63125
168 0.642857
176 0.659091
184 0.668478
192 0.677083
200 0.69
208 0.701923
216 0.712963
224 0.723214
232 0.732759
240 0.741667
248 0.75
256 0.757812
264 0.765152
272 0.768382
280 0.775
288 0.78125
296 0.783784
304 0.786184
312 0.791667
320 0.79375
328 0.79878
336 0.803571
344 0.805233
352 0.806818
360 0.811111
368 0.815217
376 0.819149
384 0.822917
392 0.826531
400 0.83
408 0.833333
416 0.836538
