4 0.25
8 0.5
12 0.5
16 0.4375
20 0.45
24 0.458333
28 0.535714
32 0.53125
36 0.5
40 0.525
44 0.522727
48 0.5
52 0.519231
56 0.535714
60 0.55
64 0.53125
68 0.544118
72 0.541667
76 0.526316
80 0.5375
84 0.535714
88 0.556818
92 0.554348
96 0.572917
100 0.57
104 0.586538
108 0.583333
112 0.598214
116 0.612069
120 0.625
124 0.637097
128 0.632812
132 0.628788
136 0.617647
140 0.614286
144 0.618056
148 0.628378
152 0.631579
156 0.634615
160 0.64375
164 0.646341
168 0.636905
172 0.622093
176 0.613636
180 0.611111
184 0.608696
188 0.617021
192 0.609375
196 0.612245
200 0.61
204 0.612745
