16 0.4375
32 0.34375
48 0.291667
64 0.28125
80 0.2875
96 0.34375
112 0.348214
128 0.328125
144 0.305556
160 0.3125
176 0.318182
192 0.328125
208 0.331731
224 0.339286
240 0.325
256 0.324219
272 0.319853
288 0.326389
304 0.322368
320 0.328125
336 0.339286
352 0.346591
368 0.342391
384 0.346354
400 0.3425
416 0.346154
432 0.356481
448 0.352679
464 0.353448
480 0.35625
496 0.358871
512 0.371094
528 0.369318
544 0.369485
560 0.373214
576 0.373264
592 0.378378
608 0.373355
624 0.373397
640 0.370312
656 0.367378
672 0.363095
688 0.363372
704 0.359375
720 0.356944
736 0.358696
752 0.352394
768 0.348958
784 0.34949
800 0.35
816 0.35049
832 0.352163
