10 0.8
20 0.9
30 0.933333
40 0.95
50 0.96
60 0.966667
70 0.971429
80 0.975
90 0.977778
100 0.98
110 0.981818
120 0.983333
130 0.984615
140 0.985714
150 0.986667
160 0.9875
170 0.988235
180 0.988889
190 0.984211
200 0.985
210 0.985714
220 0.986364
230 0.986957
240 0.9875
250 0.988
260 0.988462
270 0.988889
280 0.989286
290 0.989655
300 0.99
310 0.983871
320 0.984375
330 0.984848
340 0.985294
350 0.985714
360 0.986111
370 0.986486
380 0.986842
390 0.987179
400 0.9875
410 0.987805
420 0.988095
430 0.988372
440 0.988636
450 0.988889
460 0.98913
470 0.989362
480 0.989583
490 0.989796
500 0.99
510 0.990196
520 0.990385
