1 0
2 0
3 0
4 0
5 0
6 0
7 0
8 0
9 0
10 0
11 0
12 0
13 0
14 0.0714286
15 0.0666667
16 0.125
17 0.117647
18 0.111111
19 0.105263
20 0.15
21 0.142857
22 0.136364
23 0.130435
24 0.125
25 0.12
26 0.115385
27 0.111111
28 0.107143
29 0.103448
30 0.1
31 0.0967742
32 0.09375
33 0.0909091
34 0.0882353
35 0.0857143
36 0.0833333
37 0.0810811
38 0.0789474
39 0.0769231
40 0.1
41 0.097561
42 0.0952381
43 0.0930233
44 0.113636
45 0.111111
46 0.108696
47 0.12766
48 0.125
49 0.122449
50 0.12
51 0.117647
52 0.115385
53 0.132075
54 0.12963
55 0.127273
56 0.142857
57 0.157895
58 0.155172
59 0.152542
60 0.15
61 0.147541
62 0.145161
