75 0.92
150 0.933333
225 0.946667
300 0.956667
375 0.962667
450 0.962222
525 0.965714
600 0.963333
675 0.965926
750 0.969333
825 0.972121
900 0.973333
975 0.975385
1050 0.97619
1125 0.976889
1200 0.978333
1275 0.979608
1350 0.980741
1425 0.981754
1500 0.982667
1575 0.982857
1650 0.983636
1725 0.983768
1800 0.984444
1875 0.985067
1950 0.985641
2025 0.986173
2100 0.986667
2175 0.987126
2250 0.987556
2325 0.987957
2400 0.988333
2475 0.988687
2550 0.98902
2625 0.989333
2700 0.98963
2775 0.98955
2850 0.989825
2925 0.990085
3000 0.990333
3075 0.990569
3150 0.990794
3225 0.991008
3300 0.991212
3375 0.991407
3450 0.991594
3525 0.991773
3600 0.991944
3675 0.992109
3750 0.992267
