10 0.5
20 0.55
30 0.633333
40 0.6
50 0.56
60 0.55
70 0.514286
80 0.5
90 0.522222
100 0.53
110 0.527273
120 0.541667
130 0.515385
140 0.514286
150 0.513333
160 0.51875
170 0.523529
180 0.527778
190 0.547368
200 0.54
210 0.547619
220 0.563636
230 0.573913
240 0.575
250 0.592
260 0.592308
270 0.6
280 0.614286
290 0.62069
300 0.633333
310 0.645161
320 0.653125
330 0.663636
340 0.670588
350 0.68
360 0.686111
370 0.686486
380 0.692105
390 0.694872
400 0.6975
410 0.702439
420 0.702381
430 0.709302
440 0.715909
450 0.722222
460 0.728261
470 0.734043
480 0.739583
490 0.744898
500 0.748
