11 0.727273
22 0.681818
33 0.727273
44 0.75
55 0.781818
66 0.787879
77 0.805195
88 0.806818
99 0.828283
110 0.818182
121 0.826446
132 0.840909
143 0.853147
154 0.863636
165 0.872727
176 0.880682
187 0.887701
198 0.893939
209 0.899522
220 0.904545
231 0.909091
242 0.913223
253 0.913043
264 0.916667
275 0.92
286 0.923077
297 0.925926
308 0.928571
319 0.931034
330 0.933333
341 0.935484
352 0.9375
363 0.939394
374 0.941176
385 0.942857
396 0.941919
407 0.943489
418 0.944976
429 0.946387
440 0.947727
451 0.946785
462 0.948052
473 0.94926
484 0.950413
495 0.951515
506 0.952569
517 0.953578
528 0.954545
539 0.955473
550 0.954545
561 0.955437
572 0.956294
