1 0
2 0
3 0.333333
4 0.25
5 0.2
6 0.166667
7 0.142857
8 0.125
9 0.111111
10 0.1
11 0.0909091
12 0.0833333
13 0.0769231
14 0.142857
15 0.133333
16 0.125
17 0.117647
18 0.111111
19 0.157895
20 0.15
21 0.190476
22 0.227273
23 0.26087
24 0.291667
25 0.32
26 0.346154
27 0.333333
28 0.321429
29 0.310345
30 0.333333
31 0.322581
32 0.3125
33 0.333333
34 0.323529
35 0.342857
36 0.333333
37 0.351351
38 0.368421
39 0.358974
40 0.35
41 0.365854
42 0.380952
43 0.372093
44 0.386364
45 0.4
46 0.413043
47 0.425532
48 0.416667
49 0.428571
50 0.42
51 0.431373
52 0.423077
53 0.433962
54 0.444444
55 0.454545
56 0.464286
57 0.45614
58 0.448276
59 0.440678
60 0.45
61 0.459016
62 0.451613
63 0.460317
64 0.453125
65 0.461538
66 0.469697
67 0.477612
68 0.470588
69 0.478261
70 0.471429
71 0.464789
72 0.458333
73 0.465753
74 0.472973
75 0.48
76 0.473684
77 0.480519
78 0.487179
79 0.493671
80 0.4875
81 0.493827
82 0.5
83 0.493976
84 0.5
85 0.505882
86 0.511628
87 0.517241
88 0.522727
89 0.516854
90 0.522222
91 0.527473
92 0.532609
93 0.537634
