4 0.25
8 0.375
12 0.416667
16 0.5625
20 0.6
24 0.666667
28 0.607143
32 0.625
36 0.583333
40 0.525
44 0.477273
48 0.458333
52 0.5
56 0.482143
60 0.466667
64 0.484375
68 0.485294
72 0.5
76 0.486842
80 0.475
84 0.5
88 0.5
92 0.48913
96 0.46875
100 0.46
104 0.451923
108 0.435185
112 0.446429
116 0.448276
120 0.466667
124 0.467742
128 0.453125
132 0.44697
136 0.433824
140 0.435714
144 0.423611
148 0.418919
152 0.427632
156 0.423077
160 0.425
164 0.414634
168 0.410714
172 0.412791
176 0.420455
180 0.411111
184 0.407609
188 0.404255
192 0.395833
196 0.403061
200 0.41
204 0.406863
