1 0
2 0
3 0
4 0
5 0
6 0
7 0
8 0
9 0
10 0
11 0
12 0
13 0
14 0.0714286
15 0.133333
16 0.1875
17 0.176471
18 0.166667
19 0.157895
20 0.2
21 0.190476
22 0.181818
23 0.173913
24 0.166667
25 0.16
26 0.153846
27 0.148148
28 0.178571
29 0.172414
30 0.166667
31 0.16129
32 0.15625
33 0.151515
34 0.147059
35 0.142857
36 0.138889
37 0.135135
38 0.131579
39 0.128205
40 0.15
41 0.146341
42 0.166667
43 0.162791
44 0.181818
45 0.177778
46 0.195652
47 0.212766
48 0.208333
49 0.204082
50 0.22
51 0.235294
52 0.25
53 0.264151
54 0.259259
55 0.254545
56 0.267857
57 0.280702
58 0.293103
59 0.288136
60 0.3
61 0.295082
62 0.306452
