43 0.27907
86 0.209302
129 0.217054
172 0.226744
215 0.223256
258 0.197674
301 0.186047
344 0.174419
387 0.167959
430 0.160465
473 0.147992
516 0.145349
559 0.141324
602 0.136213
645 0.128682
688 0.127907
731 0.123119
774 0.120155
817 0.116279
860 0.111628
903 0.110742
946 0.106765
989 0.103134
1032 0.0988372
1075 0.0948837
1118 0.0921288
1161 0.0887166
1204 0.0855482
1247 0.0825982
1290 0.0813953
1333 0.0787697
1376 0.0770349
1419 0.0754052
1462 0.0738714
1505 0.0724252
1548 0.0710594
1591 0.0691389
1634 0.0673195
1677 0.0667859
1720 0.0674419
1763 0.0669314
1806 0.0658915
1849 0.0643591
1892 0.0650106
1935 0.0635659
1978 0.062184
2021 0.060861
2064 0.059593
2107 0.0602753
2150 0.0595349
