6 0
12 0
18 0.166667
24 0.375
30 0.5
36 0.5
42 0.547619
48 0.604167
54 0.611111
60 0.65
66 0.681818
72 0.708333
78 0.730769
84 0.75
90 0.766667
96 0.78125
102 0.794118
108 0.805556
114 0.815789
120 0.816667
126 0.825397
132 0.825758
138 0.833333
144 0.840278
150 0.846667
156 0.846154
162 0.851852
168 0.857143
174 0.862069
180 0.866667
186 0.870968
192 0.875
198 0.878788
204 0.877451
210 0.880952
216 0.87963
222 0.882883
228 0.885965
234 0.888889
240 0.891667
246 0.890244
252 0.892857
258 0.895349
264 0.897727
270 0.9
276 0.902174
282 0.904255
288 0.90625
294 0.908163
300 0.91
