13 0.846154
26 0.884615
39 0.871795
52 0.903846
65 0.923077
78 0.910256
91 0.912088
104 0.903846
117 0.897436
130 0.9
143 0.909091
156 0.891026
169 0.869822
182 0.851648
195 0.85641
208 0.841346
221 0.823529
234 0.833333
247 0.842105
260 0.830769
273 0.838828
286 0.842657
299 0.832776
312 0.826923
325 0.833846
338 0.840237
351 0.846154
364 0.851648
377 0.856764
390 0.861538
403 0.866005
416 0.870192
429 0.874126
442 0.875566
455 0.879121
468 0.882479
481 0.885655
494 0.88664
507 0.889546
520 0.892308
533 0.894934
546 0.897436
559 0.899821
572 0.902098
585 0.904274
598 0.906355
611 0.90671
624 0.908654
637 0.910518
650 0.912308
663 0.914027
676 0.903846
689 0.904209
