4 0
8 0.125
12 0.166667
16 0.25
20 0.25
24 0.333333
28 0.357143
32 0.40625
36 0.416667
40 0.425
44 0.431818
48 0.416667
52 0.423077
56 0.410714
60 0.383333
64 0.40625
68 0.411765
72 0.402778
76 0.394737
80 0.3875
84 0.404762
88 0.409091
92 0.402174
96 0.40625
100 0.41
104 0.423077
108 0.435185
112 0.4375
116 0.431034
120 0.45
124 0.443548
128 0.429688
132 0.416667
136 0.411765
140 0.414286
144 0.402778
148 0.398649
152 0.407895
156 0.403846
160 0.41875
164 0.426829
168 0.422619
172 0.436047
176 0.448864
180 0.438889
184 0.440217
188 0.441489
192 0.4375
196 0.438776
200 0.445
204 0.45098
