4 0.25
8 0.375
12 0.416667
16 0.5625
20 0.65
24 0.708333
28 0.714286
32 0.75
36 0.75
40 0.775
44 0.795455
48 0.8125
52 0.826923
56 0.821429
60 0.833333
64 0.84375
68 0.838235
72 0.847222
76 0.855263
80 0.85
84 0.857143
88 0.852273
92 0.858696
96 0.864583
100 0.87
104 0.875
108 0.87963
112 0.883929
116 0.887931
120 0.891667
124 0.887097
128 0.867188
132 0.871212
136 0.867647
140 0.864286
144 0.861111
148 0.864865
152 0.868421
156 0.871795
160 0.875
164 0.871951
168 0.875
172 0.877907
176 0.880682
180 0.883333
184 0.88587
188 0.888298
192 0.890625
196 0.892857
200 0.895
204 0.897059
