5 0.2
10 0.2
15 0.2
20 0.3
25 0.32
30 0.333333
35 0.371429
40 0.4
45 0.4
50 0.38
55 0.363636
60 0.383333
65 0.384615
70 0.414286
75 0.426667
80 0.4625
85 0.482353
90 0.5
95 0.526316
100 0.55
105 0.571429
110 0.590909
115 0.591304
120 0.6
125 0.608
130 0.615385
135 0.62963
140 0.635714
145 0.641379
150 0.633333
155 0.63871
160 0.64375
165 0.648485
170 0.647059
175 0.657143
180 0.661111
185 0.659459
190 0.663158
195 0.666667
200 0.67
205 0.678049
210 0.685714
215 0.693023
220 0.690909
225 0.693333
230 0.691304
235 0.693617
240 0.691667
245 0.685714
250 0.692
