4 0.25
8 0.5
12 0.5
16 0.625
20 0.65
24 0.666667
28 0.714286
32 0.6875
36 0.694444
40 0.725
44 0.75
48 0.770833
52 0.788462
56 0.785714
60 0.8
64 0.8125
68 0.808824
72 0.805556
76 0.789474
80 0.8
84 0.809524
88 0.818182
92 0.815217
96 0.822917
100 0.83
104 0.836538
108 0.842593
112 0.848214
116 0.853448
120 0.858333
124 0.862903
128 0.867188
132 0.871212
136 0.875
140 0.878571
144 0.881944
148 0.885135
152 0.888158
156 0.891026
160 0.89375
164 0.896341
168 0.89881
172 0.901163
176 0.903409
180 0.905556
184 0.907609
188 0.909574
192 0.911458
196 0.908163
200 0.905
204 0.906863
