6 0.5
12 0.416667
18 0.444444
24 0.5
30 0.5
36 0.527778
42 0.571429
48 0.583333
54 0.62963
60 0.65
66 0.666667
72 0.680556
78 0.692308
84 0.702381
90 0.722222
96 0.729167
102 0.735294
108 0.731481
114 0.745614
120 0.75
126 0.761905
132 0.772727
138 0.782609
144 0.791667
150 0.8
156 0.807692
162 0.814815
168 0.815476
174 0.816092
180 0.816667
186 0.817204
192 0.8125
198 0.818182
204 0.823529
210 0.828571
216 0.833333
222 0.837838
228 0.833333
234 0.837607
240 0.841667
246 0.845528
252 0.849206
258 0.852713
264 0.852273
270 0.855556
276 0.855072
282 0.858156
288 0.861111
294 0.863946
300 0.866667
