3 0.666667
6 0.666667
9 0.666667
12 0.75
15 0.733333
18 0.777778
21 0.809524
24 0.833333
27 0.851852
30 0.866667
33 0.878788
36 0.888889
39 0.871795
42 0.880952
45 0.866667
48 0.875
51 0.882353
54 0.888889
57 0.859649
60 0.85
63 0.825397
66 0.80303
69 0.782609
72 0.791667
75 0.8
78 0.807692
81 0.814815
84 0.821429
87 0.816092
90 0.811111
93 0.817204
96 0.822917
99 0.828283
102 0.833333
105 0.838095
108 0.842593
111 0.846847
114 0.850877
117 0.854701
120 0.858333
123 0.845528
126 0.849206
129 0.844961
132 0.848485
135 0.851852
138 0.855072
141 0.858156
144 0.861111
147 0.863946
150 0.866667
153 0.869281
156 0.871795
159 0.874214
162 0.876543
165 0.878788
168 0.880952
171 0.883041
174 0.885057
177 0.887006
180 0.888889
183 0.89071
186 0.892473
189 0.89418
