3 0
6 0.5
9 0.666667
12 0.75
15 0.8
18 0.722222
21 0.619048
24 0.583333
27 0.62963
30 0.6
33 0.575758
36 0.555556
39 0.538462
42 0.571429
45 0.577778
48 0.5625
51 0.568627
54 0.555556
57 0.561404
60 0.583333
63 0.555556
66 0.560606
69 0.57971
72 0.597222
75 0.573333
78 0.576923
81 0.580247
84 0.583333
87 0.586207
90 0.577778
93 0.569892
96 0.583333
99 0.59596
102 0.588235
105 0.580952
108 0.574074
111 0.576577
114 0.587719
117 0.598291
120 0.6
123 0.601626
126 0.611111
129 0.612403
132 0.621212
135 0.614815
138 0.615942
141 0.609929
144 0.611111
147 0.612245
150 0.6
153 0.594771
156 0.596154
