100 0.91
200 0.955
300 0.97
400 0.9775
500 0.982
600 0.985
700 0.987143
800 0.98875
900 0.99
1000 0.991
1100 0.991818
1200 0.9925
1300 0.993077
1400 0.993571
1500 0.994
1600 0.994375
1700 0.994706
1800 0.995
1900 0.995263
2000 0.9955
2100 0.995714
2200 0.995909
2300 0.996087
2400 0.99625
2500 0.9964
2600 0.996538
2700 0.996667
2800 0.996786
2900 0.996897
3000 0.997
3100 0.997097
3200 0.997188
3300 0.997273
3400 0.997353
3500 0.997429
3600 0.9975
3700 0.997568
3800 0.997632
3900 0.997692
4000 0.99775
4100 0.997805
4200 0.997857
4300 0.997907
4400 0.997955
4500 0.998
4600 0.998043
4700 0.998085
4800 0.998125
4900 0.998163
5000 0.9982
