2 0
4 0
6 0.166667
8 0.125
10 0.1
12 0.166667
14 0.142857
16 0.125
18 0.111111
20 0.1
22 0.136364
24 0.125
26 0.115385
28 0.107143
30 0.1
32 0.09375
34 0.117647
36 0.111111
38 0.105263
40 0.125
42 0.119048
44 0.113636
46 0.108696
48 0.104167
50 0.12
52 0.115385
54 0.111111
56 0.125
58 0.137931
60 0.15
62 0.145161
64 0.140625
66 0.136364
68 0.147059
70 0.142857
72 0.166667
74 0.162162
76 0.171053
78 0.166667
80 0.1625
82 0.170732
84 0.166667
86 0.174419
88 0.170455
90 0.177778
92 0.173913
94 0.170213
96 0.177083
98 0.173469
100 0.17
102 0.176471
104 0.192308
106 0.198113
108 0.194444
110 0.190909
112 0.1875
114 0.201754
116 0.198276
118 0.194915
120 0.208333
122 0.213115
124 0.209677
