7 0.714286
14 0.785714
21 0.714286
28 0.642857
35 0.714286
42 0.738095
49 0.755102
56 0.714286
63 0.730159
70 0.728571
77 0.753247
84 0.761905
91 0.747253
98 0.744898
105 0.752381
112 0.75
119 0.764706
126 0.769841
133 0.774436
140 0.785714
147 0.782313
154 0.792208
161 0.795031
168 0.797619
175 0.805714
182 0.813187
189 0.820106
196 0.816327
203 0.812808
210 0.814286
217 0.820276
224 0.825893
231 0.831169
238 0.836134
245 0.836735
252 0.833333
259 0.837838
266 0.838346
273 0.835165
280 0.839286
287 0.839721
294 0.843537
301 0.847176
308 0.847403
315 0.850794
322 0.854037
329 0.851064
336 0.845238
343 0.848397
350 0.851429
357 0.854342
364 0.857143
371 0.857143
378 0.859788
385 0.862338
392 0.864796
