20 0.7
40 0.85
60 0.9
80 0.925
100 0.93
120 0.941667
140 0.95
160 0.95625
180 0.961111
200 0.965
220 0.968182
240 0.970833
260 0.973077
280 0.975
300 0.976667
320 0.978125
340 0.979412
360 0.980556
380 0.981579
400 0.9825
420 0.983333
440 0.984091
460 0.984783
480 0.985417
500 0.986
520 0.986538
540 0.987037
560 0.9875
580 0.987931
600 0.988333
620 0.98871
640 0.989062
660 0.989394
680 0.989706
700 0.99
720 0.990278
740 0.990541
760 0.990789
780 0.991026
800 0.99125
820 0.991463
840 0.991667
860 0.99186
880 0.992045
900 0.992222
920 0.992391
940 0.992553
960 0.992708
980 0.992857
1000 0.993
