46 0.608696
92 0.717391
138 0.782609
184 0.831522
230 0.86087
276 0.884058
322 0.897516
368 0.910326
414 0.92029
460 0.928261
506 0.934783
552 0.938406
598 0.943144
644 0.947205
690 0.950725
736 0.953804
782 0.956522
828 0.958937
874 0.961098
920 0.963043
966 0.964803
1012 0.966403
1058 0.966919
1104 0.968297
1150 0.969565
1196 0.970736
1242 0.971014
1288 0.97205
1334 0.973013
1380 0.973913
1426 0.974755
1472 0.975543
1518 0.976285
1564 0.976982
1610 0.97764
1656 0.978261
1702 0.978848
1748 0.979405
1794 0.979933
1840 0.980435
1886 0.980912
1932 0.981366
1978 0.9818
2024 0.982213
2070 0.982609
2116 0.982987
2162 0.983349
2208 0.983696
2254 0.984028
2300 0.984348
