39 0.897436
78 0.897436
117 0.777778
156 0.724359
195 0.697436
234 0.65812
273 0.619048
312 0.586538
351 0.561254
390 0.535897
429 0.517483
468 0.502137
507 0.481262
546 0.465201
585 0.451282
624 0.439103
663 0.434389
702 0.424501
741 0.414305
780 0.410256
819 0.407814
858 0.407925
897 0.406912
936 0.400641
975 0.393846
1014 0.38856
1053 0.385565
1092 0.381868
1131 0.378426
1170 0.374359
1209 0.370554
1248 0.366987
1287 0.363636
1326 0.362745
1365 0.36044
1404 0.358974
1443 0.356202
1482 0.354926
1521 0.3524
1560 0.351282
1599 0.348968
1638 0.346764
1677 0.344663
1716 0.342657
1755 0.340741
1794 0.33835
1833 0.336607
1872 0.334936
1911 0.339089
1950 0.339487
