27 0.518519
54 0.425926
81 0.395062
108 0.37963
135 0.362963
162 0.339506
189 0.31746
216 0.300926
243 0.288066
270 0.281481
297 0.272727
324 0.268519
351 0.25641
378 0.251323
405 0.239506
432 0.231481
459 0.224401
486 0.220165
513 0.214425
540 0.209259
567 0.204586
594 0.200337
621 0.193237
648 0.189815
675 0.186667
702 0.183761
729 0.18107
756 0.178571
783 0.176245
810 0.174074
837 0.172043
864 0.170139
891 0.16835
918 0.166667
945 0.165079
972 0.16358
999 0.162162
1026 0.160819
1053 0.159544
1080 0.158333
1107 0.157182
1134 0.156085
1161 0.155039
1188 0.15404
1215 0.153086
1242 0.152174
1269 0.1513
1296 0.150463
1323 0.14966
1350 0.148889
