6 0.5
12 0.416667
18 0.444444
24 0.5
30 0.5
36 0.472222
42 0.5
48 0.479167
54 0.5
60 0.516667
66 0.530303
72 0.513889
78 0.538462
84 0.559524
90 0.588889
96 0.59375
102 0.607843
108 0.601852
114 0.605263
120 0.616667
126 0.634921
132 0.643939
138 0.652174
144 0.666667
150 0.666667
156 0.679487
162 0.691358
168 0.696429
174 0.701149
180 0.705556
186 0.698925
192 0.697917
198 0.70202
204 0.710784
210 0.714286
216 0.722222
222 0.72973
228 0.719298
234 0.713675
240 0.720833
246 0.727642
252 0.730159
258 0.732558
264 0.734848
270 0.737037
276 0.735507
282 0.741135
288 0.746528
294 0.751701
300 0.756667
