3 0.666667
6 0.333333
9 0.222222
12 0.25
15 0.266667
18 0.277778
21 0.333333
24 0.375
27 0.444444
30 0.433333
33 0.424242
36 0.444444
39 0.461538
42 0.5
45 0.511111
48 0.541667
51 0.568627
54 0.592593
57 0.614035
60 0.616667
63 0.619048
66 0.621212
69 0.637681
72 0.638889
75 0.653333
78 0.666667
81 0.679012
84 0.690476
87 0.701149
90 0.711111
93 0.72043
96 0.71875
99 0.727273
102 0.735294
105 0.742857
108 0.75
111 0.756757
114 0.763158
117 0.769231
120 0.775
123 0.780488
126 0.785714
129 0.790698
132 0.795455
135 0.8
138 0.804348
141 0.808511
144 0.8125
147 0.816327
150 0.82
153 0.823529
156 0.826923
159 0.830189
162 0.833333
165 0.836364
168 0.839286
171 0.842105
174 0.844828
177 0.847458
180 0.85
183 0.852459
186 0.854839
189 0.857143
192 0.859375
195 0.861538
