3 0.666667
6 0.333333
9 0.222222
12 0.25
15 0.333333
18 0.333333
21 0.380952
24 0.416667
27 0.481481
30 0.466667
33 0.454545
36 0.472222
39 0.487179
42 0.52381
45 0.533333
48 0.5625
51 0.588235
54 0.611111
57 0.631579
60 0.633333
63 0.650794
66 0.651515
69 0.666667
72 0.680556
75 0.693333
78 0.705128
81 0.716049
84 0.72619
87 0.735632
90 0.744444
93 0.752688
96 0.75
99 0.757576
102 0.764706
105 0.771429
108 0.777778
111 0.783784
114 0.789474
117 0.794872
120 0.8
123 0.804878
126 0.809524
129 0.813953
132 0.818182
135 0.822222
138 0.826087
141 0.829787
144 0.833333
147 0.836735
150 0.84
153 0.843137
156 0.846154
159 0.849057
162 0.851852
165 0.854545
168 0.857143
171 0.859649
174 0.862069
177 0.864407
180 0.866667
183 0.868852
186 0.870968
189 0.873016
192 0.875
195 0.876923
