1 0
2 0
3 0.333333
4 0.25
5 0.2
6 0.166667
7 0.142857
8 0.125
9 0.111111
10 0.1
11 0.0909091
12 0.0833333
13 0.0769231
14 0.0714286
15 0.0666667
16 0.125
17 0.117647
18 0.111111
19 0.157895
20 0.15
21 0.142857
22 0.136364
23 0.130435
24 0.125
25 0.12
26 0.115385
27 0.111111
28 0.107143
29 0.103448
30 0.1
31 0.129032
32 0.125
33 0.121212
34 0.147059
35 0.142857
36 0.138889
37 0.135135
38 0.157895
39 0.153846
40 0.15
41 0.146341
42 0.142857
43 0.139535
44 0.159091
45 0.155556
46 0.152174
47 0.148936
48 0.166667
49 0.163265
50 0.16
51 0.156863
52 0.173077
53 0.188679
54 0.185185
55 0.181818
56 0.178571
57 0.192982
58 0.189655
59 0.186441
60 0.2
