1 0
2 0
3 0.333333
4 0.25
5 0.2
6 0.166667
7 0.142857
8 0.25
9 0.222222
10 0.2
11 0.181818
12 0.166667
13 0.153846
14 0.142857
15 0.133333
16 0.1875
17 0.176471
18 0.166667
19 0.210526
20 0.2
21 0.190476
22 0.181818
23 0.173913
24 0.166667
25 0.16
26 0.192308
27 0.185185
28 0.178571
29 0.172414
30 0.166667
31 0.193548
32 0.1875
33 0.181818
34 0.205882
35 0.2
36 0.194444
37 0.189189
38 0.210526
39 0.205128
40 0.2
41 0.195122
42 0.190476
43 0.186047
44 0.204545
45 0.2
46 0.195652
47 0.191489
48 0.208333
49 0.204082
50 0.2
51 0.196078
52 0.211538
53 0.226415
54 0.222222
55 0.218182
56 0.214286
57 0.22807
58 0.224138
59 0.220339
60 0.233333
