7 0.571429
14 0.785714
21 0.809524
28 0.857143
35 0.857143
42 0.880952
49 0.897959
56 0.892857
63 0.904762
70 0.914286
77 0.922078
84 0.928571
91 0.934066
98 0.938776
105 0.942857
112 0.946429
119 0.94958
126 0.952381
133 0.954887
140 0.957143
147 0.959184
154 0.961039
161 0.962733
168 0.964286
175 0.965714
182 0.967033
189 0.968254
196 0.969388
203 0.970443
210 0.971429
217 0.97235
224 0.973214
231 0.974026
238 0.97479
245 0.97551
252 0.97619
259 0.976834
266 0.977444
273 0.978022
280 0.978571
287 0.979094
294 0.979592
301 0.980066
308 0.980519
315 0.980952
322 0.981366
329 0.981763
336 0.982143
343 0.982507
350 0.982857
