5 0.2
10 0.4
15 0.466667
20 0.55
25 0.64
30 0.7
35 0.714286
40 0.725
45 0.711111
50 0.74
55 0.763636
60 0.783333
65 0.8
70 0.814286
75 0.826667
80 0.8375
85 0.835294
90 0.844444
95 0.852632
100 0.86
105 0.866667
110 0.872727
115 0.878261
120 0.883333
125 0.888
130 0.892308
135 0.896296
140 0.9
145 0.896552
150 0.9
155 0.903226
160 0.90625
165 0.909091
170 0.911765
175 0.914286
180 0.916667
185 0.918919
190 0.921053
195 0.923077
200 0.925
205 0.926829
210 0.928571
215 0.930233
220 0.931818
225 0.933333
230 0.934783
235 0.93617
240 0.9375
245 0.938776
250 0.94
255 0.941176
260 0.942308
265 0.943396
270 0.944444
275 0.945455
280 0.946429
285 0.947368
