46 0.456522
92 0.576087
138 0.623188
184 0.679348
230 0.717391
276 0.735507
322 0.751553
368 0.771739
414 0.780193
460 0.784783
506 0.794466
552 0.804348
598 0.799331
644 0.801242
690 0.805797
736 0.8125
782 0.818414
828 0.823671
874 0.829519
920 0.831522
966 0.832298
1012 0.835968
1058 0.835539
1104 0.836051
1150 0.838261
1196 0.840301
1242 0.8438
1288 0.847826
1334 0.848576
1380 0.85
1426 0.852735
1472 0.856658
1518 0.85639
1564 0.856138
1610 0.855901
1656 0.855676
1702 0.854877
1748 0.855263
1794 0.85563
1840 0.854348
1886 0.851538
1932 0.850932
1978 0.850354
2024 0.850791
2070 0.848792
2116 0.848771
2162 0.848751
2208 0.848732
2254 0.847382
2300 0.847391
