3 0.666667
6 0.833333
9 0.888889
12 0.916667
15 0.933333
18 0.944444
21 0.952381
24 0.958333
27 0.962963
30 0.966667
33 0.969697
36 0.972222
39 0.974359
42 0.97619
45 0.977778
48 0.979167
51 0.960784
54 0.944444
57 0.947368
60 0.933333
63 0.936508
66 0.939394
69 0.942029
72 0.944444
75 0.946667
78 0.948718
81 0.950617
84 0.952381
87 0.954023
90 0.955556
93 0.956989
96 0.958333
99 0.959596
102 0.941176
105 0.942857
108 0.935185
111 0.936937
114 0.938596
117 0.940171
120 0.925
123 0.926829
126 0.928571
129 0.930233
132 0.931818
135 0.918519
138 0.92029
141 0.921986
144 0.923611
147 0.92517
150 0.926667
