2 0
4 0
6 0.166667
8 0.125
10 0.2
12 0.25
14 0.285714
16 0.25
18 0.277778
20 0.25
22 0.272727
24 0.333333
26 0.307692
28 0.285714
30 0.3
32 0.34375
34 0.352941
36 0.388889
38 0.394737
40 0.425
42 0.404762
44 0.386364
46 0.413043
48 0.416667
50 0.4
52 0.384615
54 0.37037
56 0.375
58 0.362069
60 0.35
62 0.354839
64 0.34375
66 0.333333
68 0.323529
70 0.314286
72 0.305556
74 0.297297
76 0.289474
78 0.307692
80 0.3
82 0.304878
84 0.309524
86 0.302326
88 0.306818
90 0.3
92 0.304348
94 0.297872
96 0.291667
98 0.295918
100 0.3
102 0.303922
104 0.317308
106 0.320755
108 0.333333
110 0.336364
112 0.339286
114 0.342105
116 0.353448
118 0.355932
120 0.358333
122 0.368852
124 0.362903
126 0.357143
128 0.359375
130 0.361538
132 0.371212
134 0.373134
136 0.382353
