2 0
4 0
6 0
8 0
10 0.1
12 0.166667
14 0.214286
16 0.1875
18 0.222222
20 0.2
22 0.181818
24 0.208333
26 0.230769
28 0.25
30 0.233333
32 0.25
34 0.264706
36 0.277778
38 0.289474
40 0.3
42 0.285714
44 0.295455
46 0.304348
48 0.291667
50 0.28
52 0.269231
54 0.259259
56 0.285714
58 0.275862
60 0.266667
62 0.258065
64 0.25
66 0.242424
68 0.235294
70 0.228571
72 0.222222
74 0.22973
76 0.236842
78 0.24359
80 0.2375
82 0.231707
84 0.22619
86 0.22093
88 0.215909
90 0.211111
92 0.206522
94 0.202128
96 0.197917
98 0.193878
100 0.19
102 0.186275
104 0.182692
106 0.179245
108 0.175926
110 0.172727
112 0.178571
114 0.175439
116 0.172414
118 0.169492
120 0.166667
122 0.163934
124 0.16129
126 0.15873
128 0.15625
130 0.153846
132 0.151515
134 0.156716
136 0.154412
