2 0
4 0
6 0
8 0
10 0
12 0
14 0.0714286
16 0.0625
18 0.0555556
20 0.05
22 0.0454545
24 0.0833333
26 0.0769231
28 0.0714286
30 0.0666667
32 0.09375
34 0.0882353
36 0.0833333
38 0.0789474
40 0.125
42 0.166667
44 0.204545
46 0.217391
48 0.25
50 0.28
52 0.269231
54 0.296296
56 0.303571
58 0.293103
60 0.3
62 0.306452
64 0.328125
66 0.348485
68 0.338235
70 0.357143
72 0.361111
74 0.378378
76 0.394737
78 0.397436
80 0.4
82 0.402439
84 0.416667
86 0.430233
88 0.431818
90 0.444444
92 0.456522
94 0.457447
96 0.447917
98 0.459184
100 0.46
102 0.460784
104 0.471154
106 0.471698
108 0.472222
