3 0.666667
6 0.666667
9 0.666667
12 0.583333
15 0.6
18 0.611111
21 0.52381
24 0.583333
27 0.62963
30 0.666667
33 0.69697
36 0.694444
39 0.641026
42 0.595238
45 0.555556
48 0.541667
51 0.529412
54 0.537037
57 0.508772
60 0.5
63 0.47619
66 0.454545
69 0.434783
72 0.430556
75 0.413333
78 0.423077
81 0.407407
84 0.392857
87 0.37931
90 0.366667
93 0.365591
96 0.354167
99 0.363636
102 0.362745
105 0.352381
108 0.351852
111 0.351351
114 0.342105
117 0.350427
120 0.35
123 0.341463
126 0.333333
129 0.333333
132 0.333333
135 0.325926
138 0.326087
141 0.319149
144 0.3125
147 0.306122
150 0.3
153 0.300654
156 0.301282
159 0.301887
162 0.296296
165 0.290909
168 0.285714
171 0.280702
174 0.293103
177 0.293785
180 0.305556
183 0.306011
186 0.317204
189 0.322751
