3 0.666667
6 0.333333
9 0.222222
12 0.25
15 0.2
18 0.222222
21 0.285714
24 0.291667
27 0.333333
30 0.3
33 0.272727
36 0.25
39 0.230769
42 0.214286
45 0.222222
48 0.229167
51 0.235294
54 0.259259
57 0.263158
60 0.266667
63 0.285714
66 0.30303
69 0.333333
72 0.333333
75 0.346667
78 0.333333
81 0.320988
84 0.321429
87 0.321839
90 0.322222
93 0.322581
96 0.333333
99 0.343434
102 0.362745
105 0.371429
108 0.37037
111 0.378378
114 0.394737
117 0.410256
120 0.416667
123 0.414634
126 0.412698
129 0.403101
132 0.409091
135 0.414815
138 0.427536
141 0.432624
144 0.4375
147 0.442177
150 0.446667
153 0.45098
156 0.461538
159 0.459119
162 0.469136
165 0.472727
168 0.482143
171 0.491228
174 0.494253
177 0.497175
180 0.505556
183 0.513661
186 0.521505
189 0.529101
192 0.536458
195 0.54359
