6 0
12 0
18 0.0555556
24 0.125
30 0.166667
36 0.138889
42 0.142857
48 0.125
54 0.148148
60 0.166667
66 0.181818
72 0.180556
78 0.192308
84 0.190476
90 0.188889
96 0.177083
102 0.176471
108 0.185185
114 0.184211
120 0.183333
126 0.18254
132 0.189394
138 0.188406
144 0.1875
150 0.186667
156 0.185897
162 0.179012
168 0.172619
174 0.183908
180 0.183333
186 0.177419
192 0.1875
198 0.181818
204 0.176471
210 0.180952
216 0.175926
222 0.18018
228 0.179825
234 0.183761
240 0.179167
246 0.174797
252 0.170635
258 0.166667
264 0.166667
270 0.162963
276 0.163043
282 0.159574
288 0.15625
294 0.153061
300 0.15
