1 0
2 0
3 0.333333
4 0.25
5 0.2
6 0.166667
7 0.142857
8 0.125
9 0.111111
10 0.1
11 0.0909091
12 0.0833333
13 0.0769231
14 0.142857
15 0.133333
16 0.125
17 0.117647
18 0.111111
19 0.105263
20 0.1
21 0.142857
22 0.136364
23 0.173913
24 0.208333
25 0.24
26 0.269231
27 0.259259
28 0.25
29 0.241379
30 0.233333
31 0.225806
32 0.21875
33 0.242424
34 0.235294
35 0.228571
36 0.222222
37 0.216216
38 0.236842
39 0.230769
40 0.225
41 0.243902
42 0.238095
43 0.232558
44 0.227273
45 0.222222
46 0.217391
47 0.212766
48 0.208333
49 0.204082
50 0.2
51 0.196078
52 0.192308
53 0.188679
54 0.185185
55 0.2
56 0.214286
57 0.210526
58 0.206897
59 0.20339
60 0.2
61 0.213115
62 0.209677
63 0.206349
64 0.203125
65 0.2
66 0.19697
67 0.19403
68 0.191176
69 0.188406
70 0.185714
71 0.183099
72 0.180556
73 0.178082
74 0.175676
75 0.173333
76 0.171053
77 0.168831
78 0.166667
79 0.177215
80 0.175
81 0.185185
82 0.182927
83 0.180723
84 0.190476
85 0.188235
86 0.197674
87 0.195402
88 0.193182
89 0.191011
90 0.188889
91 0.186813
92 0.184783
93 0.182796
