3 0.666667
6 0.666667
9 0.666667
12 0.75
15 0.733333
18 0.777778
21 0.809524
24 0.833333
27 0.851852
30 0.866667
33 0.878788
36 0.888889
39 0.846154
42 0.857143
45 0.844444
48 0.854167
51 0.862745
54 0.87037
57 0.842105
60 0.833333
63 0.809524
66 0.787879
69 0.768116
72 0.777778
75 0.786667
78 0.794872
81 0.802469
84 0.809524
87 0.804598
90 0.8
93 0.795699
96 0.791667
99 0.79798
102 0.803922
105 0.809524
108 0.814815
111 0.81982
114 0.824561
117 0.82906
120 0.833333
123 0.821138
126 0.825397
129 0.821705
132 0.825758
135 0.82963
138 0.833333
141 0.836879
144 0.840278
147 0.843537
150 0.846667
153 0.849673
156 0.852564
159 0.855346
162 0.858025
165 0.860606
168 0.863095
171 0.865497
174 0.867816
177 0.870056
180 0.872222
183 0.874317
186 0.876344
189 0.878307
