7 0.571429
14 0.785714
21 0.857143
28 0.892857
35 0.914286
42 0.928571
49 0.938776
56 0.946429
63 0.952381
70 0.957143
77 0.961039
84 0.964286
91 0.967033
98 0.969388
105 0.971429
112 0.973214
119 0.97479
126 0.97619
133 0.977444
140 0.978571
147 0.979592
154 0.980519
161 0.981366
168 0.982143
175 0.982857
182 0.983516
189 0.984127
196 0.984694
203 0.985222
210 0.985714
217 0.986175
224 0.986607
231 0.987013
238 0.987395
245 0.987755
252 0.988095
259 0.988417
266 0.988722
273 0.989011
280 0.989286
287 0.989547
294 0.989796
301 0.990033
308 0.99026
315 0.990476
322 0.990683
329 0.990881
336 0.991071
343 0.991254
350 0.991429
357 0.991597
364 0.991758
