SHARED-CM1
TRUE, 0, 0, 18, 2, 0.1, 0.1, 1.0, 1.0, 0.115384616, 0.7826087
FALSE, 2, 18, 0, 0, 0.1, 0.0, 0.0, 0.0, 0.21428572, 0.09090909
TRUE, 9, 1, 8, 2, 0.55, 0.2, 0.6666667, 0.47058824, 0.29333332, 0.55172414
FALSE, 2, 8, 1, 9, 0.55, 0.9, 0.5294118, 0.33333334, 0.6827586, 0.4090909
TRUE, 18, 1, 0, 1, 0.95, 1.0, 0.5, 0.0, 0.6440678, 0.0952381
FALSE, 1, 0, 1, 18, 0.95, 0.94736844, 1.0, 0.5, 0.9255751, 0.6545454
TRUE, 3, 0, 16, 1, 0.2, 0.05882353, 1.0, 0.84210527, 0.08988764, 0.627451
FALSE, 1, 16, 0, 3, 0.2, 1.0, 0.15789473, 0.0, 0.30379745, 0.24
TRUE, 7, 0, 11, 2, 0.45, 0.15384616, 1.0, 0.6111111, 0.2264151, 0.6376812
FALSE, 2, 11, 0, 7, 0.45, 1.0, 0.3888889, 0.0, 0.5753425, 0.35897437

SHARED-KC1
TRUE, 16, 1, 55, 13, 0.34117648, 0.19117647, 0.9285714, 0.7746479, 0.24504387, 0.84465444
FALSE, 13, 55, 1, 16, 0.34117648, 0.9411765, 0.22535211, 0.071428575, 0.5008095, 0.108474575
TRUE, 34, 1, 39, 11, 0.5294118, 0.22, 0.9166667, 0.53424656, 0.31083202, 0.675059
FALSE, 11, 39, 1, 34, 0.5294118, 0.9714286, 0.46575344, 0.083333336, 0.68533033, 0.14137214
TRUE, 32, 1, 41, 11, 0.5058824, 0.21153846, 0.9166667, 0.56164384, 0.2983286, 0.6965251
FALSE, 11, 41, 1, 32, 0.5058824, 0.969697, 0.43835616, 0.083333336, 0.6648949, 0.14004377
TRUE, 39, 1, 33, 12, 0.6, 0.26666668, 0.9230769, 0.45833334, 0.36923078, 0.612529
FALSE, 12, 33, 1, 39, 0.6, 0.975, 0.5416667, 0.07692308, 0.74285716, 0.13471502
TRUE, 27, 1, 39, 18, 0.5294118, 0.31578946, 0.94736844, 0.59090906, 0.3956044, 0.7278383
FALSE, 18, 39, 1, 27, 0.5294118, 0.96428573, 0.4090909, 0.05263158, 0.6835443, 0.09326425

SHARED-KC2
TRUE, 3, 0, 13, 5, 0.3809524, 0.2777778, 1.0, 0.8125, 0.31496063, 0.8227848
FALSE, 5, 13, 0, 3, 0.3809524, 1.0, 0.1875, 0.0, 0.48979592, 0.1764706
TRUE, 6, 1, 11, 3, 0.42857143, 0.21428572, 0.75, 0.64705884, 0.2857143, 0.69473684
FALSE, 3, 11, 1, 6, 0.42857143, 0.85714287, 0.3529412, 0.25, 0.5714286, 0.29268292
TRUE, 5, 0, 12, 4, 0.42857143, 0.25, 1.0, 0.7058824, 0.31034482, 0.75
FALSE, 4, 12, 0, 5, 0.42857143, 1.0, 0.29411766, 0.0, 0.5487805, 0.23809524
TRUE, 6, 1, 11, 3, 0.42857143, 0.21428572, 0.75, 0.64705884, 0.2857143, 0.69473684
FALSE, 3, 11, 1, 6, 0.42857143, 0.85714287, 0.3529412, 0.25, 0.5714286, 0.29268292
TRUE, 7, 3, 7, 4, 0.52380955, 0.36363637, 0.5714286, 0.5, 0.4292683, 0.53333336
FALSE, 4, 7, 3, 7, 0.52380955, 0.7, 0.5, 0.42857143, 0.59922177, 0.46153846

SHARED-KC3
TRUE, 5, 0, 13, 1, 0.31578946, 0.071428575, 1.0, 0.7222222, 0.115384616, 0.59090906
FALSE, 1, 13, 0, 5, 0.31578946, 1.0, 0.2777778, 0.0, 0.44117647, 0.35714287
TRUE, 6, 0, 12, 1, 0.36842105, 0.07692308, 1.0, 0.6666667, 0.12612613, 0.5714286
FALSE, 1, 12, 0, 6, 0.36842105, 1.0, 0.33333334, 0.0, 0.49704143, 0.4
TRUE, 1, 0, 16, 2, 0.15789473, 0.11111111, 1.0, 0.9411765, 0.12765957, 0.7804878
FALSE, 2, 16, 0, 1, 0.15789473, 1.0, 0.05882353, 0.0, 0.23076923, 0.1
TRUE, 7, 0, 10, 2, 0.47368422, 0.16666667, 1.0, 0.5882353, 0.24324325, 0.625
FALSE, 2, 10, 0, 7, 0.47368422, 1.0, 0.4117647, 0.0, 0.5943396, 0.36842105
TRUE, 1, 0, 16, 2, 0.15789473, 0.11111111, 1.0, 0.9411765, 0.12765957, 0.7804878
FALSE, 2, 16, 0, 1, 0.15789473, 1.0, 0.05882353, 0.0, 0.23076923, 0.1

SHARED-MW1
TRUE, 2, 1, 13, 0, 0.125, 0.0, 0.0, 0.8666667, 0.10169491, 0.63414633
FALSE, 0, 13, 1, 2, 0.125, 0.6666667, 0.13333334, 1.0, 0.27906978, 0.21052632
TRUE, 9, 1, 6, 0, 0.5625, 0.0, 0.0, 0.4, 0.22988506, 0.44444445
FALSE, 0, 6, 1, 9, 0.5625, 0.9, 0.6, 1.0, 0.71146244, 0.54545456
TRUE, 6, 1, 10, 0, 0.3529412, 0.0, 0.0, 0.625, 0.14736842, 0.5555556
FALSE, 0, 10, 1, 6, 0.3529412, 0.85714287, 0.375, 1.0, 0.53503186, 0.42857143
TRUE, 5, 0, 10, 2, 0.4117647, 0.16666667, 1.0, 0.6666667, 0.23333333, 0.6666667
FALSE, 2, 10, 0, 5, 0.4117647, 1.0, 0.33333334, 0.0, 0.530303, 0.33333334
TRUE, 7, 0, 9, 1, 0.47058824, 0.1, 1.0, 0.5625, 0.1632653, 0.5294118
FALSE, 1, 9, 0, 7, 0.47058824, 1.0, 0.4375, 0.0, 0.58947366, 0.46666667

SHARED-MC2
TRUE, 0, 0, 3, 4, 0.5714286, 0.5714286, 1.0, 1.0, 0.5633803, 0.7741935
FALSE, 4, 3, 0, 0, 0.5714286, 0.0, 0.0, 0.0, 0.5263158, 0.22222222
TRUE, 0, 0, 5, 2, 0.2857143, 0.2857143, 1.0, 1.0, 0.30769232, 0.7407407
FALSE, 2, 5, 0, 0, 0.2857143, 0.0, 0.0, 0.0, 0.4, 0.22222222
TRUE, 0, 0, 4, 3, 0.42857143, 0.42857143, 1.0, 1.0, 0.43636364, 0.7741935
FALSE, 3, 4, 0, 0, 0.42857143, 0.0, 0.0, 0.0, 0.47058824, 0.22222222
TRUE, 1, 2, 4, 0, 0.14285715, 0.0, 0.0, 0.8, 0.22222222, 0.47058824
FALSE, 0, 4, 2, 1, 0.14285715, 0.33333334, 0.2, 1.0, 0.2857143, 0.30769232
TRUE, 2, 0, 3, 2, 0.5714286, 0.4, 1.0, 0.6, 0.44444445, 0.6315789
FALSE, 2, 3, 0, 2, 0.5714286, 1.0, 0.4, 0.0, 0.5714286, 0.36363637

SHARED-PC1
TRUE, 0, 0, 45, 0, 0.0, 0.0, 0.0, 1.0, 0.028571429, 0.6617647
FALSE, 0, 45, 0, 0, 0.0, 0.0, 0.0, 0.0, 0.07692308, 0.041666668
TRUE, 30, 1, 14, 0, 0.6666667, 0.0, 0.0, 0.3181818, 0.12133072, 0.3888889
FALSE, 0, 14, 1, 30, 0.6666667, 0.9677419, 0.6818182, 1.0, 0.79453224, 0.5769231
TRUE, 2, 0, 40, 3, 0.11111111, 0.069767445, 1.0, 0.95238096, 0.08498584, 0.83916086
FALSE, 3, 40, 0, 2, 0.11111111, 1.0, 0.04761905, 0.0, 0.18691589, 0.08
TRUE, 5, 0, 36, 4, 0.2, 0.1, 1.0, 0.8780488, 0.13235295, 0.8372093
FALSE, 4, 36, 0, 5, 0.2, 1.0, 0.12195122, 0.0, 0.31690142, 0.15151516
TRUE, 2, 1, 39, 3, 0.11111111, 0.071428575, 0.75, 0.9512195, 0.08695652, 0.83870965
FALSE, 3, 39, 1, 2, 0.11111111, 0.6666667, 0.048780486, 0.25, 0.1904762, 0.08163265

AR3
TRUE, 0, 0, 3, 0, 0.0, 0.0, 0.0, 1.0, 0.2857143, 0.6
FALSE, 0, 3, 0, 0, 0.0, 0.0, 0.0, 0.0, 0.4, 0.33333334
TRUE, 0, 0, 3, 0, 0.0, 0.0, 0.0, 1.0, 0.2857143, 0.6
FALSE, 0, 3, 0, 0, 0.0, 0.0, 0.0, 0.0, 0.4, 0.33333334
TRUE, 1, 0, 2, 0, 0.33333334, 0.0, 0.0, 0.6666667, 0.36363637, 0.5714286
FALSE, 0, 2, 0, 1, 0.33333334, 1.0, 0.33333334, 0.0, 0.44444445, 0.4
TRUE, 2, 0, 1, 0, 0.6666667, 0.0, 0.0, 0.33333334, 0.54545456, 0.4
FALSE, 0, 1, 0, 2, 0.6666667, 1.0, 0.6666667, 0.0, 0.6315789, 0.5714286
TRUE, 0, 0, 2, 1, 0.33333334, 0.33333334, 1.0, 1.0, 0.36363637, 0.5714286
FALSE, 1, 2, 0, 0, 0.33333334, 0.0, 0.0, 0.0, 0.44444445, 0.4

AR4
TRUE, 4, 0, 1, 0, 0.8, 0.0, 0.0, 0.2, 0.5882353, 0.2857143
FALSE, 0, 1, 0, 4, 0.8, 1.0, 0.8, 0.0, 0.754717, 0.61538464
TRUE, 5, 0, 0, 0, 1.0, 0.0, 0.0, 0.0, 0.6, 0.25
FALSE, 0, 0, 0, 5, 1.0, 1.0, 1.0, 0.0, 0.7894737, 0.625
TRUE, 4, 1, 0, 0, 0.8, 0.0, 0.0, 0.0, 0.5882353, 0.2857143
FALSE, 0, 0, 1, 4, 0.8, 0.8, 1.0, 1.0, 0.754717, 0.61538464
TRUE, 3, 2, 0, 0, 0.6, 0.0, 0.0, 0.0, 0.53333336, 0.2857143
FALSE, 0, 0, 2, 3, 0.6, 0.6, 1.0, 1.0, 0.58536583, 0.7058824
TRUE, 4, 1, 0, 0, 0.8, 0.0, 0.0, 0.0, 0.5882353, 0.2857143
FALSE, 0, 0, 1, 4, 0.8, 0.8, 1.0, 1.0, 0.754717, 0.61538464

AR5
TRUE, 1, 1, 0, 0, 0.5, 0.0, 0.0, 0.0, 0.5, 0.5
FALSE, 0, 0, 1, 1, 0.5, 0.5, 1.0, 1.0, 0.5, 0.5
TRUE, 1, 1, 0, 0, 0.5, 0.0, 0.0, 0.0, 0.5, 0.5
FALSE, 0, 0, 1, 1, 0.5, 0.5, 1.0, 1.0, 0.5, 0.5
TRUE, 2, 0, 0, 0, 1.0, 0.0, 0.0, 0.0, 0.54545456, 0.4
FALSE, 0, 0, 0, 2, 1.0, 1.0, 1.0, 0.0, 0.6315789, 0.5714286
TRUE, 1, 1, 0, 0, 0.5, 0.0, 0.0, 0.0, 0.5, 0.5
FALSE, 0, 0, 1, 1, 0.5, 0.5, 1.0, 1.0, 0.5, 0.5
TRUE, 1, 1, 0, 0, 0.5, 0.0, 0.0, 0.0, 0.5, 0.5
FALSE, 0, 0, 1, 1, 0.5, 0.5, 1.0, 1.0, 0.5, 0.5

