SHARED-CM1
TRUE, 16, 3, 1, 0, 0.8, 0.0, 0.0, 0.05882353, 0.6181818, 0.0952381
FALSE, 0, 1, 3, 16, 0.8, 0.84210527, 0.9411765, 1.0, 0.82549316, 0.8347826
TRUE, 16, 4, 0, 0, 0.8, 0.0, 0.0, 0.0, 0.60714287, 0.09090909
FALSE, 0, 0, 4, 16, 0.8, 0.8, 1.0, 1.0, 0.78612715, 0.8648649
TRUE, 16, 4, 0, 0, 0.8, 0.0, 0.0, 0.0, 0.60714287, 0.09090909
FALSE, 0, 0, 4, 16, 0.8, 0.8, 1.0, 1.0, 0.78612715, 0.8648649
TRUE, 18, 1, 1, 0, 0.9, 0.0, 0.0, 0.05263158, 0.6440678, 0.0952381
FALSE, 0, 1, 1, 18, 0.9, 0.94736844, 0.94736844, 1.0, 0.9255751, 0.6545454
TRUE, 17, 3, 0, 0, 0.85, 0.0, 0.0, 0.0, 0.62068963, 0.09090909
FALSE, 0, 0, 3, 17, 0.85, 0.85, 1.0, 1.0, 0.83378744, 0.8360656

SHARED-KC1
TRUE, 61, 4, 14, 6, 0.7882353, 0.3, 0.6, 0.18666667, 0.4345946, 0.28474575
FALSE, 6, 14, 4, 61, 0.7882353, 0.93846154, 0.81333333, 0.4, 0.85681343, 0.53626376
TRUE, 55, 5, 17, 8, 0.7411765, 0.32, 0.61538464, 0.2361111, 0.44700664, 0.3412798
FALSE, 8, 17, 5, 55, 0.7411765, 0.9166667, 0.7638889, 0.3846154, 0.81963336, 0.5116279
TRUE, 61, 6, 11, 7, 0.8, 0.3888889, 0.53846157, 0.15277778, 0.5233645, 0.23802164
FALSE, 7, 11, 6, 61, 0.8, 0.9104478, 0.8472222, 0.46153846, 0.8516579, 0.59755105
TRUE, 62, 4, 12, 7, 0.8117647, 0.36842105, 0.6363636, 0.16216215, 0.50682056, 0.25846153
FALSE, 7, 12, 4, 62, 0.8117647, 0.93939394, 0.8378378, 0.36363637, 0.87092835, 0.50715744
TRUE, 52, 10, 13, 10, 0.7294118, 0.4347826, 0.5, 0.2, 0.5448155, 0.2857143
FALSE, 10, 13, 10, 52, 0.7294118, 0.83870965, 0.8, 0.5, 0.7802517, 0.61538464

SHARED-KC2
TRUE, 9, 3, 8, 1, 0.47619048, 0.11111111, 0.25, 0.47058824, 0.18018018, 0.3265306
FALSE, 1, 8, 3, 9, 0.47619048, 0.75, 0.5294118, 0.75, 0.5825243, 0.62068963
TRUE, 12, 3, 3, 3, 0.71428573, 0.5, 0.5, 0.2, 0.5882353, 0.2857143
FALSE, 3, 3, 3, 12, 0.71428573, 0.8, 0.8, 0.5, 0.754717, 0.61538464
TRUE, 15, 1, 2, 3, 0.85714287, 0.6, 0.75, 0.11764706, 0.7058824, 0.20338982
FALSE, 3, 2, 1, 15, 0.85714287, 0.9375, 0.88235295, 0.25, 0.8955224, 0.38961038
TRUE, 15, 0, 2, 4, 0.9047619, 0.6666667, 1.0, 0.11764706, 0.75247526, 0.20512821
FALSE, 4, 2, 0, 15, 0.9047619, 1.0, 0.88235295, 0.0, 0.89905363, 0.32608697
TRUE, 15, 2, 3, 1, 0.7619048, 0.25, 0.33333334, 0.16666667, 0.3764706, 0.22222222
FALSE, 1, 3, 2, 15, 0.7619048, 0.88235295, 0.8333333, 0.6666667, 0.8177172, 0.7407407

SHARED-KC3
TRUE, 18, 0, 0, 1, 1.0, 1.0, 1.0, 0.0, 0.6440678, 0.0952381
FALSE, 1, 0, 0, 18, 1.0, 1.0, 1.0, 0.0, 0.9255751, 0.6545454
TRUE, 15, 1, 2, 1, 0.84210527, 0.33333334, 0.5, 0.11764706, 0.47761193, 0.1904762
FALSE, 1, 2, 1, 15, 0.84210527, 0.9375, 0.88235295, 0.5, 0.88724583, 0.63829786
TRUE, 15, 2, 2, 0, 0.7894737, 0.0, 0.0, 0.11764706, 0.47058824, 0.17391305
FALSE, 0, 2, 2, 15, 0.7894737, 0.88235295, 0.88235295, 1.0, 0.83916086, 0.75949365
TRUE, 17, 2, 0, 0, 0.8947368, 0.0, 0.0, 0.0, 0.6315789, 0.0952381
FALSE, 0, 0, 2, 17, 0.8947368, 0.8947368, 1.0, 1.0, 0.8755365, 0.7816092
TRUE, 18, 0, 0, 1, 1.0, 1.0, 1.0, 0.0, 0.6440678, 0.0952381
FALSE, 1, 0, 0, 18, 1.0, 1.0, 1.0, 0.0, 0.9255751, 0.6545454

SHARED-MW1
TRUE, 14, 1, 1, 0, 0.875, 0.0, 0.0, 0.06666667, 0.63829786, 0.11764706
FALSE, 0, 1, 1, 14, 0.875, 0.93333334, 0.93333334, 1.0, 0.90712744, 0.6511628
TRUE, 15, 1, 0, 0, 0.9375, 0.0, 0.0, 0.0, 0.64, 0.11111111
FALSE, 0, 0, 1, 15, 0.9375, 0.9375, 1.0, 1.0, 0.9125475, 0.65217394
TRUE, 16, 1, 0, 0, 0.9411765, 0.0, 0.0, 0.0, 0.6415094, 0.10526316
FALSE, 0, 0, 1, 16, 0.9411765, 0.9411765, 1.0, 1.0, 0.9173693, 0.6530612
TRUE, 16, 1, 0, 0, 0.9411765, 0.0, 0.0, 0.0, 0.6415094, 0.10526316
FALSE, 0, 0, 1, 16, 0.9411765, 0.9411765, 1.0, 1.0, 0.9173693, 0.6530612
TRUE, 14, 3, 0, 0, 0.8235294, 0.0, 0.0, 0.0, 0.6122449, 0.10526316
FALSE, 0, 0, 3, 14, 0.8235294, 0.8235294, 1.0, 1.0, 0.80614203, 0.83168316

SHARED-MC2
TRUE, 5, 0, 1, 1, 0.85714287, 0.5, 1.0, 0.16666667, 0.6, 0.25
FALSE, 1, 1, 0, 5, 0.85714287, 1.0, 0.8333333, 0.0, 0.7894737, 0.625
TRUE, 3, 1, 2, 1, 0.5714286, 0.33333334, 0.5, 0.4, 0.42105263, 0.44444445
FALSE, 1, 2, 1, 3, 0.5714286, 0.75, 0.6, 0.5, 0.6486486, 0.54545456
TRUE, 4, 3, 0, 0, 0.5714286, 0.0, 0.0, 0.0, 0.5263158, 0.22222222
FALSE, 0, 0, 3, 4, 0.5714286, 0.5714286, 1.0, 1.0, 0.5633803, 0.7741935
TRUE, 3, 4, 0, 0, 0.42857143, 0.0, 0.0, 0.0, 0.47058824, 0.22222222
FALSE, 0, 0, 4, 3, 0.42857143, 0.42857143, 1.0, 1.0, 0.43636364, 0.7741935
TRUE, 4, 1, 0, 2, 0.85714287, 1.0, 0.6666667, 0.0, 0.7058824, 0.30769232
FALSE, 2, 0, 1, 4, 0.85714287, 0.8, 1.0, 0.33333334, 0.7741935, 0.47058824

SHARED-PC1
TRUE, 43, 2, 0, 0, 0.95555556, 0.0, 0.0, 0.0, 0.65185183, 0.04255319
FALSE, 0, 0, 2, 43, 0.95555556, 0.95555556, 1.0, 1.0, 0.9457636, 0.79262674
TRUE, 41, 4, 0, 0, 0.9111111, 0.0, 0.0, 0.0, 0.64122134, 0.04255319
FALSE, 0, 0, 4, 41, 0.9111111, 0.9111111, 1.0, 1.0, 0.90227926, 0.87935656
TRUE, 42, 3, 0, 0, 0.93333334, 0.0, 0.0, 0.0, 0.6466165, 0.04255319
FALSE, 0, 0, 3, 42, 0.93333334, 0.93333334, 1.0, 1.0, 0.9240215, 0.8484849
TRUE, 43, 2, 0, 0, 0.95555556, 0.0, 0.0, 0.0, 0.65185183, 0.04255319
FALSE, 0, 0, 2, 43, 0.95555556, 0.95555556, 1.0, 1.0, 0.9457636, 0.79262674
TRUE, 39, 4, 2, 0, 0.8666667, 0.0, 0.0, 0.048780486, 0.48192772, 0.078431375
FALSE, 0, 2, 4, 39, 0.8666667, 0.90697676, 0.9512195, 1.0, 0.88787705, 0.8690808

AR3
TRUE, 2, 1, 0, 0, 0.6666667, 0.0, 0.0, 0.0, 0.54545456, 0.4
FALSE, 0, 0, 1, 2, 0.6666667, 0.6666667, 1.0, 1.0, 0.6315789, 0.5714286
TRUE, 3, 0, 0, 0, 1.0, 0.0, 0.0, 0.0, 0.5714286, 0.33333334
FALSE, 0, 0, 0, 3, 1.0, 1.0, 1.0, 0.0, 0.7058824, 0.6
TRUE, 3, 0, 0, 0, 1.0, 0.0, 0.0, 0.0, 0.5714286, 0.33333334
FALSE, 0, 0, 0, 3, 1.0, 1.0, 1.0, 0.0, 0.7058824, 0.6
TRUE, 2, 1, 0, 0, 0.6666667, 0.0, 0.0, 0.0, 0.54545456, 0.4
FALSE, 0, 0, 1, 2, 0.6666667, 0.6666667, 1.0, 1.0, 0.6315789, 0.5714286
TRUE, 2, 1, 0, 0, 0.6666667, 0.0, 0.0, 0.0, 0.54545456, 0.4
FALSE, 0, 0, 1, 2, 0.6666667, 0.6666667, 1.0, 1.0, 0.6315789, 0.5714286

AR4
TRUE, 5, 0, 0, 0, 1.0, 0.0, 0.0, 0.0, 0.6, 0.25
FALSE, 0, 0, 0, 5, 1.0, 1.0, 1.0, 0.0, 0.7894737, 0.625
TRUE, 4, 0, 0, 1, 1.0, 1.0, 1.0, 0.0, 0.5882353, 0.2857143
FALSE, 1, 0, 0, 4, 1.0, 1.0, 1.0, 0.0, 0.754717, 0.61538464
TRUE, 5, 0, 0, 0, 1.0, 0.0, 0.0, 0.0, 0.6, 0.25
FALSE, 0, 0, 0, 5, 1.0, 1.0, 1.0, 0.0, 0.7894737, 0.625
TRUE, 4, 1, 0, 0, 0.8, 0.0, 0.0, 0.0, 0.5882353, 0.2857143
FALSE, 0, 0, 1, 4, 0.8, 0.8, 1.0, 1.0, 0.754717, 0.61538464
TRUE, 3, 1, 1, 0, 0.6, 0.0, 0.0, 0.25, 0.5714286, 0.33333334
FALSE, 0, 1, 1, 3, 0.6, 0.75, 0.75, 1.0, 0.7058824, 0.6

AR5
TRUE, 2, 0, 0, 0, 1.0, 0.0, 0.0, 0.0, 0.54545456, 0.4
FALSE, 0, 0, 0, 2, 1.0, 1.0, 1.0, 0.0, 0.6315789, 0.5714286
TRUE, 2, 0, 0, 0, 1.0, 0.0, 0.0, 0.0, 0.54545456, 0.4
FALSE, 0, 0, 0, 2, 1.0, 1.0, 1.0, 0.0, 0.6315789, 0.5714286
TRUE, 1, 1, 0, 0, 0.5, 0.0, 0.0, 0.0, 0.5, 0.5
FALSE, 0, 0, 1, 1, 0.5, 0.5, 1.0, 1.0, 0.5, 0.5
TRUE, 2, 0, 0, 0, 1.0, 0.0, 0.0, 0.0, 0.54545456, 0.4
FALSE, 0, 0, 0, 2, 1.0, 1.0, 1.0, 0.0, 0.6315789, 0.5714286
TRUE, 2, 0, 0, 0, 1.0, 0.0, 0.0, 0.0, 0.54545456, 0.4
FALSE, 0, 0, 0, 2, 1.0, 1.0, 1.0, 0.0, 0.6315789, 0.5714286

