SHARED-CM1
TRUE, 18, 2, 0, 0, 0.9, 0.0, 0.0, 0.0, 0.6333333, 0.09090909
FALSE, 0, 0, 2, 18, 0.9, 0.9, 1.0, 1.0, 0.8814433, 0.7826087
TRUE, 18, 2, 0, 0, 0.9, 0.0, 0.0, 0.0, 0.6333333, 0.09090909
FALSE, 0, 0, 2, 18, 0.9, 0.9, 1.0, 1.0, 0.8814433, 0.7826087
TRUE, 16, 3, 1, 0, 0.8, 0.0, 0.0, 0.05882353, 0.6181818, 0.0952381
FALSE, 0, 1, 3, 16, 0.8, 0.84210527, 0.9411765, 1.0, 0.82549316, 0.8347826
TRUE, 17, 1, 2, 0, 0.85, 0.0, 0.0, 0.10526316, 0.48, 0.17391305
FALSE, 0, 2, 1, 17, 0.85, 0.9444444, 0.8947368, 1.0, 0.8986784, 0.6415094
TRUE, 19, 1, 0, 0, 0.95, 0.0, 0.0, 0.0, 0.6451613, 0.09090909
FALSE, 0, 0, 1, 19, 0.95, 0.95, 1.0, 1.0, 0.9290953, 0.6551724

SHARED-KC1
TRUE, 51, 8, 20, 6, 0.67058825, 0.23076923, 0.42857143, 0.28169015, 0.3433735, 0.33994335
FALSE, 6, 20, 8, 51, 0.67058825, 0.86440676, 0.7183099, 0.5714286, 0.7552611, 0.6365055
TRUE, 56, 2, 21, 6, 0.7294118, 0.22222222, 0.75, 0.27272728, 0.34065935, 0.4
FALSE, 6, 21, 2, 56, 0.7294118, 0.9655172, 0.72727275, 0.25, 0.83101964, 0.37209302
TRUE, 56, 11, 13, 5, 0.7176471, 0.2777778, 0.3125, 0.1884058, 0.40052527, 0.23508137
FALSE, 5, 13, 11, 56, 0.7176471, 0.8358209, 0.8115942, 0.6875, 0.77223915, 0.7444109
TRUE, 47, 7, 21, 10, 0.67058825, 0.32258064, 0.5882353, 0.30882353, 0.4356133, 0.40501446
FALSE, 10, 21, 7, 47, 0.67058825, 0.8703704, 0.6911765, 0.4117647, 0.7575286, 0.5160784
TRUE, 54, 5, 21, 5, 0.69411767, 0.1923077, 0.5, 0.28, 0.30117407, 0.35897437
FALSE, 5, 21, 5, 54, 0.69411767, 0.91525424, 0.72, 0.5, 0.78949326, 0.59016395

SHARED-KC2
TRUE, 13, 3, 2, 3, 0.7619048, 0.6, 0.5, 0.13333334, 0.67132866, 0.21052632
FALSE, 3, 2, 3, 13, 0.7619048, 0.8125, 0.8666667, 0.5, 0.7863894, 0.63414633
TRUE, 14, 1, 2, 4, 0.85714287, 0.6666667, 0.8, 0.125, 0.75, 0.21621622
FALSE, 4, 2, 1, 14, 0.85714287, 0.93333334, 0.875, 0.2, 0.89361703, 0.3255814
TRUE, 11, 1, 7, 2, 0.61904764, 0.22222222, 0.6666667, 0.3888889, 0.32704404, 0.49122807
FALSE, 2, 7, 1, 11, 0.61904764, 0.9166667, 0.6111111, 0.33333334, 0.7390181, 0.43137255
TRUE, 14, 2, 4, 1, 0.71428573, 0.2, 0.33333334, 0.22222222, 0.3125, 0.26666668
FALSE, 1, 4, 2, 14, 0.71428573, 0.875, 0.7777778, 0.6666667, 0.78651685, 0.71794873
TRUE, 12, 2, 4, 3, 0.71428573, 0.42857143, 0.6, 0.25, 0.53571427, 0.3529412
FALSE, 3, 4, 2, 12, 0.71428573, 0.85714287, 0.75, 0.4, 0.77922076, 0.5217391

SHARED-KC3
TRUE, 15, 4, 0, 0, 0.7894737, 0.0, 0.0, 0.0, 0.6037736, 0.0952381
FALSE, 0, 0, 4, 15, 0.7894737, 0.7894737, 1.0, 1.0, 0.77544427, 0.8633093
TRUE, 18, 1, 0, 0, 0.94736844, 0.0, 0.0, 0.0, 0.6440678, 0.0952381
FALSE, 0, 0, 1, 18, 0.94736844, 0.94736844, 1.0, 1.0, 0.9255751, 0.6545454
TRUE, 18, 1, 0, 0, 0.94736844, 0.0, 0.0, 0.0, 0.6440678, 0.0952381
FALSE, 0, 0, 1, 18, 0.94736844, 0.94736844, 1.0, 1.0, 0.9255751, 0.6545454
TRUE, 15, 2, 1, 1, 0.84210527, 0.5, 0.33333334, 0.0625, 0.627451, 0.10526316
FALSE, 1, 1, 2, 15, 0.84210527, 0.88235295, 0.9375, 0.6666667, 0.8617594, 0.77922076
TRUE, 19, 0, 0, 0, 1.0, 0.0, 0.0, 0.0, 0.6451613, 0.09090909
FALSE, 0, 0, 0, 19, 1.0, 1.0, 1.0, 0.0, 0.9290953, 0.6551724

SHARED-MW1
TRUE, 16, 0, 0, 0, 1.0, 0.0, 0.0, 0.0, 0.6415094, 0.10526316
FALSE, 0, 0, 0, 16, 1.0, 1.0, 1.0, 0.0, 0.9173693, 0.6530612
TRUE, 16, 0, 0, 0, 1.0, 0.0, 0.0, 0.0, 0.6415094, 0.10526316
FALSE, 0, 0, 0, 16, 1.0, 1.0, 1.0, 0.0, 0.9173693, 0.6530612
TRUE, 15, 1, 1, 0, 0.88235295, 0.0, 0.0, 0.0625, 0.64, 0.11111111
FALSE, 0, 1, 1, 15, 0.88235295, 0.9375, 0.9375, 1.0, 0.9125475, 0.65217394
TRUE, 16, 1, 0, 0, 0.9411765, 0.0, 0.0, 0.0, 0.6415094, 0.10526316
FALSE, 0, 0, 1, 16, 0.9411765, 0.9411765, 1.0, 1.0, 0.9173693, 0.6530612
TRUE, 16, 1, 0, 0, 0.9411765, 0.0, 0.0, 0.0, 0.6415094, 0.10526316
FALSE, 0, 0, 1, 16, 0.9411765, 0.9411765, 1.0, 1.0, 0.9173693, 0.6530612

SHARED-MC2
TRUE, 3, 2, 0, 2, 0.71428573, 1.0, 0.5, 0.0, 0.6451613, 0.33333334
FALSE, 2, 0, 2, 3, 0.71428573, 0.6, 1.0, 0.5, 0.6122449, 0.6
TRUE, 4, 2, 1, 0, 0.5714286, 0.0, 0.0, 0.2, 0.5555556, 0.25
FALSE, 0, 1, 2, 4, 0.5714286, 0.6666667, 0.8, 1.0, 0.6451613, 0.72727275
TRUE, 4, 1, 1, 1, 0.71428573, 0.5, 0.5, 0.2, 0.5882353, 0.2857143
FALSE, 1, 1, 1, 4, 0.71428573, 0.8, 0.8, 0.5, 0.754717, 0.61538464
TRUE, 5, 2, 0, 0, 0.71428573, 0.0, 0.0, 0.0, 0.5714286, 0.22222222
FALSE, 0, 0, 2, 5, 0.71428573, 0.71428573, 1.0, 1.0, 0.6896552, 0.7407407
TRUE, 5, 0, 2, 0, 0.71428573, 0.0, 0.0, 0.2857143, 0.44444445, 0.36363637
FALSE, 0, 2, 0, 5, 0.71428573, 1.0, 0.71428573, 0.0, 0.7407407, 0.5882353

SHARED-PC1
TRUE, 40, 5, 0, 0, 0.8888889, 0.0, 0.0, 0.0, 0.6356589, 0.04255319
FALSE, 0, 0, 5, 40, 0.8888889, 0.8888889, 1.0, 1.0, 0.8805369, 0.8988764
TRUE, 41, 1, 2, 1, 0.93333334, 0.33333334, 0.5, 0.046511628, 0.49122807, 0.08510638
FALSE, 1, 2, 1, 41, 0.93333334, 0.97619045, 0.95348835, 0.5, 0.954281, 0.656
TRUE, 42, 1, 2, 0, 0.93333334, 0.0, 0.0, 0.045454547, 0.49142858, 0.083333336
FALSE, 0, 2, 1, 42, 0.93333334, 0.9767442, 0.95454544, 1.0, 0.95530283, 0.65625
TRUE, 42, 2, 1, 0, 0.93333334, 0.0, 0.0, 0.023255814, 0.6515151, 0.04347826
FALSE, 0, 1, 2, 42, 0.93333334, 0.95454544, 0.9767442, 1.0, 0.94456065, 0.7924528
TRUE, 41, 4, 0, 0, 0.9111111, 0.0, 0.0, 0.0, 0.64122134, 0.04255319
FALSE, 0, 0, 4, 41, 0.9111111, 0.9111111, 1.0, 1.0, 0.90227926, 0.87935656

AR3
TRUE, 3, 0, 0, 0, 1.0, 0.0, 0.0, 0.0, 0.5714286, 0.33333334
FALSE, 0, 0, 0, 3, 1.0, 1.0, 1.0, 0.0, 0.7058824, 0.6
TRUE, 3, 0, 0, 0, 1.0, 0.0, 0.0, 0.0, 0.5714286, 0.33333334
FALSE, 0, 0, 0, 3, 1.0, 1.0, 1.0, 0.0, 0.7058824, 0.6
TRUE, 1, 2, 0, 0, 0.33333334, 0.0, 0.0, 0.0, 0.44444445, 0.4
FALSE, 0, 0, 2, 1, 0.33333334, 0.33333334, 1.0, 1.0, 0.36363637, 0.5714286
TRUE, 1, 2, 0, 0, 0.33333334, 0.0, 0.0, 0.0, 0.44444445, 0.4
FALSE, 0, 0, 2, 1, 0.33333334, 0.33333334, 1.0, 1.0, 0.36363637, 0.5714286
TRUE, 2, 1, 0, 0, 0.6666667, 0.0, 0.0, 0.0, 0.54545456, 0.4
FALSE, 0, 0, 1, 2, 0.6666667, 0.6666667, 1.0, 1.0, 0.6315789, 0.5714286

AR4
TRUE, 4, 1, 0, 0, 0.8, 0.0, 0.0, 0.0, 0.5882353, 0.2857143
FALSE, 0, 0, 1, 4, 0.8, 0.8, 1.0, 1.0, 0.754717, 0.61538464
TRUE, 4, 0, 1, 0, 0.8, 0.0, 0.0, 0.2, 0.5882353, 0.2857143
FALSE, 0, 1, 0, 4, 0.8, 1.0, 0.8, 0.0, 0.754717, 0.61538464
TRUE, 3, 2, 0, 0, 0.6, 0.0, 0.0, 0.0, 0.53333336, 0.2857143
FALSE, 0, 0, 2, 3, 0.6, 0.6, 1.0, 1.0, 0.58536583, 0.7058824
TRUE, 5, 0, 0, 0, 1.0, 0.0, 0.0, 0.0, 0.6, 0.25
FALSE, 0, 0, 0, 5, 1.0, 1.0, 1.0, 0.0, 0.7894737, 0.625
TRUE, 4, 1, 0, 0, 0.8, 0.0, 0.0, 0.0, 0.5882353, 0.2857143
FALSE, 0, 0, 1, 4, 0.8, 0.8, 1.0, 1.0, 0.754717, 0.61538464

AR5
TRUE, 0, 2, 0, 0, 0.0, 0.0, 0.0, 0.0, 0.44444445, 0.4
FALSE, 0, 0, 2, 0, 0.0, 0.0, 0.0, 1.0, 0.36363637, 0.5714286
TRUE, 0, 2, 0, 0, 0.0, 0.0, 0.0, 0.0, 0.44444445, 0.4
FALSE, 0, 0, 2, 0, 0.0, 0.0, 0.0, 1.0, 0.36363637, 0.5714286
TRUE, 2, 0, 0, 0, 1.0, 0.0, 0.0, 0.0, 0.54545456, 0.4
FALSE, 0, 0, 0, 2, 1.0, 1.0, 1.0, 0.0, 0.6315789, 0.5714286
TRUE, 2, 0, 0, 0, 1.0, 0.0, 0.0, 0.0, 0.54545456, 0.4
FALSE, 0, 0, 0, 2, 1.0, 1.0, 1.0, 0.0, 0.6315789, 0.5714286
TRUE, 0, 2, 0, 0, 0.0, 0.0, 0.0, 0.0, 0.44444445, 0.4
FALSE, 0, 0, 2, 0, 0.0, 0.0, 0.0, 1.0, 0.36363637, 0.5714286

