SHARED-CM1
TRUE, 19, 1, 0, 0, 0.95, 0.0, 0.0, 0.0, 0.6451613, 0.09090909
FALSE, 0, 0, 1, 19, 0.95, 0.95, 1.0, 1.0, 0.9290953, 0.6551724
TRUE, 17, 3, 0, 0, 0.85, 0.0, 0.0, 0.0, 0.62068963, 0.09090909
FALSE, 0, 0, 3, 17, 0.85, 0.85, 1.0, 1.0, 0.83378744, 0.8360656
TRUE, 18, 2, 0, 0, 0.9, 0.0, 0.0, 0.0, 0.6333333, 0.09090909
FALSE, 0, 0, 2, 18, 0.9, 0.9, 1.0, 1.0, 0.8814433, 0.7826087
TRUE, 17, 3, 0, 0, 0.85, 0.0, 0.0, 0.0, 0.62068963, 0.09090909
FALSE, 0, 0, 3, 17, 0.85, 0.85, 1.0, 1.0, 0.83378744, 0.8360656
TRUE, 17, 3, 0, 0, 0.85, 0.0, 0.0, 0.0, 0.62068963, 0.09090909
FALSE, 0, 0, 3, 17, 0.85, 0.85, 1.0, 1.0, 0.83378744, 0.8360656

SHARED-KC1
TRUE, 67, 18, 0, 0, 0.7882353, 0.0, 0.0, 0.0, 0.6098655, 0.022988506
FALSE, 0, 0, 18, 67, 0.7882353, 0.7882353, 1.0, 1.0, 0.78490824, 0.96595913
TRUE, 74, 11, 0, 0, 0.87058824, 0.0, 0.0, 0.0, 0.6329114, 0.022988506
FALSE, 0, 0, 11, 74, 0.87058824, 0.87058824, 1.0, 1.0, 0.8663077, 0.95037943
TRUE, 75, 10, 0, 0, 0.88235295, 0.0, 0.0, 0.0, 0.6359833, 0.022988506
FALSE, 0, 0, 10, 75, 0.88235295, 0.88235295, 1.0, 1.0, 0.87793607, 0.9463722
TRUE, 75, 10, 0, 0, 0.88235295, 0.0, 0.0, 0.0, 0.6359833, 0.022988506
FALSE, 0, 0, 10, 75, 0.88235295, 0.88235295, 1.0, 1.0, 0.87793607, 0.9463722
TRUE, 72, 10, 3, 0, 0.84705883, 0.0, 0.0, 0.04, 0.38624337, 0.055555556
FALSE, 0, 3, 10, 72, 0.84705883, 0.8780488, 0.96, 1.0, 0.86319596, 0.93385214

SHARED-KC2
TRUE, 10, 1, 5, 5, 0.71428573, 0.5, 0.8333333, 0.33333334, 0.5882353, 0.47619048
FALSE, 5, 5, 1, 10, 0.71428573, 0.90909094, 0.6666667, 0.16666667, 0.8, 0.26666668
TRUE, 10, 3, 5, 3, 0.61904764, 0.375, 0.5, 0.33333334, 0.46706587, 0.4
FALSE, 3, 5, 3, 10, 0.61904764, 0.7692308, 0.6666667, 0.5, 0.68601584, 0.5714286
TRUE, 14, 5, 1, 1, 0.71428573, 0.5, 0.16666667, 0.06666667, 0.5882353, 0.0952381
FALSE, 1, 1, 5, 14, 0.71428573, 0.7368421, 0.93333334, 0.8333333, 0.7253886, 0.8805031
TRUE, 8, 1, 11, 1, 0.42857143, 0.083333336, 0.5, 0.57894737, 0.13953489, 0.5365854
FALSE, 1, 11, 1, 8, 0.42857143, 0.8888889, 0.42105263, 0.5, 0.57831323, 0.45714286
TRUE, 15, 1, 1, 4, 0.9047619, 0.8, 0.8, 0.0625, 0.849162, 0.11594203
FALSE, 4, 1, 1, 15, 0.9047619, 0.9375, 0.9375, 0.2, 0.9208401, 0.32967034

SHARED-KC3
TRUE, 18, 0, 1, 0, 0.94736844, 0.0, 0.0, 0.05263158, 0.6440678, 0.0952381
FALSE, 0, 1, 0, 18, 0.94736844, 1.0, 0.94736844, 0.0, 0.9255751, 0.6545454
TRUE, 18, 0, 1, 0, 0.94736844, 0.0, 0.0, 0.05263158, 0.6440678, 0.0952381
FALSE, 0, 1, 0, 18, 0.94736844, 1.0, 0.94736844, 0.0, 0.9255751, 0.6545454
TRUE, 16, 3, 0, 0, 0.84210527, 0.0, 0.0, 0.0, 0.6181818, 0.0952381
FALSE, 0, 0, 3, 16, 0.84210527, 0.84210527, 1.0, 1.0, 0.82549316, 0.8347826
TRUE, 15, 3, 1, 0, 0.7894737, 0.0, 0.0, 0.0625, 0.61538464, 0.1
FALSE, 0, 1, 3, 15, 0.7894737, 0.8333333, 0.9375, 1.0, 0.81632656, 0.8333333
TRUE, 17, 1, 1, 0, 0.8947368, 0.0, 0.0, 0.055555556, 0.64285713, 0.1
FALSE, 0, 1, 1, 17, 0.8947368, 0.9444444, 0.9444444, 1.0, 0.92168677, 0.65384614

SHARED-MW1
TRUE, 16, 0, 0, 0, 1.0, 0.0, 0.0, 0.0, 0.6415094, 0.10526316
FALSE, 0, 0, 0, 16, 1.0, 1.0, 1.0, 0.0, 0.9173693, 0.6530612
TRUE, 15, 1, 0, 0, 0.9375, 0.0, 0.0, 0.0, 0.64, 0.11111111
FALSE, 0, 0, 1, 15, 0.9375, 0.9375, 1.0, 1.0, 0.9125475, 0.65217394
TRUE, 15, 2, 0, 0, 0.88235295, 0.0, 0.0, 0.0, 0.627451, 0.10526316
FALSE, 0, 0, 2, 15, 0.88235295, 0.88235295, 1.0, 1.0, 0.8617594, 0.77922076
TRUE, 16, 1, 0, 0, 0.9411765, 0.0, 0.0, 0.0, 0.6415094, 0.10526316
FALSE, 0, 0, 1, 16, 0.9411765, 0.9411765, 1.0, 1.0, 0.9173693, 0.6530612
TRUE, 15, 2, 0, 0, 0.88235295, 0.0, 0.0, 0.0, 0.627451, 0.10526316
FALSE, 0, 0, 2, 15, 0.88235295, 0.88235295, 1.0, 1.0, 0.8617594, 0.77922076

SHARED-MC2
TRUE, 4, 2, 0, 1, 0.71428573, 1.0, 0.33333334, 0.0, 0.5555556, 0.25
FALSE, 1, 0, 2, 4, 0.71428573, 0.6666667, 1.0, 0.6666667, 0.6451613, 0.72727275
TRUE, 4, 2, 0, 1, 0.71428573, 1.0, 0.33333334, 0.0, 0.5555556, 0.25
FALSE, 1, 0, 2, 4, 0.71428573, 0.6666667, 1.0, 0.6666667, 0.6451613, 0.72727275
TRUE, 5, 0, 1, 1, 0.85714287, 0.5, 1.0, 0.16666667, 0.6, 0.25
FALSE, 1, 1, 0, 5, 0.85714287, 1.0, 0.8333333, 0.0, 0.7894737, 0.625
TRUE, 5, 1, 1, 0, 0.71428573, 0.0, 0.0, 0.16666667, 0.6, 0.25
FALSE, 0, 1, 1, 5, 0.71428573, 0.8333333, 0.8333333, 1.0, 0.7894737, 0.625
TRUE, 5, 2, 0, 0, 0.71428573, 0.0, 0.0, 0.0, 0.5714286, 0.22222222
FALSE, 0, 0, 2, 5, 0.71428573, 0.71428573, 1.0, 1.0, 0.6896552, 0.7407407

SHARED-PC1
TRUE, 40, 4, 1, 0, 0.8888889, 0.0, 0.0, 0.024390243, 0.640625, 0.04347826
FALSE, 0, 1, 4, 40, 0.8888889, 0.90909094, 0.9756098, 1.0, 0.90010977, 0.8791209
TRUE, 41, 0, 3, 1, 0.93333334, 0.25, 1.0, 0.06818182, 0.39252338, 0.12
FALSE, 1, 3, 0, 41, 0.93333334, 1.0, 0.9318182, 0.0, 0.9435617, 0.6507937
TRUE, 39, 6, 0, 0, 0.8666667, 0.0, 0.0, 0.0, 0.62992126, 0.04255319
FALSE, 0, 0, 6, 39, 0.8666667, 0.8666667, 1.0, 1.0, 0.8587944, 0.9122807
TRUE, 43, 2, 0, 0, 0.95555556, 0.0, 0.0, 0.0, 0.65185183, 0.04255319
FALSE, 0, 0, 2, 43, 0.95555556, 0.95555556, 1.0, 1.0, 0.9457636, 0.79262674
TRUE, 42, 3, 0, 0, 0.93333334, 0.0, 0.0, 0.0, 0.6466165, 0.04255319
FALSE, 0, 0, 3, 42, 0.93333334, 0.93333334, 1.0, 1.0, 0.9240215, 0.8484849

AR3
TRUE, 3, 0, 0, 0, 1.0, 0.0, 0.0, 0.0, 0.5714286, 0.33333334
FALSE, 0, 0, 0, 3, 1.0, 1.0, 1.0, 0.0, 0.7058824, 0.6
TRUE, 3, 0, 0, 0, 1.0, 0.0, 0.0, 0.0, 0.5714286, 0.33333334
FALSE, 0, 0, 0, 3, 1.0, 1.0, 1.0, 0.0, 0.7058824, 0.6
TRUE, 2, 1, 0, 0, 0.6666667, 0.0, 0.0, 0.0, 0.54545456, 0.4
FALSE, 0, 0, 1, 2, 0.6666667, 0.6666667, 1.0, 1.0, 0.6315789, 0.5714286
TRUE, 3, 0, 0, 0, 1.0, 0.0, 0.0, 0.0, 0.5714286, 0.33333334
FALSE, 0, 0, 0, 3, 1.0, 1.0, 1.0, 0.0, 0.7058824, 0.6
TRUE, 2, 1, 0, 0, 0.6666667, 0.0, 0.0, 0.0, 0.54545456, 0.4
FALSE, 0, 0, 1, 2, 0.6666667, 0.6666667, 1.0, 1.0, 0.6315789, 0.5714286

AR4
TRUE, 4, 1, 0, 0, 0.8, 0.0, 0.0, 0.0, 0.5882353, 0.2857143
FALSE, 0, 0, 1, 4, 0.8, 0.8, 1.0, 1.0, 0.754717, 0.61538464
TRUE, 5, 0, 0, 0, 1.0, 0.0, 0.0, 0.0, 0.6, 0.25
FALSE, 0, 0, 0, 5, 1.0, 1.0, 1.0, 0.0, 0.7894737, 0.625
TRUE, 4, 1, 0, 0, 0.8, 0.0, 0.0, 0.0, 0.5882353, 0.2857143
FALSE, 0, 0, 1, 4, 0.8, 0.8, 1.0, 1.0, 0.754717, 0.61538464
TRUE, 5, 0, 0, 0, 1.0, 0.0, 0.0, 0.0, 0.6, 0.25
FALSE, 0, 0, 0, 5, 1.0, 1.0, 1.0, 0.0, 0.7894737, 0.625
TRUE, 3, 2, 0, 0, 0.6, 0.0, 0.0, 0.0, 0.53333336, 0.2857143
FALSE, 0, 0, 2, 3, 0.6, 0.6, 1.0, 1.0, 0.58536583, 0.7058824

AR5
TRUE, 1, 1, 0, 0, 0.5, 0.0, 0.0, 0.0, 0.5, 0.5
FALSE, 0, 0, 1, 1, 0.5, 0.5, 1.0, 1.0, 0.5, 0.5
TRUE, 2, 0, 0, 0, 1.0, 0.0, 0.0, 0.0, 0.54545456, 0.4
FALSE, 0, 0, 0, 2, 1.0, 1.0, 1.0, 0.0, 0.6315789, 0.5714286
TRUE, 2, 0, 0, 0, 1.0, 0.0, 0.0, 0.0, 0.54545456, 0.4
FALSE, 0, 0, 0, 2, 1.0, 1.0, 1.0, 0.0, 0.6315789, 0.5714286
TRUE, 1, 1, 0, 0, 0.5, 0.0, 0.0, 0.0, 0.5, 0.5
FALSE, 0, 0, 1, 1, 0.5, 0.5, 1.0, 1.0, 0.5, 0.5
TRUE, 0, 2, 0, 0, 0.0, 0.0, 0.0, 0.0, 0.44444445, 0.4
FALSE, 0, 0, 2, 0, 0.0, 0.0, 0.0, 1.0, 0.36363637, 0.5714286

