SHARED-CM1
TRUE, 18, 2, 0, 0, 0.9, 0.0, 0.0, 0.0, 0.6333333, 0.09090909
FALSE, 0, 0, 2, 18, 0.9, 0.9, 1.0, 1.0, 0.8814433, 0.7826087
TRUE, 17, 3, 0, 0, 0.85, 0.0, 0.0, 0.0, 0.62068963, 0.09090909
FALSE, 0, 0, 3, 17, 0.85, 0.85, 1.0, 1.0, 0.83378744, 0.8360656
TRUE, 18, 2, 0, 0, 0.9, 0.0, 0.0, 0.0, 0.6333333, 0.09090909
FALSE, 0, 0, 2, 18, 0.9, 0.9, 1.0, 1.0, 0.8814433, 0.7826087
TRUE, 18, 2, 0, 0, 0.9, 0.0, 0.0, 0.0, 0.6333333, 0.09090909
FALSE, 0, 0, 2, 18, 0.9, 0.9, 1.0, 1.0, 0.8814433, 0.7826087
TRUE, 18, 2, 0, 0, 0.9, 0.0, 0.0, 0.0, 0.6333333, 0.09090909
FALSE, 0, 0, 2, 18, 0.9, 0.9, 1.0, 1.0, 0.8814433, 0.7826087

SHARED-KC1
TRUE, 72, 13, 0, 0, 0.84705883, 0.0, 0.0, 0.0, 0.62660944, 0.022988506
FALSE, 0, 0, 13, 72, 0.84705883, 0.84705883, 1.0, 1.0, 0.8430508, 0.95656615
TRUE, 71, 14, 0, 0, 0.8352941, 0.0, 0.0, 0.0, 0.6233766, 0.022988506
FALSE, 0, 0, 14, 71, 0.8352941, 0.8352941, 1.0, 1.0, 0.83142227, 0.9589966
TRUE, 72, 13, 0, 0, 0.84705883, 0.0, 0.0, 0.0, 0.62660944, 0.022988506
FALSE, 0, 0, 13, 72, 0.84705883, 0.84705883, 1.0, 1.0, 0.8430508, 0.95656615
TRUE, 71, 14, 0, 0, 0.8352941, 0.0, 0.0, 0.0, 0.6233766, 0.022988506
FALSE, 0, 0, 14, 71, 0.8352941, 0.8352941, 1.0, 1.0, 0.83142227, 0.9589966
TRUE, 73, 12, 0, 0, 0.85882354, 0.0, 0.0, 0.0, 0.6297872, 0.022988506
FALSE, 0, 0, 12, 73, 0.85882354, 0.85882354, 1.0, 1.0, 0.8546792, 0.9537289

SHARED-KC2
TRUE, 13, 2, 5, 1, 0.6666667, 0.16666667, 0.33333334, 0.2777778, 0.26666668, 0.3030303
FALSE, 1, 5, 2, 13, 0.6666667, 0.8666667, 0.7222222, 0.6666667, 0.7536232, 0.6933333
TRUE, 13, 3, 2, 3, 0.7619048, 0.6, 0.5, 0.13333334, 0.67132866, 0.21052632
FALSE, 3, 2, 3, 13, 0.7619048, 0.8125, 0.8666667, 0.5, 0.7863894, 0.63414633
TRUE, 16, 1, 0, 4, 0.95238096, 1.0, 0.8, 0.0, 0.85106385, 0.10958904
FALSE, 4, 0, 1, 16, 0.95238096, 0.9411765, 1.0, 0.2, 0.9248555, 0.3298969
TRUE, 15, 2, 1, 3, 0.85714287, 0.75, 0.6, 0.0625, 0.8, 0.11320755
FALSE, 3, 1, 2, 15, 0.85714287, 0.88235295, 0.9375, 0.4, 0.8695652, 0.5607477
TRUE, 14, 3, 2, 2, 0.7619048, 0.5, 0.4, 0.125, 0.6037736, 0.1904762
FALSE, 2, 2, 3, 14, 0.7619048, 0.8235294, 0.875, 0.6, 0.79151946, 0.7118644

SHARED-KC3
TRUE, 16, 3, 0, 0, 0.84210527, 0.0, 0.0, 0.0, 0.6181818, 0.0952381
FALSE, 0, 0, 3, 16, 0.84210527, 0.84210527, 1.0, 1.0, 0.82549316, 0.8347826
TRUE, 18, 0, 0, 1, 1.0, 1.0, 1.0, 0.0, 0.6440678, 0.0952381
FALSE, 1, 0, 0, 18, 1.0, 1.0, 1.0, 0.0, 0.9255751, 0.6545454
TRUE, 17, 2, 0, 0, 0.8947368, 0.0, 0.0, 0.0, 0.6315789, 0.0952381
FALSE, 0, 0, 2, 17, 0.8947368, 0.8947368, 1.0, 1.0, 0.8755365, 0.7816092
TRUE, 17, 2, 0, 0, 0.8947368, 0.0, 0.0, 0.0, 0.6315789, 0.0952381
FALSE, 0, 0, 2, 17, 0.8947368, 0.8947368, 1.0, 1.0, 0.8755365, 0.7816092
TRUE, 15, 2, 1, 1, 0.84210527, 0.5, 0.33333334, 0.0625, 0.627451, 0.10526316
FALSE, 1, 1, 2, 15, 0.84210527, 0.88235295, 0.9375, 0.6666667, 0.8617594, 0.77922076

SHARED-MW1
TRUE, 14, 2, 0, 0, 0.875, 0.0, 0.0, 0.0, 0.625, 0.11111111
FALSE, 0, 0, 2, 14, 0.875, 0.875, 1.0, 1.0, 0.85365856, 0.7777778
TRUE, 14, 2, 0, 0, 0.875, 0.0, 0.0, 0.0, 0.625, 0.11111111
FALSE, 0, 0, 2, 14, 0.875, 0.875, 1.0, 1.0, 0.85365856, 0.7777778
TRUE, 16, 1, 0, 0, 0.9411765, 0.0, 0.0, 0.0, 0.6415094, 0.10526316
FALSE, 0, 0, 1, 16, 0.9411765, 0.9411765, 1.0, 1.0, 0.9173693, 0.6530612
TRUE, 16, 1, 0, 0, 0.9411765, 0.0, 0.0, 0.0, 0.6415094, 0.10526316
FALSE, 0, 0, 1, 16, 0.9411765, 0.9411765, 1.0, 1.0, 0.9173693, 0.6530612
TRUE, 16, 1, 0, 0, 0.9411765, 0.0, 0.0, 0.0, 0.6415094, 0.10526316
FALSE, 0, 0, 1, 16, 0.9411765, 0.9411765, 1.0, 1.0, 0.9173693, 0.6530612

SHARED-MC2
TRUE, 4, 0, 1, 2, 0.85714287, 0.6666667, 1.0, 0.2, 0.7058824, 0.30769232
FALSE, 2, 1, 0, 4, 0.85714287, 1.0, 0.8, 0.0, 0.7741935, 0.47058824
TRUE, 3, 3, 1, 0, 0.42857143, 0.0, 0.0, 0.25, 0.5, 0.25
FALSE, 0, 1, 3, 3, 0.42857143, 0.5, 0.75, 1.0, 0.5, 0.75
TRUE, 4, 0, 2, 1, 0.71428573, 0.33333334, 1.0, 0.33333334, 0.4347826, 0.4
FALSE, 1, 2, 0, 4, 0.71428573, 1.0, 0.6666667, 0.0, 0.7017544, 0.5714286
TRUE, 2, 4, 1, 0, 0.2857143, 0.0, 0.0, 0.33333334, 0.42857143, 0.25
FALSE, 0, 1, 4, 2, 0.2857143, 0.33333334, 0.6666667, 1.0, 0.3529412, 0.72727275
TRUE, 3, 3, 1, 0, 0.42857143, 0.0, 0.0, 0.25, 0.5, 0.25
FALSE, 0, 1, 3, 3, 0.42857143, 0.5, 0.75, 1.0, 0.5, 0.75

SHARED-PC1
TRUE, 38, 4, 3, 0, 0.84444445, 0.0, 0.0, 0.07317073, 0.38613862, 0.10714286
FALSE, 0, 3, 4, 38, 0.84444445, 0.9047619, 0.9268293, 1.0, 0.8753692, 0.8587571
TRUE, 40, 3, 1, 1, 0.9111111, 0.5, 0.25, 0.024390243, 0.6456693, 0.044444446
FALSE, 1, 1, 3, 40, 0.9111111, 0.9302326, 0.9756098, 0.75, 0.9205726, 0.84805655
TRUE, 41, 1, 1, 2, 0.95555556, 0.6666667, 0.6666667, 0.023809524, 0.7853881, 0.04597701
FALSE, 2, 1, 1, 41, 0.95555556, 0.97619045, 0.97619045, 0.33333334, 0.9657628, 0.4969697
TRUE, 40, 4, 0, 1, 0.9111111, 1.0, 0.2, 0.0, 0.640625, 0.04347826
FALSE, 1, 0, 4, 40, 0.9111111, 0.90909094, 1.0, 0.8, 0.90010977, 0.8791209
TRUE, 40, 3, 2, 0, 0.8888889, 0.0, 0.0, 0.04761905, 0.4852071, 0.08
FALSE, 0, 2, 3, 40, 0.8888889, 0.9302326, 0.95238096, 1.0, 0.91035247, 0.83916086

AR3
TRUE, 3, 0, 0, 0, 1.0, 0.0, 0.0, 0.0, 0.5714286, 0.33333334
FALSE, 0, 0, 0, 3, 1.0, 1.0, 1.0, 0.0, 0.7058824, 0.6
TRUE, 3, 0, 0, 0, 1.0, 0.0, 0.0, 0.0, 0.5714286, 0.33333334
FALSE, 0, 0, 0, 3, 1.0, 1.0, 1.0, 0.0, 0.7058824, 0.6
TRUE, 3, 0, 0, 0, 1.0, 0.0, 0.0, 0.0, 0.5714286, 0.33333334
FALSE, 0, 0, 0, 3, 1.0, 1.0, 1.0, 0.0, 0.7058824, 0.6
TRUE, 3, 0, 0, 0, 1.0, 0.0, 0.0, 0.0, 0.5714286, 0.33333334
FALSE, 0, 0, 0, 3, 1.0, 1.0, 1.0, 0.0, 0.7058824, 0.6
TRUE, 2, 1, 0, 0, 0.6666667, 0.0, 0.0, 0.0, 0.54545456, 0.4
FALSE, 0, 0, 1, 2, 0.6666667, 0.6666667, 1.0, 1.0, 0.6315789, 0.5714286

AR4
TRUE, 4, 1, 0, 0, 0.8, 0.0, 0.0, 0.0, 0.5882353, 0.2857143
FALSE, 0, 0, 1, 4, 0.8, 0.8, 1.0, 1.0, 0.754717, 0.61538464
TRUE, 5, 0, 0, 0, 1.0, 0.0, 0.0, 0.0, 0.6, 0.25
FALSE, 0, 0, 0, 5, 1.0, 1.0, 1.0, 0.0, 0.7894737, 0.625
TRUE, 4, 1, 0, 0, 0.8, 0.0, 0.0, 0.0, 0.5882353, 0.2857143
FALSE, 0, 0, 1, 4, 0.8, 0.8, 1.0, 1.0, 0.754717, 0.61538464
TRUE, 4, 1, 0, 0, 0.8, 0.0, 0.0, 0.0, 0.5882353, 0.2857143
FALSE, 0, 0, 1, 4, 0.8, 0.8, 1.0, 1.0, 0.754717, 0.61538464
TRUE, 3, 0, 2, 0, 0.6, 0.0, 0.0, 0.4, 0.42105263, 0.44444445
FALSE, 0, 2, 0, 3, 0.6, 1.0, 0.6, 0.0, 0.6486486, 0.54545456

AR5
TRUE, 1, 1, 0, 0, 0.5, 0.0, 0.0, 0.0, 0.5, 0.5
FALSE, 0, 0, 1, 1, 0.5, 0.5, 1.0, 1.0, 0.5, 0.5
TRUE, 2, 0, 0, 0, 1.0, 0.0, 0.0, 0.0, 0.54545456, 0.4
FALSE, 0, 0, 0, 2, 1.0, 1.0, 1.0, 0.0, 0.6315789, 0.5714286
TRUE, 1, 1, 0, 0, 0.5, 0.0, 0.0, 0.0, 0.5, 0.5
FALSE, 0, 0, 1, 1, 0.5, 0.5, 1.0, 1.0, 0.5, 0.5
TRUE, 2, 0, 0, 0, 1.0, 0.0, 0.0, 0.0, 0.54545456, 0.4
FALSE, 0, 0, 0, 2, 1.0, 1.0, 1.0, 0.0, 0.6315789, 0.5714286
TRUE, 1, 1, 0, 0, 0.5, 0.0, 0.0, 0.0, 0.5, 0.5
FALSE, 0, 0, 1, 1, 0.5, 0.5, 1.0, 1.0, 0.5, 0.5

