((FALSE,13,134,21,43,.24,.62,.67,.35,.31)
 (TRUE,43,21,134,13,.38,.76,.09,.51,.31) (TRUE,70,17,117,7,.29,.63,.06,.40,.33)
 (FALSE,7,117,17,70,.37,.71,.80,.49,.33)
 (FALSE,9,129,22,51,.28,.71,.70,.40,.29) (TRUE,51,22,129,9,.29,.72,.07,.41,.29)
 (FALSE,5,130,19,57,.30,.79,.75,.44,.26) (TRUE,57,19,130,5,.21,.70,.04,.32,.26)
 (FALSE,5,102,37,67,.40,.88,.64,.55,.24) (TRUE,67,37,102,5,.12,.60,.05,.20,.24)
 (FALSE,8,119,23,61,.34,.74,.73,.47,.30) (TRUE,61,23,119,8,.26,.66,.06,.37,.30)
 (FALSE,9,121,25,56,.32,.74,.69,.44,.29) (TRUE,56,25,121,9,.26,.68,.07,.38,.29)
 (FALSE,10,115,23,63,.35,.70,.73,.47,.33)
 (TRUE,63,23,115,10,.30,.65,.08,.41,.33)
 (FALSE,6,117,30,58,.33,.83,.66,.47,.24) (TRUE,58,30,117,6,.17,.67,.05,.27,.24)
 (FALSE,8,102,32,69,.40,.80,.68,.54,.29) (TRUE,69,32,102,8,.20,.60,.07,.30,.29))