((FALSE,18,175,18,0,.00,.50,.00,.00,.21)
 (TRUE,0,18,175,18,.50,1.00,.09,.00,.21)
 (FALSE,13,172,26,0,.00,.67,.00,.00,.15)
 (TRUE,0,26,172,13,.33,1.00,.07,.00,.15) (TRUE,3,24,168,16,.40,.98,.09,.57,.19)
 (FALSE,16,168,24,3,.02,.60,.11,.03,.19)
 (FALSE,11,187,13,0,.00,.54,.00,.00,.20)
 (TRUE,0,13,187,11,.46,1.00,.06,.00,.20)
 (FALSE,23,174,13,1,.01,.36,.07,.01,.25) (TRUE,1,13,174,23,.64,.99,.12,.78,.25)
 (FALSE,11,179,18,3,.02,.62,.14,.03,.18) (TRUE,3,18,179,11,.38,.98,.06,.55,.18)
 (FALSE,13,173,23,2,.01,.64,.08,.02,.17) (TRUE,2,23,173,13,.36,.99,.07,.53,.17)
 (FALSE,15,169,26,1,.01,.63,.04,.01,.17) (TRUE,1,26,169,15,.37,.99,.08,.53,.17)
 (TRUE,0,14,177,20,.59,1.00,.10,.00,.24)
 (FALSE,20,177,14,0,.00,.41,.00,.00,.24)
 (FALSE,12,183,14,2,.01,.54,.13,.02,.20) (TRUE,2,14,183,12,.46,.99,.06,.63,.20))