((TRUE,117,4,67,23,.85,.36,.26,.51,.72) (FALSE,23,67,4,117,.64,.15,.97,.24,.72)
 (FALSE,27,55,4,125,.69,.13,.97,.22,.77) (TRUE,125,4,55,27,.87,.31,.33,.45,.77)
 (TRUE,116,5,62,28,.85,.35,.31,.49,.73) (FALSE,28,62,5,116,.65,.15,.96,.25,.73)
 (FALSE,15,53,9,134,.72,.38,.94,.49,.67) (TRUE,134,9,53,15,.63,.28,.22,.39,.67)
 (TRUE,108,5,63,35,.88,.37,.36,.52,.72) (FALSE,35,63,5,108,.63,.13,.96,.21,.72)
 (FALSE,26,78,7,100,.56,.21,.93,.31,.66) (TRUE,100,7,78,26,.79,.44,.25,.56,.66)
 (TRUE,115,9,64,23,.72,.36,.26,.48,.68) (FALSE,23,64,9,115,.64,.28,.93,.39,.68)
 (FALSE,25,57,10,119,.68,.29,.92,.40,.69)
 (TRUE,119,10,57,25,.71,.32,.30,.45,.69)
 (FALSE,28,65,4,114,.64,.13,.97,.21,.73) (TRUE,114,4,65,28,.88,.36,.30,.51,.73)
 (FALSE,24,66,8,113,.63,.25,.93,.36,.68) (TRUE,113,8,66,24,.75,.37,.27,.49,.68))