((FALSE,19,2,14,176,.99,.42,.93,.59,.70) (TRUE,176,14,2,19,.58,.01,.90,.02,.70)
 (FALSE,17,1,12,181,.99,.41,.94,.58,.71) (TRUE,181,12,1,17,.59,.01,.94,.01,.71)
 (FALSE,20,0,15,176,1.00,.43,.92,.60,.70)
 (TRUE,176,15,0,20,.57,.00,1.00,.00,.70)
 (FALSE,19,1,11,180,.99,.37,.94,.54,.74) (TRUE,180,11,1,19,.63,.01,.95,.01,.74)
 (TRUE,179,13,4,15,.54,.02,.79,.04,.67) (FALSE,15,4,13,179,.98,.46,.93,.63,.67)
 (FALSE,21,1,19,170,.99,.47,.90,.64,.66) (TRUE,170,19,1,21,.52,.01,.95,.01,.66)
 (FALSE,20,3,20,168,.98,.50,.89,.66,.65) (TRUE,168,20,3,20,.50,.02,.87,.03,.65)
 (FALSE,17,2,11,181,.99,.39,.94,.56,.72) (TRUE,181,11,2,17,.61,.01,.89,.02,.72)
 (TRUE,174,17,1,19,.53,.01,.95,.01,.67) (FALSE,19,1,17,174,.99,.47,.91,.64,.67)
 (FALSE,21,3,13,174,.98,.38,.93,.55,.73) (TRUE,174,13,3,21,.62,.02,.88,.03,.73))