((FALSE,18,173,18,2,.01,.50,.10,.02,.22) (TRUE,2,18,173,18,.50,.99,.09,.66,.22)
 (FALSE,14,183,14,0,.00,.50,.00,.00,.21)
 (TRUE,0,14,183,14,.50,1.00,.07,.00,.21)
 (FALSE,20,171,17,3,.02,.46,.15,.03,.23) (TRUE,3,17,171,20,.54,.98,.10,.70,.23)
 (FALSE,19,169,22,1,.01,.54,.04,.01,.20) (TRUE,1,22,169,19,.46,.99,.10,.63,.20)
 (FALSE,13,181,16,1,.01,.55,.06,.01,.20) (TRUE,1,16,181,13,.45,.99,.07,.62,.20)
 (FALSE,20,172,17,2,.01,.46,.11,.02,.23) (TRUE,2,17,172,20,.54,.99,.10,.70,.23)
 (FALSE,15,166,28,2,.01,.65,.07,.02,.16) (TRUE,2,28,166,15,.35,.99,.08,.52,.16)
 (FALSE,12,184,12,3,.02,.50,.20,.03,.22) (TRUE,3,12,184,12,.50,.98,.06,.66,.22)
 (FALSE,14,176,17,4,.02,.55,.19,.04,.21) (TRUE,4,17,176,14,.45,.98,.07,.62,.21)
 (FALSE,17,177,16,1,.01,.48,.06,.01,.22) (TRUE,1,16,177,17,.52,.99,.09,.68,.22))