((FALSE,11,158,20,22,.12,.65,.52,.21,.23)
 (TRUE,22,20,158,11,.35,.88,.07,.51,.23)
 (FALSE,6,152,30,23,.13,.83,.43,.23,.15) (TRUE,23,30,152,6,.17,.87,.04,.28,.15)
 (FALSE,9,163,24,15,.08,.73,.38,.15,.17) (TRUE,15,24,163,9,.27,.92,.05,.42,.17)
 (FALSE,12,143,25,31,.18,.68,.55,.28,.25)
 (TRUE,31,25,143,12,.32,.82,.08,.47,.25)
 (FALSE,12,152,32,15,.09,.73,.32,.16,.18)
 (TRUE,15,32,152,12,.27,.91,.07,.42,.18) (TRUE,21,19,166,5,.21,.89,.03,.34,.16)
 (FALSE,5,166,19,21,.11,.79,.52,.20,.16)
 (FALSE,10,154,27,20,.11,.73,.43,.20,.19)
 (TRUE,20,27,154,10,.27,.89,.06,.41,.19)
 (FALSE,7,162,25,17,.09,.78,.40,.17,.15) (TRUE,17,25,162,7,.22,.91,.04,.35,.15)
 (FALSE,8,150,32,21,.12,.80,.40,.21,.16) (TRUE,21,32,150,8,.20,.88,.05,.33,.16)
 (FALSE,10,156,24,21,.12,.71,.47,.20,.20)
 (TRUE,21,24,156,10,.29,.88,.06,.44,.20))