((TRUE,56,25,122,8,.24,.69,.06,.36,.28) (FALSE,8,122,25,56,.31,.76,.69,.44,.28)
 (FALSE,6,122,26,57,.32,.81,.69,.46,.25) (TRUE,57,26,122,6,.19,.68,.05,.29,.25)
 (FALSE,7,127,27,50,.28,.79,.65,.42,.24) (TRUE,50,27,127,7,.21,.72,.05,.32,.24)
 (FALSE,8,119,25,59,.33,.76,.70,.46,.29) (TRUE,59,25,119,8,.24,.67,.06,.36,.29)
 (FALSE,10,122,18,61,.33,.64,.77,.44,.35)
 (TRUE,61,18,122,10,.36,.67,.08,.47,.35)
 (FALSE,15,115,25,56,.33,.63,.69,.43,.35)
 (TRUE,56,25,115,15,.38,.67,.12,.48,.35)
 (FALSE,8,131,23,49,.27,.74,.68,.40,.27) (TRUE,49,23,131,8,.26,.73,.06,.38,.27)
 (FALSE,5,125,22,59,.32,.81,.73,.46,.25) (TRUE,59,22,125,5,.19,.68,.04,.29,.25)
 (FALSE,8,123,13,67,.35,.62,.84,.45,.37) (TRUE,67,13,123,8,.38,.65,.06,.48,.37)
 (FALSE,13,125,22,51,.29,.63,.70,.40,.33)
 (TRUE,51,22,125,13,.37,.71,.09,.49,.33))