((FALSE,22,52,7,130,.71,.24,.95,.36,.74) (TRUE,130,7,52,22,.76,.29,.30,.42,.74)
 (FALSE,26,29,15,141,.83,.37,.90,.51,.71)
 (TRUE,141,15,29,26,.63,.17,.47,.27,.71)
 (FALSE,16,50,14,131,.72,.47,.90,.57,.62)
 (TRUE,131,14,50,16,.53,.28,.24,.36,.62)
 (FALSE,22,52,3,134,.72,.12,.98,.21,.78) (TRUE,134,3,52,22,.88,.28,.30,.42,.78)
 (FALSE,26,48,6,131,.73,.19,.96,.30,.77) (TRUE,131,6,48,26,.81,.27,.35,.40,.77)
 (FALSE,21,60,6,124,.67,.22,.95,.33,.72) (TRUE,124,6,60,21,.78,.33,.26,.46,.72)
 (TRUE,111,12,61,27,.69,.35,.31,.47,.67)
 (FALSE,27,61,12,111,.65,.31,.90,.42,.67)
 (FALSE,21,53,18,119,.69,.46,.87,.55,.61)
 (TRUE,119,18,53,21,.54,.31,.28,.39,.61)
 (FALSE,22,49,12,128,.72,.35,.91,.47,.68)
 (TRUE,128,12,49,22,.65,.28,.31,.39,.68)
 (FALSE,33,62,10,106,.63,.23,.91,.34,.69)
 (TRUE,106,10,62,33,.77,.37,.35,.50,.69))