((FALSE,7,163,26,15,.08,.79,.37,.15,.15) (TRUE,15,26,163,7,.21,.92,.04,.34,.15)
 (FALSE,6,165,28,12,.07,.82,.30,.13,.12) (TRUE,12,28,165,6,.18,.93,.04,.30,.12)
 (FALSE,10,163,20,18,.10,.67,.47,.17,.21)
 (TRUE,18,20,163,10,.33,.90,.06,.49,.21)
 (FALSE,5,155,30,21,.12,.86,.41,.21,.13) (TRUE,21,30,155,5,.14,.88,.03,.25,.13)
 (FALSE,3,170,14,24,.12,.82,.63,.22,.15) (TRUE,24,14,170,3,.18,.88,.02,.29,.15)
 (FALSE,8,159,23,21,.12,.74,.48,.20,.18) (TRUE,21,23,159,8,.26,.88,.05,.40,.18)
 (FALSE,9,162,19,21,.11,.68,.52,.20,.21) (TRUE,21,19,162,9,.32,.89,.05,.47,.21)
 (FALSE,6,150,33,22,.13,.85,.40,.22,.14) (TRUE,22,33,150,6,.15,.87,.04,.26,.14)
 (FALSE,7,155,20,29,.16,.74,.59,.26,.21) (TRUE,29,20,155,7,.26,.84,.04,.40,.21)
 (TRUE,24,25,151,11,.31,.86,.07,.45,.22)
 (FALSE,11,151,25,24,.14,.69,.49,.23,.22))