((FALSE,14,1,16,180,.99,.53,.92,.69,.62) (TRUE,180,16,1,14,.47,.01,.93,.01,.62)
 (FALSE,17,2,16,176,.99,.48,.92,.65,.66) (TRUE,176,16,2,17,.52,.01,.89,.02,.66)
 (FALSE,21,0,12,178,1.00,.36,.94,.53,.74)
 (TRUE,178,12,0,21,.64,.00,1.00,.00,.74)
 (FALSE,23,5,12,171,.97,.34,.93,.51,.76) (TRUE,171,12,5,23,.66,.03,.82,.05,.76)
 (FALSE,24,2,9,176,.99,.27,.95,.43,.81) (TRUE,176,9,2,24,.73,.01,.92,.02,.81)
 (FALSE,19,1,15,176,.99,.44,.92,.61,.69) (TRUE,176,15,1,19,.56,.01,.95,.01,.69)
 (FALSE,22,3,16,170,.98,.42,.91,.59,.70) (TRUE,170,16,3,22,.58,.02,.88,.03,.70)
 (FALSE,15,2,18,176,.99,.55,.91,.70,.61) (TRUE,176,18,2,15,.45,.01,.88,.02,.61)
 (FALSE,17,0,16,178,1.00,.48,.92,.65,.66)
 (TRUE,178,16,0,17,.52,.00,1.00,.00,.66)
 (FALSE,19,2,20,170,.99,.51,.89,.68,.64) (TRUE,170,20,2,19,.49,.01,.90,.02,.64))