((FALSE,13,186,12,0,.00,.48,.00,.00,.22)
 (TRUE,0,12,186,13,.52,1.00,.07,.00,.22)
 (FALSE,14,179,18,0,.00,.56,.00,.00,.19)
 (TRUE,0,18,179,14,.44,1.00,.07,.00,.19)
 (FALSE,13,171,27,0,.00,.68,.00,.00,.15)
 (TRUE,0,27,171,13,.32,1.00,.07,.00,.15)
 (FALSE,18,175,17,1,.01,.49,.06,.01,.22) (TRUE,1,17,175,18,.51,.99,.09,.68,.22)
 (FALSE,13,175,23,0,.00,.64,.00,.00,.16)
 (TRUE,0,23,175,13,.36,1.00,.07,.00,.16)
 (FALSE,14,171,25,1,.01,.64,.04,.01,.16) (TRUE,1,25,171,14,.36,.99,.08,.53,.16)
 (FALSE,21,175,14,1,.01,.40,.07,.01,.24) (TRUE,1,14,175,21,.60,.99,.11,.75,.24)
 (FALSE,15,186,10,0,.00,.40,.00,.00,.24)
 (TRUE,0,10,186,15,.60,1.00,.07,.00,.24)
 (FALSE,15,171,25,0,.00,.63,.00,.00,.17)
 (TRUE,0,25,171,15,.38,1.00,.08,.00,.17)
 (FALSE,16,184,11,0,.00,.41,.00,.00,.24)
 (TRUE,0,11,184,16,.59,1.00,.08,.00,.24))