((FALSE,25,28,18,140,.83,.42,.89,.56,.68)
 (TRUE,140,18,28,25,.58,.17,.47,.26,.68)
 (FALSE,17,44,8,142,.76,.32,.95,.45,.72) (TRUE,142,8,44,17,.68,.24,.28,.35,.72)
 (FALSE,24,29,11,147,.84,.31,.93,.46,.75)
 (TRUE,147,11,29,24,.69,.16,.45,.27,.75)
 (FALSE,29,32,5,145,.82,.15,.97,.25,.84) (TRUE,145,5,32,29,.85,.18,.48,.30,.84)
 (FALSE,14,4,8,185,.98,.36,.96,.53,.74) (TRUE,185,8,4,14,.64,.02,.78,.04,.74)
 (FALSE,30,32,11,138,.81,.27,.93,.40,.77)
 (TRUE,138,11,32,30,.73,.19,.48,.30,.77)
 (FALSE,24,35,6,146,.81,.20,.96,.32,.80) (TRUE,146,6,35,24,.80,.19,.41,.31,.80)
 (FALSE,26,35,8,142,.80,.24,.95,.36,.78) (TRUE,142,8,35,26,.76,.20,.43,.31,.78)
 (FALSE,25,30,11,145,.83,.31,.93,.45,.75)
 (TRUE,145,11,30,25,.69,.17,.45,.27,.75)
 (FALSE,19,35,10,147,.81,.34,.94,.48,.72)
 (TRUE,147,10,35,19,.66,.19,.35,.30,.72))