((FALSE,19,7,16,169,.96,.46,.91,.62,.68) (TRUE,169,16,7,19,.54,.04,.73,.07,.68)
 (FALSE,16,18,14,163,.90,.47,.92,.61,.66)
 (TRUE,163,14,18,16,.53,.10,.47,.17,.66) (FALSE,18,4,5,184,.98,.22,.97,.36,.85)
 (TRUE,184,5,4,18,.78,.02,.82,.04,.85) (FALSE,22,20,9,160,.89,.29,.95,.44,.78)
 (TRUE,160,9,20,22,.71,.11,.52,.19,.78) (FALSE,15,6,12,178,.97,.44,.94,.61,.68)
 (TRUE,178,12,6,15,.56,.03,.71,.06,.68) (TRUE,163,16,13,19,.54,.07,.59,.13,.67)
 (FALSE,19,13,16,163,.93,.46,.91,.61,.67)
 (FALSE,22,5,16,168,.97,.42,.91,.59,.70) (TRUE,168,16,5,22,.58,.03,.81,.06,.70)
 (FALSE,17,9,10,175,.95,.37,.95,.53,.74) (TRUE,175,10,9,17,.63,.05,.65,.09,.74)
 (FALSE,17,7,12,175,.96,.41,.94,.58,.71) (TRUE,175,12,7,17,.59,.04,.71,.07,.71)
 (FALSE,15,3,11,182,.98,.42,.94,.59,.70) (TRUE,182,11,3,15,.58,.02,.83,.03,.70))