((FALSE,30,51,10,120,.70,.25,.92,.37,.72)
 (TRUE,120,10,51,30,.75,.30,.37,.43,.72)
 (FALSE,22,58,7,124,.68,.24,.95,.36,.72) (TRUE,124,7,58,22,.76,.32,.28,.45,.72)
 (FALSE,25,62,8,116,.65,.24,.94,.35,.70) (TRUE,116,8,62,25,.76,.35,.29,.48,.70)
 (FALSE,26,56,10,119,.68,.28,.92,.39,.70)
 (TRUE,119,10,56,26,.72,.32,.32,.44,.70)
 (FALSE,22,58,6,125,.68,.21,.95,.33,.73) (TRUE,125,6,58,22,.79,.32,.28,.45,.73)
 (FALSE,30,55,5,121,.69,.14,.96,.24,.76) (TRUE,121,5,55,30,.86,.31,.35,.46,.76)
 (FALSE,25,72,5,109,.60,.17,.96,.26,.70) (TRUE,109,5,72,25,.83,.40,.26,.54,.70)
 (FALSE,22,56,7,126,.69,.24,.95,.36,.72) (TRUE,126,7,56,22,.76,.31,.28,.44,.72)
 (FALSE,25,56,8,122,.69,.24,.94,.36,.72) (TRUE,122,8,56,25,.76,.31,.31,.44,.72)
 (TRUE,119,10,57,25,.71,.32,.30,.45,.69)
 (FALSE,25,57,10,119,.68,.29,.92,.40,.69))