((FALSE,9,111,32,59,.35,.78,.65,.48,.28) (TRUE,59,32,111,9,.22,.65,.08,.33,.28)
 (FALSE,12,114,27,58,.34,.69,.68,.45,.32)
 (TRUE,58,27,114,12,.31,.66,.10,.42,.32)
 (FALSE,9,121,21,60,.33,.70,.74,.45,.32) (TRUE,60,21,121,9,.30,.67,.07,.41,.32)
 (FALSE,6,115,27,63,.35,.82,.70,.49,.26) (TRUE,63,27,115,6,.18,.65,.05,.28,.26)
 (FALSE,4,113,36,58,.34,.90,.62,.49,.21) (TRUE,58,36,113,4,.10,.66,.03,.17,.21)
 (FALSE,8,110,22,71,.39,.73,.76,.51,.33) (TRUE,71,22,110,8,.27,.61,.07,.37,.33)
 (FALSE,13,125,19,54,.30,.59,.74,.40,.35)
 (TRUE,54,19,125,13,.41,.70,.09,.51,.35)
 (FALSE,4,135,23,49,.27,.85,.68,.41,.21) (TRUE,49,23,135,4,.15,.73,.03,.25,.21)
 (FALSE,8,117,29,57,.33,.78,.66,.46,.27) (TRUE,57,29,117,8,.22,.67,.06,.33,.27)
 (FALSE,1,125,19,66,.35,.95,.78,.51,.18) (TRUE,66,19,125,1,.05,.65,.01,.09,.18))