((FALSE,10,177,22,2,.01,.69,.08,.02,.15) (TRUE,2,22,177,10,.31,.99,.05,.47,.15)
 (FALSE,14,183,13,1,.01,.48,.07,.01,.22) (TRUE,1,13,183,14,.52,.99,.07,.68,.22)
 (FALSE,12,172,24,3,.02,.67,.11,.03,.16) (TRUE,3,24,172,12,.33,.98,.07,.50,.16)
 (FALSE,19,172,19,1,.01,.50,.05,.01,.21) (TRUE,1,19,172,19,.50,.99,.10,.67,.21)
 (FALSE,11,179,20,1,.01,.65,.05,.01,.16) (TRUE,1,20,179,11,.35,.99,.06,.52,.16)
 (FALSE,7,181,22,1,.01,.76,.04,.01,.12) (TRUE,1,22,181,7,.24,.99,.04,.39,.12)
 (FALSE,17,174,18,2,.01,.51,.10,.02,.21) (TRUE,2,18,174,17,.49,.99,.09,.65,.21)
 (FALSE,12,183,16,0,.00,.57,.00,.00,.19)
 (TRUE,0,16,183,12,.43,1.00,.06,.00,.19)
 (FALSE,15,177,16,3,.02,.52,.16,.03,.21) (TRUE,3,16,177,15,.48,.98,.08,.65,.21)
 (TRUE,2,17,180,12,.41,.99,.06,.58,.19) (FALSE,12,180,17,2,.01,.59,.11,.02,.19))