((TRUE,66,32,110,3,.09,.63,.03,.15,.22) (FALSE,3,110,32,66,.38,.91,.67,.53,.22)
 (FALSE,4,119,28,60,.34,.88,.68,.48,.22) (TRUE,60,28,119,4,.13,.66,.03,.21,.22)
 (FALSE,8,117,20,66,.36,.71,.77,.48,.32) (TRUE,66,20,117,8,.29,.64,.06,.39,.32)
 (TRUE,74,35,96,6,.15,.56,.06,.23,.28) (FALSE,6,96,35,74,.44,.85,.68,.58,.28)
 (FALSE,3,112,30,66,.37,.91,.69,.53,.22) (TRUE,66,30,112,3,.09,.63,.03,.16,.22)
 (FALSE,9,112,21,69,.38,.70,.77,.49,.34) (TRUE,69,21,112,9,.30,.62,.07,.40,.34)
 (FALSE,9,120,18,64,.35,.67,.78,.46,.34) (TRUE,64,18,120,9,.33,.65,.07,.44,.34)
 (FALSE,5,130,23,53,.29,.82,.70,.43,.23) (TRUE,53,23,130,5,.18,.71,.04,.29,.23)
 (TRUE,65,24,119,3,.11,.65,.02,.19,.22) (FALSE,3,119,24,65,.35,.89,.73,.51,.22)
 (FALSE,11,101,24,75,.43,.69,.76,.53,.37)
 (TRUE,75,24,101,11,.31,.57,.10,.41,.37))