((FALSE,15,173,20,3,.02,.57,.13,.03,.20) (TRUE,3,20,173,15,.43,.98,.08,.60,.20)
 (FALSE,21,175,15,0,.00,.42,.00,.00,.23)
 (TRUE,0,15,175,21,.58,1.00,.11,.00,.23)
 (FALSE,14,180,16,1,.01,.53,.06,.01,.20) (TRUE,1,16,180,14,.47,.99,.07,.64,.20)
 (FALSE,15,176,19,1,.01,.56,.05,.01,.19) (TRUE,1,19,176,15,.44,.99,.08,.61,.19)
 (FALSE,17,174,20,0,.00,.54,.00,.00,.20)
 (TRUE,0,20,174,17,.46,1.00,.09,.00,.20)
 (FALSE,18,165,26,2,.01,.59,.07,.02,.19) (TRUE,2,26,165,18,.41,.99,.10,.58,.19)
 (FALSE,9,183,16,3,.02,.64,.16,.03,.17) (TRUE,3,16,183,9,.36,.98,.05,.53,.17)
 (FALSE,12,179,18,2,.01,.60,.10,.02,.18) (TRUE,2,18,179,12,.40,.99,.06,.57,.18)
 (FALSE,21,168,22,0,.00,.51,.00,.00,.21)
 (TRUE,0,22,168,21,.49,1.00,.11,.00,.21)
 (FALSE,11,182,18,0,.00,.62,.00,.00,.17)
 (TRUE,0,18,182,11,.38,1.00,.06,.00,.17))