((FALSE,13,112,29,57,.34,.69,.66,.45,.32)
 (TRUE,57,29,112,13,.31,.66,.10,.42,.32)
 (FALSE,9,122,23,57,.32,.72,.71,.44,.30) (TRUE,57,23,122,9,.28,.68,.07,.40,.30)
 (FALSE,8,114,26,63,.36,.76,.71,.49,.29) (TRUE,63,26,114,8,.24,.64,.07,.34,.29)
 (TRUE,68,21,115,7,.25,.63,.06,.36,.31) (FALSE,7,115,21,68,.37,.75,.76,.50,.31)
 (FALSE,1,122,26,62,.34,.96,.70,.50,.17) (TRUE,62,26,122,1,.04,.66,.01,.07,.17)
 (FALSE,5,119,27,60,.34,.84,.69,.48,.24) (TRUE,60,27,119,5,.16,.66,.04,.25,.24)
 (FALSE,7,121,18,65,.35,.72,.78,.47,.31) (TRUE,65,18,121,7,.28,.65,.05,.39,.31)
 (FALSE,7,116,30,58,.33,.81,.66,.47,.26) (TRUE,58,30,116,7,.19,.67,.06,.29,.26)
 (FALSE,3,111,23,74,.40,.88,.76,.55,.24) (TRUE,74,23,111,3,.12,.60,.03,.19,.24)
 (FALSE,8,116,29,58,.33,.78,.67,.47,.27) (TRUE,58,29,116,8,.22,.67,.06,.33,.27))