((FALSE,19,22,6,164,.88,.24,.96,.38,.81) (TRUE,164,6,22,19,.76,.12,.46,.20,.81)
 (FALSE,29,12,8,162,.93,.22,.95,.35,.84) (TRUE,162,8,12,29,.78,.07,.71,.13,.84)
 (FALSE,27,10,10,164,.94,.27,.94,.42,.80)
 (TRUE,164,10,10,27,.73,.06,.73,.11,.80)
 (FALSE,24,9,10,168,.95,.29,.94,.45,.79) (TRUE,168,10,9,24,.71,.05,.73,.09,.79)
 (FALSE,27,9,12,163,.95,.31,.93,.46,.78) (TRUE,163,12,9,27,.69,.05,.75,.10,.78)
 (FALSE,27,23,6,155,.87,.18,.96,.30,.84) (TRUE,155,6,23,27,.82,.13,.54,.22,.84)
 (FALSE,13,16,6,176,.92,.32,.97,.47,.77) (TRUE,176,6,16,13,.68,.08,.45,.15,.77)
 (TRUE,144,9,20,38,.81,.12,.66,.21,.84) (FALSE,38,20,9,144,.88,.19,.94,.31,.84)
 (FALSE,32,17,11,151,.90,.26,.93,.40,.81)
 (TRUE,151,11,17,32,.74,.10,.65,.18,.81)
 (FALSE,22,15,12,162,.92,.35,.93,.51,.74)
 (TRUE,162,12,15,22,.65,.08,.59,.15,.74))