((FALSE,7,121,29,54,.31,.81,.65,.45,.25) (TRUE,54,29,121,7,.19,.69,.05,.30,.25)
 (FALSE,8,120,27,56,.32,.77,.67,.45,.27) (TRUE,56,27,120,8,.23,.68,.06,.34,.27)
 (TRUE,60,27,115,9,.25,.66,.07,.36,.29) (FALSE,9,115,27,60,.34,.75,.69,.47,.29)
 (FALSE,6,123,28,54,.31,.82,.66,.45,.24) (TRUE,54,28,123,6,.18,.69,.05,.28,.24)
 (FALSE,10,127,24,50,.28,.71,.68,.40,.29)
 (TRUE,50,24,127,10,.29,.72,.07,.42,.29)
 (FALSE,8,129,16,58,.31,.67,.78,.42,.32) (TRUE,58,16,129,8,.33,.69,.06,.45,.32)
 (FALSE,8,121,18,64,.35,.69,.78,.46,.33) (TRUE,64,18,121,8,.31,.65,.06,.42,.33)
 (FALSE,8,120,28,55,.31,.78,.66,.45,.27) (TRUE,55,28,120,8,.22,.69,.06,.34,.27)
 (FALSE,4,121,25,61,.34,.86,.71,.48,.23) (TRUE,61,25,121,4,.14,.66,.03,.23,.23)
 (FALSE,8,126,25,52,.29,.76,.68,.42,.27) (TRUE,52,25,126,8,.24,.71,.06,.36,.27))