((FALSE,21,3,13,174,.98,.38,.93,.55,.73) (TRUE,174,13,3,21,.62,.02,.88,.03,.73)
 (TRUE,176,15,1,19,.56,.01,.95,.01,.69) (FALSE,19,1,15,176,.99,.44,.92,.61,.69)
 (FALSE,22,2,13,174,.99,.37,.93,.54,.74) (TRUE,174,13,2,22,.63,.01,.92,.02,.74)
 (FALSE,17,0,21,173,1.00,.55,.89,.71,.61)
 (TRUE,173,21,0,17,.45,.00,1.00,.00,.61)
 (FALSE,20,1,12,178,.99,.38,.94,.54,.73) (TRUE,178,12,1,20,.63,.01,.95,.01,.73)
 (FALSE,22,1,12,176,.99,.35,.94,.52,.75) (TRUE,176,12,1,22,.65,.01,.96,.01,.75)
 (FALSE,25,4,12,170,.98,.32,.93,.49,.77) (TRUE,170,12,4,25,.68,.02,.86,.04,.77)
 (FALSE,26,1,11,173,.99,.30,.94,.46,.79) (TRUE,173,11,1,26,.70,.01,.96,.01,.79)
 (FALSE,7,2,13,189,.99,.65,.94,.78,.54) (TRUE,189,13,2,7,.35,.01,.78,.02,.54)
 (FALSE,22,0,7,182,1.00,.24,.96,.39,.83) (TRUE,182,7,0,22,.76,.00,1.00,.00,.83))