((TRUE,58,32,117,4,.11,.67,.03,.19,.21) (FALSE,4,117,32,58,.33,.89,.64,.48,.21)
 (FALSE,7,127,18,59,.32,.72,.77,.44,.30) (TRUE,59,18,127,7,.28,.68,.05,.40,.30)
 (FALSE,9,102,36,64,.39,.80,.64,.52,.29) (TRUE,64,36,102,9,.20,.61,.08,.30,.29)
 (FALSE,7,111,26,67,.38,.79,.72,.51,.29) (TRUE,67,26,111,7,.21,.62,.06,.32,.29)
 (FALSE,8,109,33,61,.36,.80,.65,.50,.27) (TRUE,61,33,109,8,.20,.64,.07,.30,.27)
 (FALSE,6,129,21,55,.30,.78,.72,.43,.26) (TRUE,55,21,129,6,.22,.70,.04,.34,.26)
 (TRUE,60,29,110,12,.29,.65,.10,.40,.32)
 (FALSE,12,110,29,60,.35,.71,.67,.47,.32)
 (FALSE,10,110,27,64,.37,.73,.70,.49,.32)
 (TRUE,64,27,110,10,.27,.63,.08,.38,.32) (TRUE,61,23,120,7,.23,.66,.06,.35,.28)
 (FALSE,7,120,23,61,.34,.77,.73,.47,.28)
 (FALSE,14,125,23,49,.28,.62,.68,.39,.33)
 (TRUE,49,23,125,14,.38,.72,.10,.50,.33))