((FALSE,5,157,27,22,.12,.84,.45,.21,.14) (TRUE,22,27,157,5,.16,.88,.03,.27,.14)
 (FALSE,7,172,19,13,.07,.73,.41,.13,.16) (TRUE,13,19,172,7,.27,.93,.04,.42,.16)
 (FALSE,12,152,22,25,.14,.65,.53,.23,.24)
 (TRUE,25,22,152,12,.35,.86,.07,.50,.24)
 (FALSE,5,161,26,19,.11,.84,.42,.19,.13) (TRUE,19,26,161,5,.16,.89,.03,.27,.13)
 (FALSE,7,158,26,20,.11,.79,.43,.20,.16) (TRUE,20,26,158,7,.21,.89,.04,.34,.16)
 (FALSE,13,153,28,17,.10,.68,.38,.17,.20)
 (TRUE,17,28,153,13,.32,.90,.08,.47,.20)
 (FALSE,13,162,21,15,.08,.62,.42,.15,.22)
 (TRUE,15,21,162,13,.38,.92,.07,.54,.22)
 (FALSE,6,153,29,23,.13,.83,.44,.23,.15) (TRUE,23,29,153,6,.17,.87,.04,.29,.15)
 (FALSE,8,155,31,17,.10,.79,.35,.18,.15) (TRUE,17,31,155,8,.21,.90,.05,.33,.15)
 (FALSE,3,166,21,21,.11,.88,.50,.20,.12) (TRUE,21,21,166,3,.13,.89,.02,.22,.12))