((TRUE,2,18,170,21,.54,.99,.11,.70,.23) (FALSE,21,170,18,2,.01,.46,.10,.02,.23)
 (FALSE,16,186,9,0,.00,.36,.00,.00,.25) (TRUE,0,9,186,16,.64,1.00,.08,.00,.25)
 (FALSE,8,185,16,2,.01,.67,.11,.02,.16) (TRUE,2,16,185,8,.33,.99,.04,.50,.16)
 (TRUE,0,19,172,20,.51,1.00,.10,.00,.21)
 (FALSE,20,172,19,0,.00,.49,.00,.00,.21) (FALSE,8,181,21,1,.01,.72,.05,.01,.13)
 (TRUE,1,21,181,8,.28,.99,.04,.43,.13) (FALSE,11,180,18,2,.01,.62,.10,.02,.17)
 (TRUE,2,18,180,11,.38,.99,.06,.55,.17) (FALSE,12,184,13,2,.01,.52,.13,.02,.21)
 (TRUE,2,13,184,12,.48,.99,.06,.65,.21) (FALSE,22,177,11,1,.01,.33,.08,.01,.26)
 (TRUE,1,11,177,22,.67,.99,.11,.80,.26) (TRUE,0,17,182,12,.41,1.00,.06,.00,.18)
 (FALSE,12,182,17,0,.00,.59,.00,.00,.18)
 (FALSE,16,183,12,0,.00,.43,.00,.00,.23)
 (TRUE,0,12,183,16,.57,1.00,.08,.00,.23))