((FALSE,6,158,27,20,.11,.82,.43,.20,.15) (TRUE,20,27,158,6,.18,.89,.04,.30,.15)
 (FALSE,10,156,26,19,.11,.72,.42,.19,.19)
 (TRUE,19,26,156,10,.28,.89,.06,.42,.19)
 (FALSE,15,164,22,10,.06,.59,.31,.10,.21)
 (TRUE,10,22,164,15,.41,.94,.08,.57,.21)
 (FALSE,8,164,21,18,.10,.72,.46,.17,.18) (TRUE,18,21,164,8,.28,.90,.05,.42,.18)
 (FALSE,7,152,23,29,.16,.77,.56,.27,.20) (TRUE,29,23,152,7,.23,.84,.04,.37,.20)
 (FALSE,8,160,24,19,.11,.75,.44,.19,.17) (TRUE,19,24,160,8,.25,.89,.05,.39,.17)
 (FALSE,10,137,27,37,.21,.73,.58,.33,.24)
 (TRUE,37,27,137,10,.27,.79,.07,.40,.24)
 (FALSE,11,167,16,17,.09,.59,.52,.16,.23)
 (TRUE,17,16,167,11,.41,.91,.06,.56,.23)
 (FALSE,7,164,21,19,.10,.75,.47,.18,.17) (TRUE,19,21,164,7,.25,.90,.04,.39,.17)
 (FALSE,7,147,34,23,.14,.83,.40,.23,.15) (TRUE,23,34,147,7,.17,.86,.05,.29,.15))