((FALSE,11,121,20,59,.33,.65,.75,.43,.34)
 (TRUE,59,20,121,11,.35,.67,.08,.46,.34)
 (FALSE,4,124,26,57,.31,.87,.69,.46,.22) (TRUE,57,26,124,4,.13,.69,.03,.22,.22)
 (FALSE,9,133,19,50,.27,.68,.72,.39,.30) (TRUE,50,19,133,9,.32,.73,.06,.45,.30)
 (FALSE,6,117,33,55,.32,.85,.63,.46,.23) (TRUE,55,33,117,6,.15,.68,.05,.25,.23)
 (FALSE,6,128,20,57,.31,.77,.74,.44,.27) (TRUE,57,20,128,6,.23,.69,.04,.35,.27)
 (FALSE,6,132,25,48,.27,.81,.66,.40,.23) (TRUE,48,25,132,6,.19,.73,.04,.31,.23)
 (FALSE,6,128,24,53,.29,.80,.69,.43,.24) (TRUE,53,24,128,6,.20,.71,.04,.31,.24)
 (FALSE,8,96,33,74,.44,.80,.69,.57,.30) (TRUE,74,33,96,8,.20,.56,.08,.29,.30)
 (FALSE,10,110,33,58,.35,.77,.64,.48,.29)
 (TRUE,58,33,110,10,.23,.65,.08,.34,.29)
 (TRUE,60,24,117,10,.29,.66,.08,.41,.32)
 (FALSE,10,117,24,60,.34,.71,.71,.46,.32))