((FALSE,9,132,29,41,.24,.76,.59,.36,.24) (TRUE,41,29,132,9,.24,.76,.06,.36,.24)
 (TRUE,51,30,120,10,.25,.70,.08,.37,.27)
 (FALSE,10,120,30,51,.30,.75,.63,.43,.27)
 (FALSE,9,110,28,64,.37,.76,.70,.50,.30) (TRUE,64,28,110,9,.24,.63,.08,.35,.30)
 (TRUE,70,25,110,6,.19,.61,.05,.29,.28) (FALSE,6,110,25,70,.39,.81,.74,.52,.28)
 (FALSE,10,119,22,60,.34,.69,.73,.45,.32)
 (TRUE,60,22,119,10,.31,.66,.08,.43,.32) (TRUE,63,24,118,6,.20,.65,.05,.31,.27)
 (FALSE,6,118,24,63,.35,.80,.72,.49,.27)
 (TRUE,56,27,114,14,.34,.67,.11,.45,.34)
 (FALSE,14,114,27,56,.33,.66,.67,.44,.34)
 (FALSE,7,117,32,55,.32,.82,.63,.46,.25) (TRUE,55,32,117,7,.18,.68,.06,.28,.25)
 (FALSE,8,122,20,61,.33,.71,.75,.45,.31) (TRUE,61,20,122,8,.29,.67,.06,.40,.31)
 (FALSE,10,123,24,54,.31,.71,.69,.43,.30)
 (TRUE,54,24,123,10,.29,.69,.08,.41,.30))