((FALSE,24,64,6,117,.65,.20,.95,.31,.71) (TRUE,117,6,64,24,.80,.35,.27,.49,.71)
 (FALSE,23,48,7,133,.73,.23,.95,.35,.75) (TRUE,133,7,48,23,.77,.27,.32,.39,.75)
 (TRUE,132,8,55,16,.67,.29,.23,.41,.69) (FALSE,16,55,8,132,.71,.33,.94,.45,.69)
 (FALSE,20,43,10,138,.76,.33,.93,.46,.71)
 (TRUE,138,10,43,20,.67,.24,.32,.35,.71)
 (FALSE,26,53,5,127,.71,.16,.96,.26,.76) (TRUE,127,5,53,26,.84,.29,.33,.44,.76)
 (FALSE,15,68,12,116,.63,.44,.91,.52,.59)
 (TRUE,116,12,68,15,.56,.37,.18,.44,.59)
 (FALSE,25,58,12,116,.67,.32,.91,.44,.67)
 (TRUE,116,12,58,25,.68,.33,.30,.45,.67)
 (FALSE,23,46,10,132,.74,.30,.93,.43,.72)
 (TRUE,132,10,46,23,.70,.26,.33,.38,.72)
 (TRUE,139,11,36,25,.69,.21,.41,.32,.74)
 (FALSE,25,36,11,139,.79,.31,.93,.44,.74)
 (FALSE,27,47,8,129,.73,.23,.94,.35,.75) (TRUE,129,8,47,27,.77,.27,.36,.40,.75))