((FALSE,9,144,16,42,.23,.64,.72,.33,.29) (TRUE,42,16,144,9,.36,.77,.06,.49,.29)
 (TRUE,48,16,130,17,.52,.73,.12,.60,.38)
 (FALSE,17,130,16,48,.27,.48,.75,.35,.38)
 (FALSE,12,145,17,37,.20,.59,.69,.30,.30)
 (TRUE,37,17,145,12,.41,.80,.08,.54,.30)
 (FALSE,16,147,11,37,.20,.41,.77,.27,.37)
 (TRUE,37,11,147,16,.59,.80,.10,.68,.37)
 (FALSE,16,137,26,32,.19,.62,.55,.29,.28)
 (TRUE,32,26,137,16,.38,.81,.10,.52,.28)
 (FALSE,8,157,20,26,.14,.71,.57,.24,.21) (TRUE,26,20,157,8,.29,.86,.05,.43,.21)
 (FALSE,14,151,10,36,.19,.42,.78,.26,.36)
 (TRUE,36,10,151,14,.58,.81,.08,.68,.36)
 (FALSE,15,150,17,29,.16,.53,.63,.25,.30)
 (TRUE,29,17,150,15,.47,.84,.09,.60,.30)
 (FALSE,13,162,11,25,.13,.46,.69,.21,.31)
 (TRUE,25,11,162,13,.54,.87,.07,.67,.31)
 (FALSE,4,126,20,61,.33,.83,.75,.47,.24) (TRUE,61,20,126,4,.17,.67,.03,.27,.24))