((FALSE,27,56,8,120,.68,.23,.94,.34,.72) (TRUE,120,8,56,27,.77,.32,.33,.45,.72)
 (TRUE,137,7,46,21,.75,.25,.31,.38,.75) (FALSE,21,46,7,137,.75,.25,.95,.37,.75)
 (FALSE,22,45,12,132,.75,.35,.92,.48,.69)
 (TRUE,132,12,45,22,.65,.25,.33,.37,.69)
 (FALSE,22,43,13,133,.76,.37,.91,.50,.69)
 (TRUE,133,13,43,22,.63,.24,.34,.35,.69)
 (FALSE,24,53,10,124,.70,.29,.93,.41,.70)
 (TRUE,124,10,53,24,.71,.30,.31,.42,.70)
 (FALSE,20,43,7,141,.77,.26,.95,.39,.75) (TRUE,141,7,43,20,.74,.23,.32,.36,.75)
 (FALSE,25,60,6,120,.67,.19,.95,.30,.73) (TRUE,120,6,60,25,.81,.33,.29,.47,.73)
 (FALSE,22,38,17,134,.78,.44,.89,.56,.65)
 (TRUE,134,17,38,22,.56,.22,.37,.32,.65) (TRUE,136,2,46,27,.93,.25,.37,.40,.81)
 (FALSE,27,46,2,136,.75,.07,.99,.13,.81)
 (FALSE,22,43,9,137,.76,.29,.94,.42,.73) (TRUE,137,9,43,22,.71,.24,.34,.36,.73))