((FALSE,17,1,16,177,.99,.48,.92,.65,.66) (TRUE,177,16,1,17,.52,.01,.94,.01,.66)
 (FALSE,11,1,21,178,.99,.66,.89,.79,.54) (TRUE,178,21,1,11,.34,.01,.92,.01,.54)
 (FALSE,21,2,18,170,.99,.46,.90,.63,.67) (TRUE,170,18,2,21,.54,.01,.91,.02,.67)
 (TRUE,185,14,1,11,.44,.01,.92,.01,.60) (FALSE,11,1,14,185,.99,.56,.93,.72,.60)
 (FALSE,21,1,13,176,.99,.38,.93,.55,.73) (TRUE,176,13,1,21,.62,.01,.95,.01,.73)
 (FALSE,19,1,17,174,.99,.47,.91,.64,.67) (TRUE,174,17,1,19,.53,.01,.95,.01,.67)
 (FALSE,25,0,12,174,1.00,.32,.94,.49,.77)
 (TRUE,174,12,0,25,.68,.00,1.00,.00,.77)
 (FALSE,15,2,15,179,.99,.50,.92,.66,.65) (TRUE,179,15,2,15,.50,.01,.88,.02,.65)
 (FALSE,21,1,14,175,.99,.40,.93,.57,.72) (TRUE,175,14,1,21,.60,.01,.95,.01,.72)
 (FALSE,18,0,15,178,1.00,.45,.92,.63,.68)
 (TRUE,178,15,0,18,.55,.00,1.00,.00,.68))