((FALSE,30,55,10,116,.68,.25,.92,.37,.71)
 (TRUE,116,10,55,30,.75,.32,.35,.45,.71)
 (FALSE,29,67,4,111,.62,.12,.97,.20,.72) (TRUE,111,4,67,29,.88,.38,.30,.53,.72)
 (FALSE,22,65,6,118,.64,.21,.95,.32,.71) (TRUE,118,6,65,22,.79,.36,.25,.49,.71)
 (TRUE,121,7,56,27,.79,.32,.33,.45,.73) (FALSE,27,56,7,121,.68,.21,.95,.32,.73)
 (FALSE,30,62,8,111,.64,.21,.93,.32,.71) (TRUE,111,8,62,30,.79,.36,.33,.49,.71)
 (FALSE,43,56,6,106,.65,.12,.95,.21,.74) (TRUE,106,6,56,43,.88,.35,.43,.50,.74)
 (FALSE,29,56,5,121,.68,.15,.96,.24,.75) (TRUE,121,5,56,29,.85,.32,.34,.46,.75)
 (FALSE,24,55,7,125,.69,.23,.95,.34,.73) (TRUE,125,7,55,24,.77,.31,.30,.44,.73)
 (FALSE,24,62,9,116,.65,.27,.93,.38,.69) (TRUE,116,9,62,24,.73,.35,.28,.47,.69)
 (FALSE,33,55,11,112,.67,.25,.91,.36,.71)
 (TRUE,112,11,55,33,.75,.33,.38,.46,.71))