((FALSE,21,175,15,0,.00,.42,.00,.00,.23)
 (TRUE,0,15,175,21,.58,1.00,.11,.00,.23)
 (FALSE,12,182,17,0,.00,.59,.00,.00,.18)
 (TRUE,0,17,182,12,.41,1.00,.06,.00,.18)
 (FALSE,14,183,14,0,.00,.50,.00,.00,.21)
 (TRUE,0,14,183,14,.50,1.00,.07,.00,.21)
 (FALSE,13,172,25,1,.01,.66,.04,.01,.16) (TRUE,1,25,172,13,.34,.99,.07,.51,.16)
 (FALSE,16,173,22,0,.00,.58,.00,.00,.18)
 (TRUE,0,22,173,16,.42,1.00,.08,.00,.18)
 (FALSE,17,179,14,1,.01,.45,.07,.01,.23) (TRUE,1,14,179,17,.55,.99,.09,.71,.23)
 (FALSE,18,176,16,1,.01,.47,.06,.01,.22) (TRUE,1,16,176,18,.53,.99,.09,.69,.22)
 (FALSE,21,174,16,0,.00,.43,.00,.00,.23)
 (TRUE,0,16,174,21,.57,1.00,.11,.00,.23)
 (FALSE,16,183,12,0,.00,.43,.00,.00,.23)
 (TRUE,0,12,183,16,.57,1.00,.08,.00,.23)
 (FALSE,13,188,10,0,.00,.43,.00,.00,.23)
 (TRUE,0,10,188,13,.57,1.00,.06,.00,.23))