((FALSE,6,176,21,8,.04,.78,.28,.08,.13) (TRUE,8,21,176,6,.22,.96,.03,.36,.13)
 (TRUE,9,16,175,11,.41,.95,.06,.57,.21) (FALSE,11,175,16,9,.05,.59,.36,.09,.21)
 (FALSE,9,178,19,5,.03,.68,.21,.05,.16) (TRUE,5,19,178,9,.32,.97,.05,.48,.16)
 (TRUE,13,24,160,14,.37,.92,.08,.53,.21)
 (FALSE,14,160,24,13,.08,.63,.35,.13,.21)
 (FALSE,17,168,20,6,.03,.54,.23,.06,.22) (TRUE,6,20,168,17,.46,.97,.09,.62,.22)
 (FALSE,18,166,16,11,.06,.47,.41,.11,.26)
 (TRUE,11,16,166,18,.53,.94,.10,.68,.26) (TRUE,13,19,173,6,.24,.93,.03,.38,.15)
 (FALSE,6,173,19,13,.07,.76,.41,.13,.15)
 (FALSE,12,163,33,3,.02,.73,.08,.04,.13) (TRUE,3,33,163,12,.27,.98,.07,.42,.13)
 (TRUE,7,21,171,12,.36,.96,.07,.53,.19) (FALSE,12,171,21,7,.04,.64,.25,.07,.19)
 (TRUE,14,28,160,9,.24,.92,.05,.38,.16) (FALSE,9,160,28,14,.08,.76,.33,.15,.16))