((FALSE,13,48,12,138,.74,.48,.92,.58,.61)
 (TRUE,138,12,48,13,.52,.26,.21,.34,.61)
 (FALSE,31,51,5,124,.71,.14,.96,.23,.77) (TRUE,124,5,51,31,.86,.29,.38,.44,.77)
 (TRUE,129,8,43,31,.79,.25,.42,.38,.77) (FALSE,31,43,8,129,.75,.21,.94,.32,.77)
 (TRUE,108,9,64,30,.77,.37,.32,.50,.69) (FALSE,30,64,9,108,.63,.23,.92,.34,.69)
 (FALSE,29,58,7,117,.67,.19,.94,.30,.73) (TRUE,117,7,58,29,.81,.33,.33,.47,.73)
 (FALSE,21,46,13,131,.74,.38,.91,.50,.67)
 (TRUE,131,13,46,21,.62,.26,.31,.37,.67)
 (FALSE,31,43,10,127,.75,.24,.93,.37,.75)
 (TRUE,127,10,43,31,.76,.25,.42,.38,.75)
 (FALSE,24,41,3,143,.78,.11,.98,.19,.82) (TRUE,143,3,41,24,.89,.22,.37,.36,.82)
 (FALSE,32,48,15,116,.71,.32,.89,.44,.69)
 (TRUE,116,15,48,32,.68,.29,.40,.41,.69)
 (FALSE,14,55,11,131,.70,.44,.92,.54,.63)
 (TRUE,131,11,55,14,.56,.30,.20,.39,.63))