((FALSE,18,18,7,168,.90,.28,.96,.43,.79) (TRUE,168,7,18,18,.72,.10,.50,.17,.79)
 (FALSE,20,19,15,157,.89,.43,.91,.58,.69)
 (TRUE,157,15,19,20,.57,.11,.51,.18,.69)
 (FALSE,25,21,7,158,.88,.22,.96,.35,.82) (TRUE,158,7,21,25,.78,.12,.54,.20,.82)
 (FALSE,31,18,12,150,.89,.28,.93,.43,.79)
 (TRUE,150,12,18,31,.72,.11,.63,.19,.79)
 (TRUE,165,11,14,21,.66,.08,.60,.14,.75)
 (FALSE,21,14,11,165,.92,.34,.94,.50,.75)
 (FALSE,21,8,13,169,.95,.38,.93,.55,.73) (TRUE,169,13,8,21,.62,.05,.72,.08,.73)
 (FALSE,21,20,8,162,.89,.28,.95,.42,.79) (TRUE,162,8,20,21,.72,.11,.51,.19,.79)
 (FALSE,23,8,11,169,.95,.32,.94,.48,.77) (TRUE,169,11,8,23,.68,.05,.74,.08,.77)
 (FALSE,18,18,14,161,.90,.44,.92,.59,.68)
 (TRUE,161,14,18,18,.56,.10,.50,.17,.68)
 (FALSE,30,18,11,152,.89,.27,.93,.41,.80)
 (TRUE,152,11,18,30,.73,.11,.63,.18,.80))