((TRUE,61,27,114,9,.25,.65,.07,.36,.30) (FALSE,9,114,27,61,.35,.75,.69,.48,.30)
 (FALSE,8,120,22,61,.34,.73,.73,.46,.30) (TRUE,61,22,120,8,.27,.66,.06,.38,.30)
 (FALSE,7,121,23,60,.33,.77,.72,.46,.28) (TRUE,60,23,121,7,.23,.67,.05,.35,.28)
 (FALSE,8,117,27,59,.34,.77,.69,.47,.28) (TRUE,59,27,117,8,.23,.66,.06,.34,.28)
 (FALSE,9,115,23,64,.36,.72,.74,.48,.32) (TRUE,64,23,115,9,.28,.64,.07,.39,.32)
 (TRUE,56,28,117,10,.26,.68,.08,.38,.29)
 (FALSE,10,117,28,56,.32,.74,.67,.45,.29)
 (FALSE,8,135,20,48,.26,.71,.71,.38,.27) (TRUE,48,20,135,8,.29,.74,.06,.41,.27)
 (FALSE,5,131,20,55,.30,.80,.73,.43,.25) (TRUE,55,20,131,5,.20,.70,.04,.31,.25)
 (FALSE,3,112,26,70,.38,.90,.73,.54,.23) (TRUE,70,26,112,3,.10,.62,.03,.18,.23)
 (FALSE,8,111,32,60,.35,.80,.65,.49,.27) (TRUE,60,32,111,8,.20,.65,.07,.31,.27))