((TRUE,176,13,0,22,.63,.00,1.00,.00,.74)
 (FALSE,22,0,13,176,1.00,.37,.93,.54,.74)
 (FALSE,19,1,12,179,.99,.39,.94,.56,.73) (TRUE,179,12,1,19,.61,.01,.95,.01,.73)
 (FALSE,15,4,17,175,.98,.53,.91,.69,.62) (TRUE,175,17,4,15,.47,.02,.79,.04,.62)
 (FALSE,18,2,20,171,.99,.53,.90,.69,.63) (TRUE,171,20,2,18,.47,.01,.90,.02,.63)
 (FALSE,23,5,22,161,.97,.49,.88,.65,.65) (TRUE,161,22,5,23,.51,.03,.82,.06,.65)
 (TRUE,171,22,2,16,.42,.01,.89,.02,.59) (FALSE,16,2,22,171,.99,.58,.89,.73,.59)
 (FALSE,25,2,14,170,.99,.36,.92,.53,.75) (TRUE,170,14,2,25,.64,.01,.93,.02,.75)
 (FALSE,16,2,12,181,.99,.43,.94,.60,.70) (TRUE,181,12,2,16,.57,.01,.89,.02,.70)
 (TRUE,172,16,3,20,.56,.02,.87,.03,.69) (FALSE,20,3,16,172,.98,.44,.91,.61,.69)
 (FALSE,12,1,18,180,.99,.60,.91,.75,.58) (TRUE,180,18,1,12,.40,.01,.92,.01,.58))