((FALSE,28,54,9,120,.69,.24,.93,.36,.72) (TRUE,120,9,54,28,.76,.31,.34,.44,.72)
 (FALSE,22,58,1,130,.69,.04,.99,.08,.78) (TRUE,130,1,58,22,.96,.31,.28,.47,.78)
 (FALSE,24,71,9,107,.60,.27,.92,.38,.66) (TRUE,107,9,71,24,.73,.40,.25,.52,.66)
 (FALSE,22,57,7,125,.69,.24,.95,.36,.72) (TRUE,125,7,57,22,.76,.31,.28,.44,.72)
 (FALSE,29,58,9,115,.66,.24,.93,.35,.71) (TRUE,115,9,58,29,.76,.34,.33,.47,.71)
 (TRUE,117,7,67,20,.74,.36,.23,.49,.68) (FALSE,20,67,7,117,.64,.26,.94,.37,.68)
 (FALSE,18,46,11,136,.75,.38,.93,.50,.68)
 (TRUE,136,11,46,18,.62,.25,.28,.36,.68)
 (FALSE,30,51,4,126,.71,.12,.97,.20,.78) (TRUE,126,4,51,30,.88,.29,.37,.43,.78)
 (TRUE,126,10,54,21,.68,.30,.28,.42,.69)
 (FALSE,21,54,10,126,.70,.32,.93,.44,.69)
 (FALSE,26,62,6,117,.65,.19,.95,.29,.72) (TRUE,117,6,62,26,.81,.35,.30,.49,.72))