((FALSE,14,176,18,3,.02,.56,.14,.03,.20) (TRUE,3,18,176,14,.44,.98,.07,.61,.20)
 (FALSE,8,157,29,17,.10,.78,.37,.17,.15) (TRUE,17,29,157,8,.22,.90,.05,.35,.15)
 (FALSE,12,172,18,9,.05,.60,.33,.09,.21) (TRUE,9,18,172,12,.40,.95,.07,.56,.21)
 (FALSE,17,159,30,5,.03,.64,.14,.06,.18) (TRUE,5,30,159,17,.36,.97,.10,.53,.18)
 (FALSE,13,171,18,9,.05,.58,.33,.09,.21) (TRUE,9,18,171,13,.42,.95,.07,.58,.21)
 (FALSE,12,169,17,13,.07,.59,.43,.13,.22)
 (TRUE,13,17,169,12,.41,.93,.07,.57,.22)
 (FALSE,10,168,20,13,.07,.67,.39,.13,.19)
 (TRUE,13,20,168,10,.33,.93,.06,.49,.19)
 (FALSE,5,172,21,13,.07,.81,.38,.13,.13) (TRUE,13,21,172,5,.19,.93,.03,.32,.13)
 (FALSE,11,152,26,22,.13,.70,.46,.21,.21)
 (TRUE,22,26,152,11,.30,.87,.07,.44,.21)
 (FALSE,16,170,20,5,.03,.56,.20,.05,.21) (TRUE,5,20,170,16,.44,.97,.09,.61,.21))