((FALSE,31,51,4,125,.71,.11,.97,.20,.78) (TRUE,125,4,51,31,.89,.29,.38,.44,.78)
 (FALSE,26,54,5,126,.70,.16,.96,.26,.76) (TRUE,126,5,54,26,.84,.30,.32,.44,.76)
 (FALSE,28,62,6,115,.65,.18,.95,.28,.72) (TRUE,115,6,62,28,.82,.35,.31,.49,.72)
 (TRUE,128,10,49,24,.71,.28,.33,.40,.71)
 (FALSE,24,49,10,128,.72,.29,.93,.42,.71)
 (FALSE,17,63,8,123,.66,.32,.94,.43,.67) (TRUE,123,8,63,17,.68,.34,.21,.45,.67)
 (FALSE,26,51,7,127,.71,.21,.95,.33,.75) (TRUE,127,7,51,26,.79,.29,.34,.42,.75)
 (FALSE,28,50,5,128,.72,.15,.96,.25,.77) (TRUE,128,5,50,28,.85,.28,.36,.42,.77)
 (FALSE,25,53,4,129,.71,.14,.97,.23,.77) (TRUE,129,4,53,25,.86,.29,.32,.44,.77)
 (FALSE,28,47,9,127,.73,.24,.93,.36,.74) (TRUE,127,9,47,28,.76,.27,.37,.40,.74)
 (FALSE,28,51,9,123,.71,.24,.93,.36,.73) (TRUE,123,9,51,28,.76,.29,.35,.42,.73))