((FALSE,12,152,14,33,.18,.54,.70,.27,.31)
 (TRUE,33,14,152,12,.46,.82,.07,.59,.31)
 (FALSE,12,134,18,47,.26,.60,.72,.36,.33)
 (TRUE,47,18,134,12,.40,.74,.08,.52,.33)
 (FALSE,10,135,13,53,.28,.57,.80,.38,.35)
 (TRUE,53,13,135,10,.43,.72,.07,.54,.35)
 (FALSE,10,148,18,35,.19,.64,.66,.29,.27)
 (TRUE,35,18,148,10,.36,.81,.06,.50,.27)
 (FALSE,10,129,29,43,.25,.74,.60,.37,.25)
 (TRUE,43,29,129,10,.26,.75,.07,.38,.25)
 (FALSE,15,148,15,33,.18,.50,.69,.27,.32)
 (TRUE,33,15,148,15,.50,.82,.09,.62,.32)
 (FALSE,11,143,16,41,.22,.59,.72,.32,.31)
 (TRUE,41,16,143,11,.41,.78,.07,.53,.31)
 (FALSE,15,134,20,42,.24,.57,.68,.34,.33)
 (TRUE,42,20,134,15,.43,.76,.10,.55,.33)
 (TRUE,47,20,129,15,.43,.73,.10,.54,.34)
 (FALSE,15,129,20,47,.27,.57,.70,.36,.34)
 (FALSE,15,147,12,37,.20,.44,.76,.28,.35)
 (TRUE,37,12,147,15,.56,.80,.09,.66,.35))