((FALSE,9,175,18,9,.05,.67,.33,.09,.18) (TRUE,9,18,175,9,.33,.95,.05,.49,.18)
 (FALSE,11,174,20,6,.03,.65,.23,.06,.18) (TRUE,6,20,174,11,.35,.97,.06,.52,.18)
 (FALSE,14,165,24,8,.05,.63,.25,.09,.19) (TRUE,8,24,165,14,.37,.95,.08,.53,.19)
 (FALSE,11,167,23,10,.06,.68,.30,.10,.18)
 (TRUE,10,23,167,11,.32,.94,.06,.48,.18)
 (FALSE,14,175,15,7,.04,.52,.32,.07,.23) (TRUE,7,15,175,14,.48,.96,.07,.64,.23)
 (FALSE,15,163,22,11,.06,.59,.33,.11,.22)
 (TRUE,11,22,163,15,.41,.94,.08,.57,.22) (FALSE,7,170,29,5,.03,.81,.15,.06,.11)
 (TRUE,5,29,170,7,.19,.97,.04,.32,.11) (FALSE,12,178,19,2,.01,.61,.10,.02,.18)
 (TRUE,2,19,178,12,.39,.99,.06,.56,.18)
 (FALSE,14,159,23,15,.09,.62,.39,.15,.22)
 (TRUE,15,23,159,14,.38,.91,.08,.54,.22)
 (FALSE,11,171,20,9,.05,.65,.31,.09,.19) (TRUE,9,20,171,11,.35,.95,.06,.52,.19))