((FALSE,7,150,25,29,.16,.78,.54,.27,.19) (TRUE,29,25,150,7,.22,.84,.04,.35,.19)
 (FALSE,5,158,27,21,.12,.84,.44,.21,.14) (TRUE,21,27,158,5,.16,.88,.03,.27,.14)
 (FALSE,10,161,20,20,.11,.67,.50,.19,.21)
 (TRUE,20,20,161,10,.33,.89,.06,.48,.21)
 (FALSE,7,162,22,20,.11,.76,.48,.19,.17) (TRUE,20,22,162,7,.24,.89,.04,.38,.17)
 (FALSE,10,159,16,26,.14,.62,.62,.23,.25)
 (TRUE,26,16,159,10,.38,.86,.06,.53,.25)
 (FALSE,21,152,19,19,.11,.47,.50,.18,.29)
 (TRUE,19,19,152,21,.52,.89,.12,.66,.29)
 (FALSE,7,158,24,22,.12,.77,.48,.21,.17) (TRUE,22,24,158,7,.23,.88,.04,.36,.17)
 (FALSE,7,156,26,22,.12,.79,.46,.21,.17) (TRUE,22,26,156,7,.21,.88,.04,.34,.17)
 (TRUE,20,21,164,6,.22,.89,.04,.36,.16) (FALSE,6,164,21,20,.11,.78,.49,.19,.16)
 (FALSE,6,164,23,18,.10,.79,.44,.18,.15) (TRUE,18,23,164,6,.21,.90,.04,.34,.15))