((TRUE,102,6,65,38,.86,.39,.37,.54,.71) (FALSE,38,65,6,102,.61,.14,.94,.22,.71)
 (FALSE,24,55,16,116,.68,.40,.88,.50,.64)
 (TRUE,116,16,55,24,.60,.32,.30,.42,.64)
 (FALSE,23,52,12,124,.70,.34,.91,.46,.68)
 (TRUE,124,12,52,23,.66,.30,.31,.41,.68)
 (FALSE,24,46,8,133,.74,.25,.94,.37,.75) (TRUE,133,8,46,24,.75,.26,.34,.38,.75)
 (FALSE,16,58,6,131,.69,.27,.96,.39,.71) (TRUE,131,6,58,16,.73,.31,.22,.43,.71)
 (FALSE,18,70,7,116,.62,.28,.94,.39,.67) (TRUE,116,7,70,18,.72,.38,.20,.49,.67)
 (FALSE,18,50,13,130,.72,.42,.91,.53,.64)
 (TRUE,130,13,50,18,.58,.28,.26,.38,.64) (TRUE,125,9,57,20,.69,.31,.26,.43,.69)
 (FALSE,20,57,9,125,.69,.31,.93,.43,.69)
 (FALSE,23,50,7,131,.72,.23,.95,.35,.74) (TRUE,131,7,50,23,.77,.28,.32,.41,.74)
 (FALSE,35,55,9,112,.67,.20,.93,.31,.73) (TRUE,112,9,55,35,.80,.33,.39,.47,.73))