((FALSE,26,49,9,127,.72,.26,.93,.38,.73) (TRUE,127,9,49,26,.74,.28,.35,.41,.73)
 (FALSE,22,41,7,141,.77,.24,.95,.37,.77) (TRUE,141,7,41,22,.76,.23,.35,.35,.77)
 (FALSE,27,60,3,121,.67,.10,.98,.17,.76) (TRUE,121,3,60,27,.90,.33,.31,.48,.76)
 (TRUE,125,5,53,28,.85,.30,.35,.44,.76) (FALSE,28,53,5,125,.70,.15,.96,.25,.76)
 (FALSE,20,58,10,123,.68,.33,.92,.45,.67)
 (TRUE,123,10,58,20,.67,.32,.26,.43,.67)
 (TRUE,123,10,57,21,.68,.32,.27,.43,.68)
 (FALSE,21,57,10,123,.68,.32,.92,.44,.68)
 (FALSE,24,55,8,124,.69,.25,.94,.37,.72) (TRUE,124,8,55,24,.75,.31,.30,.44,.72)
 (FALSE,25,48,10,128,.73,.29,.93,.41,.72)
 (TRUE,128,10,48,25,.71,.27,.34,.39,.72)
 (FALSE,22,62,5,122,.66,.19,.96,.29,.73) (TRUE,122,5,62,22,.81,.34,.26,.48,.73)
 (FALSE,23,52,12,124,.70,.34,.91,.46,.68)
 (TRUE,124,12,52,23,.66,.30,.31,.41,.68))