((FALSE,24,53,8,126,.70,.25,.94,.37,.73) (TRUE,126,8,53,24,.75,.30,.31,.42,.73)
 (FALSE,17,44,8,142,.76,.32,.95,.45,.72) (TRUE,142,8,44,17,.68,.24,.28,.35,.72)
 (TRUE,121,5,57,28,.85,.32,.33,.46,.75) (FALSE,28,57,5,121,.68,.15,.96,.25,.75)
 (FALSE,18,60,6,127,.68,.25,.95,.37,.71) (TRUE,127,6,60,18,.75,.32,.23,.45,.71)
 (FALSE,16,52,10,133,.72,.38,.93,.50,.66)
 (TRUE,133,10,52,16,.62,.28,.24,.39,.66)
 (FALSE,23,55,14,119,.68,.38,.89,.49,.65)
 (TRUE,119,14,55,23,.62,.32,.29,.42,.65)
 (FALSE,23,55,12,121,.69,.34,.91,.46,.67)
 (TRUE,121,12,55,23,.66,.31,.29,.42,.67)
 (FALSE,23,57,10,121,.68,.30,.92,.42,.69)
 (TRUE,121,10,57,23,.70,.32,.29,.44,.69)
 (TRUE,125,11,51,24,.69,.29,.32,.41,.70)
 (FALSE,24,51,11,125,.71,.31,.92,.44,.70)
 (FALSE,21,49,13,128,.72,.38,.91,.50,.67)
 (TRUE,128,13,49,21,.62,.28,.30,.38,.67))