((FALSE,26,32,7,146,.82,.21,.95,.34,.80) (TRUE,146,7,32,26,.79,.18,.45,.29,.80)
 (FALSE,21,23,5,162,.88,.19,.97,.32,.84) (TRUE,162,5,23,21,.81,.12,.48,.22,.84)
 (FALSE,17,30,10,154,.84,.37,.94,.51,.71)
 (TRUE,154,10,30,17,.63,.16,.36,.26,.71)
 (FALSE,22,19,11,159,.89,.33,.94,.49,.75)
 (TRUE,159,11,19,22,.67,.11,.54,.18,.75) (TRUE,147,9,24,31,.77,.14,.56,.24,.81)
 (FALSE,31,24,9,147,.86,.22,.94,.36,.81)
 (FALSE,25,38,4,144,.79,.14,.97,.23,.82) (TRUE,144,4,38,25,.86,.21,.40,.34,.82)
 (FALSE,19,30,11,151,.83,.37,.93,.51,.72)
 (TRUE,151,11,30,19,.63,.17,.39,.26,.72)
 (FALSE,31,25,9,146,.85,.22,.94,.36,.81) (TRUE,146,9,25,31,.77,.15,.55,.25,.81)
 (TRUE,146,8,34,23,.74,.19,.40,.30,.77) (FALSE,23,34,8,146,.81,.26,.95,.39,.77)
 (FALSE,20,19,10,162,.90,.33,.94,.49,.75)
 (TRUE,162,10,19,20,.67,.10,.51,.18,.75))