((FALSE,23,45,9,134,.75,.28,.94,.41,.73) (TRUE,134,9,45,23,.72,.25,.34,.37,.73)
 (FALSE,23,62,9,117,.65,.28,.93,.39,.68) (TRUE,117,9,62,23,.72,.35,.27,.47,.68)
 (FALSE,23,55,10,123,.69,.30,.92,.42,.69)
 (TRUE,123,10,55,23,.70,.31,.29,.43,.69)
 (FALSE,23,66,15,107,.62,.39,.88,.48,.61)
 (TRUE,107,15,66,23,.61,.38,.26,.47,.61)
 (FALSE,24,54,11,122,.69,.31,.92,.43,.69)
 (TRUE,122,11,54,24,.69,.31,.31,.42,.69) (FALSE,32,75,5,99,.57,.14,.95,.22,.68)
 (TRUE,99,5,75,32,.86,.43,.30,.58,.68) (TRUE,125,7,58,21,.75,.32,.27,.45,.71)
 (FALSE,21,58,7,125,.68,.25,.95,.37,.71)
 (FALSE,31,68,5,107,.61,.14,.96,.23,.71) (TRUE,107,5,68,31,.86,.39,.31,.54,.71)
 (TRUE,130,9,45,27,.75,.26,.38,.38,.75) (FALSE,27,45,9,130,.74,.25,.94,.37,.75)
 (FALSE,26,58,8,119,.67,.24,.94,.35,.71) (TRUE,119,8,58,26,.76,.33,.31,.46,.71))