((FALSE,16,13,15,167,.93,.48,.92,.64,.65)
 (TRUE,167,15,13,16,.52,.07,.55,.13,.65)
 (FALSE,18,10,15,168,.94,.45,.92,.61,.68)
 (TRUE,168,15,10,18,.55,.06,.64,.10,.68) (TRUE,181,12,3,15,.56,.02,.83,.03,.69)
 (FALSE,15,3,12,181,.98,.44,.94,.61,.69)
 (FALSE,24,6,10,171,.97,.29,.94,.45,.79) (TRUE,171,10,6,24,.71,.03,.80,.06,.79)
 (FALSE,16,10,12,173,.95,.43,.94,.59,.69)
 (TRUE,173,12,10,16,.57,.05,.62,.10,.69)
 (FALSE,20,7,11,173,.96,.35,.94,.52,.75) (TRUE,173,11,7,20,.65,.04,.74,.07,.75)
 (FALSE,21,8,14,168,.95,.40,.92,.56,.72) (TRUE,168,14,8,21,.60,.05,.72,.08,.72)
 (FALSE,23,3,8,177,.98,.26,.96,.41,.82) (TRUE,177,8,3,23,.74,.02,.88,.03,.82)
 (FALSE,18,9,14,170,.95,.44,.92,.60,.69) (TRUE,170,14,9,18,.56,.05,.67,.09,.69)
 (TRUE,182,8,5,16,.67,.03,.76,.05,.76) (FALSE,16,5,8,182,.97,.33,.96,.50,.76))