((FALSE,21,45,8,137,.75,.28,.94,.40,.74) (TRUE,137,8,45,21,.72,.25,.32,.37,.74)
 (FALSE,20,5,16,170,.97,.44,.91,.61,.69) (TRUE,170,16,5,20,.56,.03,.80,.05,.69)
 (FALSE,17,32,7,155,.83,.29,.96,.43,.76) (TRUE,155,7,32,17,.71,.17,.35,.28,.76)
 (FALSE,17,6,18,170,.97,.51,.90,.67,.64) (TRUE,170,18,6,17,.49,.03,.74,.06,.64)
 (FALSE,26,36,5,144,.80,.16,.97,.27,.82) (TRUE,144,5,36,26,.84,.20,.42,.32,.82)
 (FALSE,25,37,7,142,.79,.22,.95,.34,.79) (TRUE,142,7,37,25,.78,.21,.40,.33,.79)
 (TRUE,140,8,31,32,.80,.18,.51,.30,.81) (FALSE,32,31,8,140,.82,.20,.95,.32,.81)
 (FALSE,26,29,7,149,.84,.21,.96,.34,.81) (TRUE,149,7,29,26,.79,.16,.47,.27,.81)
 (FALSE,17,10,15,169,.94,.47,.92,.63,.67)
 (TRUE,169,15,10,17,.53,.06,.63,.10,.67)
 (FALSE,11,10,24,166,.94,.69,.87,.79,.51)
 (TRUE,166,24,10,11,.31,.06,.52,.10,.51))