((FALSE,25,48,14,124,.72,.36,.90,.48,.68)
 (TRUE,124,14,48,25,.64,.28,.34,.39,.68)
 (FALSE,14,52,11,134,.72,.44,.92,.55,.63)
 (TRUE,134,11,52,14,.56,.28,.21,.37,.63)
 (FALSE,26,57,5,123,.68,.16,.96,.26,.75) (TRUE,123,5,57,26,.84,.32,.31,.46,.75)
 (TRUE,126,3,58,24,.89,.32,.29,.47,.76) (FALSE,24,58,3,126,.68,.11,.98,.19,.76)
 (FALSE,22,52,13,124,.70,.37,.91,.49,.66)
 (TRUE,124,13,52,22,.63,.30,.30,.40,.66)
 (FALSE,21,56,9,125,.69,.30,.93,.42,.70) (TRUE,125,9,56,21,.70,.31,.27,.43,.70)
 (FALSE,21,59,7,124,.68,.25,.95,.37,.71) (TRUE,124,7,59,21,.75,.32,.26,.45,.71)
 (FALSE,21,63,10,117,.65,.32,.92,.43,.66)
 (TRUE,117,10,63,21,.68,.35,.25,.46,.66)
 (FALSE,22,62,9,118,.66,.29,.93,.40,.68) (TRUE,118,9,62,22,.71,.34,.26,.46,.68)
 (FALSE,19,44,10,138,.76,.34,.93,.47,.70)
 (TRUE,138,10,44,19,.66,.24,.30,.35,.70))