((FALSE,25,14,16,156,.92,.39,.91,.55,.72)
 (TRUE,156,16,14,25,.61,.08,.64,.15,.72)
 (FALSE,23,24,9,155,.87,.28,.95,.42,.78) (TRUE,155,9,24,23,.72,.13,.49,.23,.78)
 (FALSE,20,10,7,174,.95,.26,.96,.41,.81) (TRUE,174,7,10,20,.74,.05,.67,.10,.81)
 (FALSE,31,12,11,157,.93,.26,.93,.41,.81)
 (TRUE,157,11,12,31,.74,.07,.72,.13,.81) (FALSE,29,8,6,168,.95,.17,.97,.29,.87)
 (TRUE,168,6,8,29,.83,.05,.78,.09,.87) (FALSE,27,16,10,158,.91,.27,.94,.42,.80)
 (TRUE,158,10,16,27,.73,.09,.63,.16,.80) (TRUE,164,6,15,26,.81,.08,.63,.15,.85)
 (FALSE,26,15,6,164,.92,.19,.96,.31,.85)
 (FALSE,30,14,8,159,.92,.21,.95,.34,.84) (TRUE,159,8,14,30,.79,.08,.68,.15,.84)
 (FALSE,22,14,11,164,.92,.33,.94,.49,.76)
 (TRUE,164,11,14,22,.67,.08,.61,.14,.76) (TRUE,167,16,8,20,.56,.05,.71,.08,.68)
 (FALSE,20,8,16,167,.95,.44,.91,.61,.68))