((TRUE,171,20,1,19,.49,.01,.95,.01,.64) (FALSE,19,1,20,171,.99,.51,.90,.68,.64)
 (FALSE,18,1,18,174,.99,.50,.91,.67,.65) (TRUE,174,18,1,18,.50,.01,.95,.01,.65)
 (FALSE,13,3,19,176,.98,.59,.90,.74,.58) (TRUE,176,19,3,13,.41,.02,.81,.03,.58)
 (FALSE,10,1,13,187,.99,.57,.94,.72,.60) (TRUE,187,13,1,10,.43,.01,.91,.01,.60)
 (FALSE,12,1,15,183,.99,.56,.92,.71,.61) (TRUE,183,15,1,12,.44,.01,.92,.01,.61)
 (TRUE,178,19,0,14,.42,.00,1.00,.00,.59)
 (FALSE,14,0,19,178,1.00,.58,.90,.73,.59)
 (TRUE,176,15,2,18,.55,.01,.90,.02,.68) (FALSE,18,2,15,176,.99,.45,.92,.62,.68)
 (FALSE,14,1,18,178,.99,.56,.91,.72,.60) (TRUE,178,18,1,14,.44,.01,.93,.01,.60)
 (FALSE,15,0,14,182,1.00,.48,.93,.65,.66)
 (TRUE,182,14,0,15,.52,.00,1.00,.00,.66)
 (FALSE,16,1,13,181,.99,.45,.93,.62,.68) (TRUE,181,13,1,16,.55,.01,.94,.01,.68))