((FALSE,27,41,19,124,.75,.41,.87,.53,.66)
 (TRUE,124,19,41,27,.59,.25,.40,.35,.66)
 (FALSE,20,40,11,140,.78,.35,.93,.49,.70)
 (TRUE,140,11,40,20,.65,.22,.33,.33,.70)
 (FALSE,17,40,15,139,.78,.47,.90,.58,.63)
 (TRUE,139,15,40,17,.53,.22,.30,.31,.63)
 (FALSE,23,38,8,142,.79,.26,.95,.39,.76) (TRUE,142,8,38,23,.74,.21,.38,.33,.76)
 (FALSE,28,40,10,133,.77,.26,.93,.39,.75)
 (TRUE,133,10,40,28,.74,.23,.41,.35,.75)
 (FALSE,12,33,15,151,.82,.56,.91,.66,.59)
 (TRUE,151,15,33,12,.44,.18,.27,.26,.59)
 (FALSE,18,38,16,139,.79,.47,.90,.59,.63)
 (TRUE,139,16,38,18,.53,.21,.32,.31,.63)
 (FALSE,11,27,20,153,.85,.65,.88,.73,.53)
 (TRUE,153,20,27,11,.35,.15,.29,.21,.53)
 (FALSE,14,32,14,151,.83,.50,.92,.62,.63)
 (TRUE,151,14,32,14,.50,.17,.30,.26,.63)
 (FALSE,21,35,9,146,.81,.30,.94,.44,.75) (TRUE,146,9,35,21,.70,.19,.38,.30,.75))