((TRUE,12,19,170,10,.34,.93,.06,.50,.19)
 (FALSE,10,170,19,12,.07,.66,.39,.12,.19)
 (FALSE,10,170,21,10,.06,.68,.32,.10,.18)
 (TRUE,10,21,170,10,.32,.94,.06,.48,.18)
 (FALSE,8,168,21,14,.08,.72,.40,.14,.17) (TRUE,14,21,168,8,.28,.92,.05,.42,.17)
 (FALSE,12,166,25,8,.05,.68,.24,.09,.17) (TRUE,8,25,166,12,.32,.95,.07,.48,.17)
 (FALSE,15,169,17,10,.06,.53,.37,.10,.23)
 (TRUE,10,17,169,15,.47,.94,.08,.63,.23)
 (FALSE,11,157,36,7,.04,.77,.16,.08,.13) (TRUE,7,36,157,11,.23,.96,.07,.38,.13)
 (TRUE,7,22,169,13,.37,.96,.07,.54,.19) (FALSE,13,169,22,7,.04,.63,.24,.07,.19)
 (FALSE,15,164,22,10,.06,.59,.31,.10,.21)
 (TRUE,10,22,164,15,.41,.94,.08,.57,.21)
 (FALSE,17,168,19,7,.04,.53,.27,.07,.23) (TRUE,7,19,168,17,.47,.96,.09,.63,.23)
 (FALSE,10,169,25,7,.04,.71,.22,.08,.15) (TRUE,7,25,169,10,.29,.96,.06,.44,.15))