((FALSE,21,178,12,0,.00,.36,.00,.00,.25)
 (TRUE,0,12,178,21,.64,1.00,.11,.00,.25)
 (FALSE,15,178,18,0,.00,.55,.00,.00,.19)
 (TRUE,0,18,178,15,.45,1.00,.08,.00,.19)
 (FALSE,13,182,16,0,.00,.55,.00,.00,.19)
 (TRUE,0,16,182,13,.45,1.00,.07,.00,.19)
 (FALSE,16,173,20,2,.01,.56,.09,.02,.20) (TRUE,2,20,173,16,.44,.99,.08,.61,.20)
 (FALSE,13,175,23,0,.00,.64,.00,.00,.16)
 (TRUE,0,23,175,13,.36,1.00,.07,.00,.16)
 (FALSE,16,173,21,1,.01,.57,.05,.01,.19) (TRUE,1,21,173,16,.43,.99,.08,.60,.19)
 (FALSE,20,173,17,1,.01,.46,.06,.01,.23) (TRUE,1,17,173,20,.54,.99,.10,.70,.23)
 (FALSE,12,177,21,1,.01,.64,.05,.01,.17) (TRUE,1,21,177,12,.36,.99,.06,.53,.17)
 (FALSE,11,179,21,0,.00,.66,.00,.00,.15)
 (TRUE,0,21,179,11,.34,1.00,.06,.00,.15)
 (FALSE,16,176,17,2,.01,.52,.11,.02,.21) (TRUE,2,17,176,16,.48,.99,.08,.65,.21))