((FALSE,21,18,12,160,.90,.36,.93,.52,.73)
 (TRUE,160,12,18,21,.64,.10,.54,.17,.73)
 (FALSE,23,13,14,161,.93,.38,.92,.54,.73)
 (TRUE,161,14,13,23,.62,.07,.64,.13,.73)
 (FALSE,19,12,7,173,.94,.27,.96,.42,.80) (TRUE,173,7,12,19,.73,.06,.61,.12,.80)
 (FALSE,28,14,9,160,.92,.24,.95,.38,.82) (TRUE,160,9,14,28,.76,.08,.67,.15,.82)
 (FALSE,21,16,14,160,.91,.40,.92,.56,.71)
 (TRUE,160,14,16,21,.60,.09,.57,.16,.71)
 (FALSE,25,15,11,160,.91,.31,.94,.46,.78)
 (TRUE,160,11,15,25,.69,.09,.63,.15,.78)
 (TRUE,170,11,14,16,.59,.08,.53,.13,.71)
 (FALSE,16,14,11,170,.92,.41,.94,.57,.71)
 (FALSE,20,17,4,170,.91,.17,.98,.28,.87) (TRUE,170,4,17,20,.83,.09,.54,.16,.87)
 (FALSE,25,17,10,159,.90,.29,.94,.43,.79)
 (TRUE,159,10,17,25,.71,.10,.60,.17,.79)
 (FALSE,25,17,8,161,.90,.24,.95,.38,.82) (TRUE,161,8,17,25,.76,.10,.60,.17,.82))