((FALSE,21,1,14,175,.99,.40,.93,.57,.72) (TRUE,175,14,1,21,.60,.01,.95,.01,.72)
 (FALSE,18,5,13,175,.97,.42,.93,.59,.70) (TRUE,175,13,5,18,.58,.03,.78,.05,.70)
 (FALSE,18,10,5,178,.95,.22,.97,.35,.84) (TRUE,178,5,10,18,.78,.05,.64,.10,.84)
 (FALSE,17,4,20,170,.98,.54,.89,.70,.62) (TRUE,170,20,4,17,.46,.02,.81,.04,.62)
 (FALSE,12,11,8,180,.94,.40,.96,.56,.71) (TRUE,180,8,11,12,.60,.06,.52,.11,.71)
 (FALSE,12,7,21,171,.96,.64,.89,.77,.55) (TRUE,171,21,7,12,.36,.04,.63,.07,.55)
 (FALSE,16,8,10,177,.96,.38,.95,.55,.73) (TRUE,177,10,8,16,.62,.04,.67,.08,.73)
 (FALSE,21,11,11,168,.94,.34,.94,.50,.75)
 (TRUE,168,11,11,21,.66,.06,.66,.11,.75)
 (FALSE,18,4,18,171,.98,.50,.90,.66,.65) (TRUE,171,18,4,18,.50,.02,.82,.04,.65)
 (FALSE,13,4,14,180,.98,.52,.93,.68,.63) (TRUE,180,14,4,13,.48,.02,.76,.04,.63))