((TRUE,119,11,60,21,.66,.34,.26,.44,.66)
 (FALSE,21,60,11,119,.66,.34,.92,.45,.66)
 (FALSE,27,63,3,118,.65,.10,.98,.17,.74) (TRUE,118,3,63,27,.90,.35,.30,.50,.74)
 (FALSE,30,52,16,113,.68,.35,.88,.46,.67)
 (TRUE,113,16,52,30,.65,.32,.37,.42,.67)
 (FALSE,23,48,12,128,.73,.34,.91,.47,.69)
 (TRUE,128,12,48,23,.66,.27,.32,.39,.69)
 (FALSE,20,51,12,128,.72,.38,.91,.49,.67)
 (TRUE,128,12,51,20,.63,.28,.28,.39,.67) (TRUE,141,7,41,22,.76,.23,.35,.35,.77)
 (FALSE,22,41,7,141,.77,.24,.95,.37,.77)
 (FALSE,22,32,19,138,.81,.46,.88,.59,.65)
 (TRUE,138,19,32,22,.54,.19,.41,.28,.65)
 (TRUE,141,11,36,23,.68,.20,.39,.31,.73)
 (FALSE,23,36,11,141,.80,.32,.93,.46,.73)
 (FALSE,28,49,9,125,.72,.24,.93,.36,.74) (TRUE,125,9,49,28,.76,.28,.36,.41,.74)
 (FALSE,19,44,9,139,.76,.32,.94,.45,.72) (TRUE,139,9,44,19,.68,.24,.30,.36,.72))