((FALSE,28,55,9,119,.68,.24,.93,.36,.72) (TRUE,119,9,55,28,.76,.32,.34,.45,.72)
 (FALSE,24,55,11,121,.69,.31,.92,.43,.69)
 (TRUE,121,11,55,24,.69,.31,.30,.43,.69)
 (FALSE,31,56,5,119,.68,.14,.96,.23,.75) (TRUE,119,5,56,31,.86,.32,.36,.47,.75)
 (FALSE,24,57,6,124,.69,.20,.95,.31,.74) (TRUE,124,6,57,24,.80,.31,.30,.45,.74)
 (FALSE,23,64,4,120,.65,.15,.97,.24,.73) (TRUE,120,4,64,23,.85,.35,.26,.49,.73)
 (TRUE,113,5,72,21,.81,.39,.23,.53,.69) (FALSE,21,72,5,113,.61,.19,.96,.29,.69)
 (FALSE,23,57,10,121,.68,.30,.92,.42,.69)
 (TRUE,121,10,57,23,.70,.32,.29,.44,.69)
 (FALSE,21,52,8,130,.71,.28,.94,.40,.72) (TRUE,130,8,52,21,.72,.29,.29,.41,.72)
 (FALSE,20,60,7,124,.67,.26,.95,.37,.71) (TRUE,124,7,60,20,.74,.33,.25,.45,.71)
 (FALSE,27,71,7,106,.60,.21,.94,.31,.68) (TRUE,106,7,71,27,.79,.40,.28,.53,.68))