((FALSE,21,7,11,172,.96,.34,.94,.51,.76) (TRUE,172,11,7,21,.66,.04,.75,.07,.76)
 (TRUE,170,14,7,20,.59,.04,.74,.07,.71) (FALSE,20,7,14,170,.96,.41,.92,.58,.71)
 (FALSE,16,11,13,171,.94,.45,.93,.61,.68)
 (TRUE,171,13,11,16,.55,.06,.59,.11,.68)
 (FALSE,19,9,16,167,.95,.46,.91,.62,.67) (TRUE,167,16,9,19,.54,.05,.68,.09,.67)
 (FALSE,20,11,17,163,.94,.46,.91,.62,.67)
 (TRUE,163,17,11,20,.54,.06,.65,.11,.67)
 (FALSE,21,8,14,168,.95,.40,.92,.56,.72) (TRUE,168,14,8,21,.60,.05,.72,.08,.72)
 (FALSE,22,5,16,168,.97,.42,.91,.59,.70) (TRUE,168,16,5,22,.58,.03,.81,.06,.70)
 (FALSE,19,8,13,171,.96,.41,.93,.57,.71) (TRUE,171,13,8,19,.59,.04,.70,.08,.71)
 (FALSE,17,9,14,171,.95,.45,.92,.61,.68) (TRUE,171,14,9,17,.55,.05,.65,.09,.68)
 (FALSE,20,3,17,171,.98,.46,.91,.63,.67) (TRUE,171,17,3,20,.54,.02,.87,.03,.67))