((FALSE,24,57,8,122,.68,.25,.94,.37,.71) (TRUE,122,8,57,24,.75,.32,.30,.45,.71)
 (FALSE,23,47,8,133,.74,.26,.94,.38,.74) (TRUE,133,8,47,23,.74,.26,.33,.39,.74)
 (FALSE,25,50,9,127,.72,.26,.93,.39,.73) (TRUE,127,9,50,25,.74,.28,.33,.41,.73)
 (FALSE,18,52,8,133,.72,.31,.94,.43,.71) (TRUE,133,8,52,18,.69,.28,.26,.40,.71)
 (FALSE,19,70,5,117,.63,.21,.96,.31,.70) (TRUE,117,5,70,19,.79,.37,.21,.51,.70)
 (FALSE,15,54,10,132,.71,.40,.93,.51,.65)
 (TRUE,132,10,54,15,.60,.29,.22,.39,.65) (TRUE,133,3,52,23,.88,.28,.31,.43,.79)
 (FALSE,23,52,3,133,.72,.12,.98,.20,.79)
 (FALSE,30,50,3,128,.72,.09,.98,.16,.79) (TRUE,128,3,50,30,.91,.28,.38,.43,.79)
 (FALSE,21,63,8,119,.65,.28,.94,.39,.69) (TRUE,119,8,63,21,.72,.35,.25,.47,.69)
 (FALSE,23,70,4,114,.62,.15,.97,.24,.71) (TRUE,114,4,70,23,.85,.38,.25,.53,.71))