((FALSE,7,121,21,62,.34,.75,.75,.47,.29) (TRUE,62,21,121,7,.25,.66,.05,.36,.29)
 (FALSE,4,113,32,62,.35,.89,.66,.51,.22) (TRUE,62,32,113,4,.11,.65,.03,.19,.22)
 (FALSE,11,122,26,52,.30,.70,.67,.42,.30)
 (TRUE,52,26,122,11,.30,.70,.08,.42,.30)
 (FALSE,10,129,26,46,.26,.72,.64,.39,.27)
 (TRUE,46,26,129,10,.28,.74,.07,.40,.27)
 (FALSE,8,134,20,49,.27,.71,.71,.39,.28) (TRUE,49,20,134,8,.29,.73,.06,.41,.28)
 (FALSE,10,129,27,45,.26,.73,.63,.38,.26)
 (TRUE,45,27,129,10,.27,.74,.07,.40,.26)
 (FALSE,8,116,23,64,.36,.74,.74,.48,.31) (TRUE,64,23,116,8,.26,.64,.06,.37,.31)
 (TRUE,62,28,116,5,.15,.65,.04,.25,.24) (FALSE,5,116,28,62,.35,.85,.69,.49,.24)
 (TRUE,57,29,118,7,.19,.67,.06,.30,.26) (FALSE,7,118,29,57,.33,.81,.66,.46,.26)
 (TRUE,44,24,134,9,.27,.75,.06,.40,.26) (FALSE,9,134,24,44,.25,.73,.65,.37,.26))