((FALSE,6,110,25,70,.39,.81,.74,.52,.28) (TRUE,70,25,110,6,.19,.61,.05,.29,.28)
 (FALSE,8,129,31,43,.25,.79,.58,.38,.23) (TRUE,43,31,129,8,.21,.75,.06,.32,.23)
 (TRUE,59,28,122,2,.07,.67,.02,.12,.19) (FALSE,2,122,28,59,.33,.93,.68,.48,.19)
 (FALSE,5,109,25,72,.40,.83,.74,.54,.27) (TRUE,72,25,109,5,.17,.60,.04,.26,.27)
 (FALSE,8,127,26,50,.28,.76,.66,.41,.26) (TRUE,50,26,127,8,.24,.72,.06,.35,.26)
 (FALSE,10,125,20,56,.31,.67,.74,.42,.32)
 (TRUE,56,20,125,10,.33,.69,.07,.45,.32) (TRUE,68,30,109,4,.12,.62,.04,.20,.24)
 (FALSE,4,109,30,68,.38,.88,.69,.54,.24)
 (FALSE,4,122,28,57,.32,.88,.67,.47,.22) (TRUE,57,28,122,4,.13,.68,.03,.21,.22)
 (TRUE,54,22,122,13,.37,.69,.10,.48,.34)
 (FALSE,13,122,22,54,.31,.63,.71,.41,.34)
 (FALSE,5,125,26,55,.31,.84,.68,.45,.23) (TRUE,55,26,125,5,.16,.69,.04,.26,.23))