((FALSE,12,184,15,0,.00,.56,.00,.00,.19)
 (TRUE,0,15,184,12,.44,1.00,.06,.00,.19)
 (FALSE,13,183,14,1,.01,.52,.07,.01,.21) (TRUE,1,14,183,13,.48,.99,.07,.65,.21)
 (FALSE,22,171,16,2,.01,.42,.11,.02,.24) (TRUE,2,16,171,22,.58,.99,.11,.73,.24)
 (TRUE,0,13,180,18,.58,1.00,.09,.00,.23)
 (FALSE,18,180,13,0,.00,.42,.00,.00,.23)
 (FALSE,20,164,26,1,.01,.57,.04,.01,.19) (TRUE,1,26,164,20,.43,.99,.11,.60,.19)
 (FALSE,21,175,14,1,.01,.40,.07,.01,.24) (TRUE,1,14,175,21,.60,.99,.11,.75,.24)
 (FALSE,10,192,8,1,.01,.44,.11,.01,.23) (TRUE,1,8,192,10,.56,.99,.05,.71,.23)
 (FALSE,14,180,17,0,.00,.55,.00,.00,.19)
 (TRUE,0,17,180,14,.45,1.00,.07,.00,.19)
 (FALSE,18,180,13,0,.00,.42,.00,.00,.23)
 (TRUE,0,13,180,18,.58,1.00,.09,.00,.23)
 (TRUE,0,19,177,15,.44,1.00,.08,.00,.19)
 (FALSE,15,177,19,0,.00,.56,.00,.00,.19))