((FALSE,28,9,15,159,.95,.35,.91,.51,.75) (TRUE,159,15,9,28,.65,.05,.76,.10,.75)
 (FALSE,13,22,17,159,.88,.57,.90,.69,.59)
 (TRUE,159,17,22,13,.43,.12,.37,.19,.59)
 (FALSE,22,16,13,160,.91,.37,.92,.53,.73)
 (TRUE,160,13,16,22,.63,.09,.58,.16,.73)
 (FALSE,21,19,9,162,.90,.30,.95,.45,.78) (TRUE,162,9,19,21,.70,.10,.52,.18,.78)
 (FALSE,29,16,14,152,.90,.33,.92,.48,.76)
 (TRUE,152,14,16,29,.67,.10,.64,.17,.76)
 (FALSE,21,18,11,161,.90,.34,.94,.50,.75)
 (TRUE,161,11,18,21,.66,.10,.54,.17,.75)
 (FALSE,23,19,11,158,.89,.32,.93,.47,.76)
 (TRUE,158,11,19,23,.68,.11,.55,.19,.76)
 (FALSE,36,11,12,152,.93,.25,.93,.39,.82)
 (TRUE,152,12,11,36,.75,.07,.77,.12,.82)
 (FALSE,23,18,11,159,.90,.32,.94,.48,.76)
 (TRUE,159,11,18,23,.68,.10,.56,.18,.76)
 (FALSE,25,25,10,151,.86,.29,.94,.43,.77)
 (TRUE,151,10,25,25,.71,.14,.50,.24,.77))