((FALSE,20,67,3,121,.64,.13,.98,.22,.73) (TRUE,121,3,67,20,.87,.36,.23,.51,.73)
 (FALSE,39,51,5,116,.69,.11,.96,.20,.77) (TRUE,116,5,51,39,.89,.31,.43,.45,.77)
 (FALSE,28,66,9,108,.62,.24,.92,.35,.68) (TRUE,108,9,66,28,.76,.38,.30,.51,.68)
 (FALSE,29,62,14,106,.63,.33,.88,.43,.65)
 (TRUE,106,14,62,29,.67,.37,.32,.48,.65)
 (TRUE,125,11,55,20,.65,.31,.27,.41,.67)
 (FALSE,20,55,11,125,.69,.35,.92,.47,.67)
 (FALSE,26,57,11,117,.67,.30,.91,.41,.69)
 (TRUE,117,11,57,26,.70,.33,.31,.45,.69)
 (FALSE,27,57,9,118,.67,.25,.93,.36,.71) (TRUE,118,9,57,27,.75,.33,.32,.45,.71)
 (FALSE,28,65,7,111,.63,.20,.94,.30,.70) (TRUE,111,7,65,28,.80,.37,.30,.51,.70)
 (TRUE,118,7,55,31,.82,.32,.36,.46,.74) (FALSE,31,55,7,118,.68,.18,.94,.29,.74)
 (FALSE,30,79,9,93,.54,.23,.91,.32,.64) (TRUE,93,9,79,30,.77,.46,.28,.58,.64))