((FALSE,8,121,26,56,.32,.76,.68,.45,.27) (TRUE,56,26,121,8,.24,.68,.06,.35,.27)
 (FALSE,7,132,17,55,.29,.71,.76,.42,.29) (TRUE,55,17,132,7,.29,.71,.05,.41,.29)
 (FALSE,9,135,23,44,.25,.72,.66,.37,.26) (TRUE,44,23,135,9,.28,.75,.06,.41,.26)
 (FALSE,10,132,21,48,.27,.68,.70,.38,.29)
 (TRUE,48,21,132,10,.32,.73,.07,.45,.29)
 (FALSE,8,132,19,52,.28,.70,.73,.40,.29) (TRUE,52,19,132,8,.30,.72,.06,.42,.29)
 (FALSE,8,121,31,51,.30,.79,.62,.43,.25) (TRUE,51,31,121,8,.21,.70,.06,.32,.25)
 (FALSE,7,119,28,57,.32,.80,.67,.46,.26) (TRUE,57,28,119,7,.20,.68,.06,.31,.26)
 (FALSE,5,123,23,60,.33,.82,.72,.47,.25) (TRUE,60,23,123,5,.18,.67,.04,.28,.25)
 (FALSE,13,127,21,50,.28,.62,.70,.39,.33)
 (TRUE,50,21,127,13,.38,.72,.09,.50,.33)
 (FALSE,6,128,16,61,.32,.73,.79,.45,.30) (TRUE,61,16,128,6,.27,.68,.04,.39,.30))