((FALSE,10,133,21,47,.26,.68,.69,.38,.29)
 (TRUE,47,21,133,10,.32,.74,.07,.45,.29)
 (FALSE,8,127,28,48,.27,.78,.63,.41,.25) (TRUE,48,28,127,8,.22,.73,.06,.34,.25)
 (FALSE,10,136,27,38,.22,.73,.58,.34,.24)
 (TRUE,38,27,136,10,.27,.78,.07,.40,.24)
 (FALSE,9,138,22,42,.23,.71,.66,.35,.26) (TRUE,42,22,138,9,.29,.77,.06,.42,.26)
 (FALSE,12,127,28,44,.26,.70,.61,.38,.28)
 (TRUE,44,28,127,12,.30,.74,.09,.43,.28)
 (FALSE,9,141,19,42,.23,.68,.69,.34,.27) (TRUE,42,19,141,9,.32,.77,.06,.45,.27)
 (FALSE,8,119,25,59,.33,.76,.70,.46,.29) (TRUE,59,25,119,8,.24,.67,.06,.36,.29)
 (FALSE,9,125,20,57,.31,.69,.74,.43,.31) (TRUE,57,20,125,9,.31,.69,.07,.43,.31)
 (FALSE,5,131,26,49,.27,.84,.65,.41,.21) (TRUE,49,26,131,5,.16,.73,.04,.26,.21)
 (FALSE,10,133,20,48,.27,.67,.71,.38,.30)
 (TRUE,48,20,133,10,.33,.73,.07,.46,.30))