((FALSE,12,177,19,3,.02,.61,.14,.03,.18) (TRUE,3,19,177,12,.39,.98,.06,.56,.18)
 (FALSE,18,173,18,2,.01,.50,.10,.02,.22) (TRUE,2,18,173,18,.50,.99,.09,.66,.22)
 (FALSE,21,166,20,4,.02,.49,.17,.04,.23) (TRUE,4,20,166,21,.51,.98,.11,.67,.23)
 (FALSE,19,168,19,5,.03,.50,.21,.05,.23) (TRUE,5,19,168,19,.50,.97,.10,.66,.23)
 (FALSE,14,176,17,4,.02,.55,.19,.04,.21) (TRUE,4,17,176,14,.45,.98,.07,.62,.21)
 (TRUE,5,22,171,13,.37,.97,.07,.54,.18) (FALSE,13,171,22,5,.03,.63,.19,.05,.18)
 (FALSE,15,177,15,4,.02,.50,.21,.04,.22) (TRUE,4,15,177,15,.50,.98,.08,.66,.22)
 (FALSE,11,165,25,10,.06,.69,.29,.11,.17)
 (TRUE,10,25,165,11,.31,.94,.06,.46,.17)
 (TRUE,0,18,175,18,.50,1.00,.09,.00,.21)
 (FALSE,18,175,18,0,.00,.50,.00,.00,.21)
 (FALSE,11,179,17,4,.02,.61,.19,.04,.19) (TRUE,4,17,179,11,.39,.98,.06,.56,.19))