((FALSE,36,60,7,108,.64,.16,.94,.26,.72) (TRUE,108,7,60,36,.84,.36,.38,.50,.72)
 (FALSE,19,54,13,125,.70,.41,.91,.51,.64)
 (TRUE,125,13,54,19,.59,.30,.26,.40,.64)
 (FALSE,21,60,4,126,.68,.16,.97,.26,.75) (TRUE,126,4,60,21,.84,.32,.26,.47,.75)
 (FALSE,34,60,10,107,.64,.23,.91,.34,.70)
 (TRUE,107,10,60,34,.77,.36,.36,.49,.70)
 (FALSE,27,58,7,119,.67,.21,.94,.32,.73) (TRUE,119,7,58,27,.79,.33,.32,.46,.73)
 (FALSE,25,55,10,121,.69,.29,.92,.40,.70)
 (TRUE,121,10,55,25,.71,.31,.31,.43,.70)
 (FALSE,21,66,12,112,.63,.36,.90,.46,.63)
 (TRUE,112,12,66,21,.64,.37,.24,.47,.63)
 (FALSE,26,59,9,117,.66,.26,.93,.37,.70) (TRUE,117,9,59,26,.74,.34,.31,.46,.70)
 (FALSE,30,56,4,121,.68,.12,.97,.20,.76) (TRUE,121,4,56,30,.88,.32,.35,.47,.76)
 (TRUE,125,8,50,28,.78,.29,.36,.42,.74) (FALSE,28,50,8,125,.71,.22,.94,.34,.74))