((TRUE,178,12,3,18,.60,.02,.86,.03,.72) (FALSE,18,3,12,178,.98,.40,.94,.57,.72)
 (FALSE,16,4,15,176,.98,.48,.92,.65,.66) (TRUE,176,15,4,16,.52,.02,.80,.04,.66)
 (FALSE,16,16,12,167,.91,.43,.93,.58,.69)
 (TRUE,167,12,16,16,.57,.09,.50,.15,.69)
 (FALSE,21,3,13,174,.98,.38,.93,.55,.73) (TRUE,174,13,3,21,.62,.02,.88,.03,.73)
 (FALSE,16,6,8,181,.97,.33,.96,.50,.76) (TRUE,181,8,6,16,.67,.03,.73,.06,.76)
 (FALSE,26,3,13,169,.98,.33,.93,.50,.76) (TRUE,169,13,3,26,.67,.02,.90,.03,.76)
 (FALSE,14,6,9,182,.97,.39,.95,.56,.72) (TRUE,182,9,6,14,.61,.03,.70,.06,.72)
 (FALSE,19,3,13,176,.98,.41,.93,.57,.71) (TRUE,176,13,3,19,.59,.02,.86,.03,.71)
 (TRUE,167,17,6,21,.55,.03,.78,.07,.68) (FALSE,21,6,17,167,.97,.45,.91,.61,.68)
 (FALSE,23,7,11,170,.96,.32,.94,.48,.77) (TRUE,170,11,7,23,.68,.04,.77,.07,.77))