((TRUE,52,28,123,8,.22,.70,.06,.34,.26) (FALSE,8,123,28,52,.30,.78,.65,.43,.26)
 (FALSE,6,150,20,35,.19,.77,.64,.30,.21) (TRUE,35,20,150,6,.23,.81,.04,.36,.21)
 (TRUE,43,22,130,16,.42,.75,.11,.54,.33)
 (FALSE,16,130,22,43,.25,.58,.66,.35,.33)
 (TRUE,26,26,143,16,.38,.85,.10,.53,.26)
 (FALSE,16,143,26,26,.15,.62,.50,.25,.26)
 (FALSE,13,138,14,46,.25,.52,.77,.34,.36)
 (TRUE,46,14,138,13,.48,.75,.09,.59,.36)
 (FALSE,20,131,19,41,.24,.49,.68,.32,.36)
 (TRUE,41,19,131,20,.51,.76,.13,.61,.36)
 (FALSE,14,139,29,29,.17,.67,.50,.27,.25)
 (TRUE,29,29,139,14,.33,.83,.09,.47,.25)
 (TRUE,36,20,141,14,.41,.80,.09,.54,.30)
 (FALSE,14,141,20,36,.20,.59,.64,.30,.30)
 (TRUE,76,21,105,9,.30,.58,.08,.40,.36) (FALSE,9,105,21,76,.42,.70,.78,.52,.36)
 (FALSE,15,148,21,27,.15,.58,.56,.24,.27)
 (TRUE,27,21,148,15,.42,.85,.09,.56,.27))