((FALSE,12,182,15,2,.01,.56,.12,.02,.20) (TRUE,2,15,182,12,.44,.99,.06,.61,.20)
 (FALSE,16,180,15,0,.00,.48,.00,.00,.21)
 (TRUE,0,15,180,16,.52,1.00,.08,.00,.21)
 (FALSE,14,182,14,1,.01,.50,.07,.01,.21) (TRUE,1,14,182,14,.50,.99,.07,.67,.21)
 (FALSE,17,171,21,2,.01,.55,.09,.02,.20) (TRUE,2,21,171,17,.45,.99,.09,.62,.20)
 (FALSE,18,180,12,1,.01,.40,.08,.01,.24) (TRUE,1,12,180,18,.60,.99,.09,.75,.24)
 (FALSE,17,176,16,2,.01,.48,.11,.02,.22) (TRUE,2,16,176,17,.52,.99,.09,.68,.22)
 (FALSE,13,183,15,0,.00,.54,.00,.00,.20)
 (TRUE,0,15,183,13,.46,1.00,.07,.00,.20)
 (FALSE,12,182,15,2,.01,.56,.12,.02,.20) (TRUE,2,15,182,12,.44,.99,.06,.61,.20)
 (FALSE,15,180,16,0,.00,.52,.00,.00,.20)
 (TRUE,0,16,180,15,.48,1.00,.08,.00,.20)
 (FALSE,12,181,16,2,.01,.57,.11,.02,.19) (TRUE,2,16,181,12,.43,.99,.06,.60,.19))