((FALSE,27,47,9,128,.73,.25,.93,.37,.74) (TRUE,128,9,47,27,.75,.27,.36,.40,.74)
 (FALSE,23,48,5,135,.74,.18,.96,.29,.78) (TRUE,135,5,48,23,.82,.26,.32,.40,.78)
 (FALSE,26,56,7,122,.69,.21,.95,.32,.73) (TRUE,122,7,56,26,.79,.31,.32,.45,.73)
 (TRUE,137,3,48,23,.88,.26,.32,.40,.80) (FALSE,23,48,3,137,.74,.12,.98,.20,.80)
 (FALSE,27,43,12,129,.75,.31,.91,.44,.72)
 (TRUE,129,12,43,27,.69,.25,.39,.37,.72)
 (FALSE,22,52,7,130,.71,.24,.95,.36,.74) (TRUE,130,7,52,22,.76,.29,.30,.42,.74)
 (FALSE,21,41,8,141,.77,.28,.95,.41,.75) (TRUE,141,8,41,21,.72,.23,.34,.34,.75)
 (TRUE,133,9,43,26,.74,.24,.38,.37,.75) (FALSE,26,43,9,133,.76,.26,.94,.38,.75)
 (FALSE,26,39,16,130,.77,.38,.89,.51,.69)
 (TRUE,130,16,39,26,.62,.23,.40,.34,.69)
 (FALSE,25,39,13,134,.77,.34,.91,.47,.71)
 (TRUE,134,13,39,25,.66,.23,.39,.34,.71))