((FALSE,22,1,16,172,.99,.42,.91,.59,.70) (TRUE,172,16,1,22,.58,.01,.96,.01,.70)
 (FALSE,16,0,15,180,1.00,.48,.92,.65,.66)
 (TRUE,180,15,0,16,.52,.00,1.00,.00,.66)
 (FALSE,21,0,11,179,1.00,.34,.94,.51,.76)
 (TRUE,179,11,0,21,.66,.00,1.00,.00,.76)
 (TRUE,183,15,0,13,.46,.00,1.00,.00,.62)
 (FALSE,13,0,15,183,1.00,.54,.92,.70,.62)
 (FALSE,17,1,18,175,.99,.51,.91,.68,.64) (TRUE,175,18,1,17,.49,.01,.94,.01,.64)
 (FALSE,17,4,16,174,.98,.48,.92,.65,.66) (TRUE,174,16,4,17,.52,.02,.81,.04,.66)
 (FALSE,12,2,22,175,.99,.65,.89,.78,.54) (TRUE,175,22,2,12,.35,.01,.86,.02,.54)
 (FALSE,15,2,21,173,.99,.58,.89,.73,.59) (TRUE,173,21,2,15,.42,.01,.88,.02,.59)
 (FALSE,23,3,19,166,.98,.45,.90,.62,.68) (TRUE,166,19,3,23,.55,.02,.88,.03,.68)
 (FALSE,17,0,14,180,1.00,.45,.93,.62,.68)
 (TRUE,180,14,0,17,.55,.00,1.00,.00,.68))