((TRUE,2,19,176,14,.42,.99,.07,.59,.19) (FALSE,14,176,19,2,.01,.58,.10,.02,.19)
 (FALSE,14,183,13,1,.01,.48,.07,.01,.22) (TRUE,1,13,183,14,.52,.99,.07,.68,.22)
 (FALSE,13,176,22,0,.00,.63,.00,.00,.16)
 (TRUE,0,22,176,13,.37,1.00,.07,.00,.16)
 (FALSE,17,171,20,3,.02,.54,.13,.03,.21) (TRUE,3,20,171,17,.46,.98,.09,.63,.21)
 (FALSE,19,182,10,0,.00,.34,.00,.00,.25)
 (TRUE,0,10,182,19,.66,1.00,.09,.00,.25)
 (FALSE,17,177,17,0,.00,.50,.00,.00,.21)
 (TRUE,0,17,177,17,.50,1.00,.09,.00,.21) (TRUE,2,22,173,14,.39,.99,.07,.56,.18)
 (FALSE,14,173,22,2,.01,.61,.08,.02,.18)
 (TRUE,0,16,175,20,.56,1.00,.10,.00,.23)
 (FALSE,20,175,16,0,.00,.44,.00,.00,.23)
 (FALSE,17,175,19,0,.00,.53,.00,.00,.20)
 (TRUE,0,19,175,17,.47,1.00,.09,.00,.20)
 (FALSE,15,181,15,0,.00,.50,.00,.00,.21)
 (TRUE,0,15,181,15,.50,1.00,.08,.00,.21))