((FALSE,19,23,19,150,.87,.50,.89,.63,.63)
 (TRUE,150,19,23,19,.50,.13,.45,.21,.63)
 (FALSE,13,33,8,157,.83,.38,.95,.52,.70) (TRUE,157,8,33,13,.62,.17,.28,.27,.70)
 (TRUE,151,15,32,13,.46,.17,.29,.25,.60)
 (FALSE,13,32,15,151,.83,.54,.91,.65,.60)
 (FALSE,21,29,15,146,.83,.42,.91,.56,.68)
 (TRUE,146,15,29,21,.58,.17,.42,.26,.68)
 (FALSE,28,27,11,145,.84,.28,.93,.42,.77)
 (TRUE,145,11,27,28,.72,.16,.51,.26,.77)
 (FALSE,20,24,8,159,.87,.29,.95,.43,.78) (TRUE,159,8,24,20,.71,.13,.45,.22,.78)
 (FALSE,18,29,12,152,.84,.40,.93,.54,.70)
 (TRUE,152,12,29,18,.60,.16,.38,.25,.70)
 (FALSE,13,38,21,139,.79,.62,.87,.69,.54)
 (TRUE,139,21,38,13,.38,.21,.25,.27,.54)
 (FALSE,16,34,16,145,.81,.50,.90,.62,.62)
 (TRUE,145,16,34,16,.50,.19,.32,.28,.62)
 (FALSE,20,32,18,141,.82,.47,.89,.60,.64)
 (TRUE,141,18,32,20,.53,.18,.38,.27,.64))