((FALSE,11,135,26,39,.22,.70,.60,.34,.26)
 (TRUE,39,26,135,11,.30,.78,.08,.43,.26)
 (FALSE,11,118,24,58,.33,.69,.71,.45,.32)
 (TRUE,58,24,118,11,.31,.67,.09,.43,.32)
 (FALSE,8,131,22,50,.28,.73,.69,.40,.27) (TRUE,50,22,131,8,.27,.72,.06,.39,.27)
 (TRUE,59,30,113,9,.23,.66,.07,.34,.28) (FALSE,9,113,30,59,.34,.77,.66,.47,.28)
 (FALSE,9,129,29,44,.25,.76,.60,.38,.25) (TRUE,44,29,129,9,.24,.75,.07,.36,.25)
 (FALSE,11,118,24,58,.33,.69,.71,.45,.32)
 (TRUE,58,24,118,11,.31,.67,.09,.43,.32) (TRUE,43,29,130,9,.24,.75,.06,.36,.24)
 (FALSE,9,130,29,43,.25,.76,.60,.37,.24)
 (FALSE,8,138,29,36,.21,.78,.55,.33,.21) (TRUE,36,29,138,8,.22,.79,.05,.34,.21)
 (FALSE,12,115,30,54,.32,.71,.64,.44,.30)
 (TRUE,54,30,115,12,.29,.68,.09,.40,.30)
 (TRUE,41,27,131,12,.31,.76,.08,.44,.27)
 (FALSE,12,131,27,41,.24,.69,.60,.35,.27))