((FALSE,6,160,25,20,.11,.81,.44,.20,.15) (TRUE,20,25,160,6,.19,.89,.04,.32,.15)
 (FALSE,6,168,22,15,.08,.79,.41,.15,.15) (TRUE,15,22,168,6,.21,.92,.03,.35,.15)
 (FALSE,11,170,16,14,.08,.59,.47,.13,.22)
 (TRUE,14,16,170,11,.41,.92,.06,.57,.22)
 (FALSE,14,154,22,21,.12,.61,.49,.20,.24)
 (TRUE,21,22,154,14,.39,.88,.08,.54,.24)
 (FALSE,9,160,20,22,.12,.69,.52,.21,.21) (TRUE,22,20,160,9,.31,.88,.05,.46,.21)
 (FALSE,9,155,24,23,.13,.73,.49,.22,.20) (TRUE,23,24,155,9,.27,.87,.05,.42,.20)
 (FALSE,11,159,25,16,.09,.69,.39,.16,.19)
 (TRUE,16,25,159,11,.31,.91,.06,.46,.19)
 (FALSE,7,163,21,20,.11,.75,.49,.19,.18) (TRUE,20,21,163,7,.25,.89,.04,.39,.18)
 (FALSE,4,156,31,20,.11,.89,.39,.20,.11) (TRUE,20,31,156,4,.11,.89,.03,.20,.11)
 (FALSE,6,157,18,30,.16,.75,.63,.26,.20) (TRUE,30,18,157,6,.25,.84,.04,.39,.20))