((FALSE,9,169,24,9,.05,.73,.27,.09,.15) (TRUE,9,24,169,9,.27,.95,.05,.42,.15)
 (FALSE,12,173,20,6,.03,.63,.23,.06,.19) (TRUE,6,20,173,12,.38,.97,.06,.54,.19)
 (FALSE,16,167,23,5,.03,.59,.18,.06,.20) (TRUE,5,23,167,16,.41,.97,.09,.58,.20)
 (FALSE,12,167,17,15,.08,.59,.47,.14,.23)
 (TRUE,15,17,167,12,.41,.92,.07,.57,.23)
 (FALSE,11,178,13,9,.05,.54,.41,.09,.23) (TRUE,9,13,178,11,.46,.95,.06,.62,.23)
 (TRUE,9,10,180,12,.55,.95,.06,.69,.25) (FALSE,12,180,10,9,.05,.45,.47,.09,.25)
 (TRUE,8,22,165,16,.42,.95,.09,.58,.21) (FALSE,16,165,22,8,.05,.58,.27,.09,.21)
 (FALSE,16,152,28,15,.09,.64,.35,.16,.21)
 (TRUE,15,28,152,16,.36,.91,.10,.52,.21)
 (FALSE,14,168,22,7,.04,.61,.24,.08,.20) (TRUE,7,22,168,14,.39,.96,.08,.55,.20)
 (FALSE,10,173,21,7,.04,.68,.25,.07,.17) (TRUE,7,21,173,10,.32,.96,.05,.48,.17))