((FALSE,5,126,27,53,.30,.84,.66,.44,.22) (TRUE,53,27,126,5,.16,.70,.04,.26,.22)
 (TRUE,43,30,130,8,.21,.75,.06,.33,.23) (FALSE,8,130,30,43,.25,.79,.59,.38,.23)
 (TRUE,49,26,132,4,.13,.73,.03,.23,.20) (FALSE,4,132,26,49,.27,.87,.65,.41,.20)
 (FALSE,6,134,21,50,.27,.78,.70,.40,.25) (TRUE,50,21,134,6,.22,.73,.04,.34,.25)
 (TRUE,50,24,124,13,.35,.71,.09,.47,.32)
 (FALSE,13,124,24,50,.29,.65,.68,.40,.32)
 (FALSE,10,132,22,47,.26,.69,.68,.38,.29)
 (TRUE,47,22,132,10,.31,.74,.07,.44,.29)
 (FALSE,12,128,23,48,.27,.66,.68,.39,.31)
 (TRUE,48,23,128,12,.34,.73,.09,.47,.31)
 (FALSE,11,129,22,49,.28,.67,.69,.39,.30)
 (TRUE,49,22,129,11,.33,.72,.08,.46,.30)
 (FALSE,8,126,21,56,.31,.72,.73,.43,.29) (TRUE,56,21,126,8,.28,.69,.06,.39,.29)
 (FALSE,10,120,34,47,.28,.77,.58,.41,.25)
 (TRUE,47,34,120,10,.23,.72,.08,.35,.25))