((FALSE,26,63,8,114,.64,.24,.93,.34,.70) (TRUE,114,8,63,26,.76,.36,.29,.49,.70)
 (FALSE,18,74,7,112,.60,.28,.94,.38,.66) (TRUE,112,7,74,18,.72,.40,.20,.51,.66)
 (FALSE,29,62,6,114,.65,.17,.95,.27,.72) (TRUE,114,6,62,29,.83,.35,.32,.49,.72)
 (FALSE,24,74,5,108,.59,.17,.96,.27,.69) (TRUE,108,5,74,24,.83,.41,.24,.55,.69)
 (FALSE,23,63,11,114,.64,.32,.91,.43,.66)
 (TRUE,114,11,63,23,.68,.36,.27,.47,.66)
 (FALSE,29,53,6,123,.70,.17,.95,.28,.75) (TRUE,123,6,53,29,.83,.30,.35,.44,.75)
 (FALSE,27,52,10,122,.70,.27,.92,.39,.72)
 (TRUE,122,10,52,27,.73,.30,.34,.42,.72)
 (FALSE,25,62,6,118,.66,.19,.95,.30,.72) (TRUE,118,6,62,25,.81,.34,.29,.48,.72)
 (FALSE,26,57,8,120,.68,.24,.94,.35,.72) (TRUE,120,8,57,26,.76,.32,.31,.45,.72)
 (FALSE,31,44,9,127,.74,.22,.93,.35,.76) (TRUE,127,9,44,31,.77,.26,.41,.39,.76))