((FALSE,32,54,2,123,.69,.06,.98,.11,.78) (TRUE,123,2,54,32,.94,.31,.37,.46,.78)
 (FALSE,22,61,9,119,.66,.29,.93,.40,.68) (TRUE,119,9,61,22,.71,.34,.27,.46,.68)
 (FALSE,31,59,10,111,.65,.24,.92,.36,.70)
 (TRUE,111,10,59,31,.76,.35,.34,.48,.70)
 (FALSE,26,57,11,117,.67,.30,.91,.41,.69)
 (TRUE,117,11,57,26,.70,.33,.31,.45,.69)
 (FALSE,28,59,11,113,.66,.28,.91,.39,.69)
 (TRUE,113,11,59,28,.72,.34,.32,.46,.69)
 (FALSE,28,53,5,125,.70,.15,.96,.25,.76) (TRUE,125,5,53,28,.85,.30,.35,.44,.76)
 (FALSE,20,62,4,125,.67,.17,.97,.27,.74) (TRUE,125,4,62,20,.83,.33,.24,.47,.74)
 (FALSE,24,74,7,106,.59,.23,.94,.33,.67) (TRUE,106,7,74,24,.77,.41,.24,.54,.67)
 (FALSE,25,60,6,120,.67,.19,.95,.30,.73) (TRUE,120,6,60,25,.81,.33,.29,.47,.73)
 (TRUE,116,10,60,25,.71,.34,.29,.46,.69)
 (FALSE,25,60,10,116,.66,.29,.92,.40,.69))