((TRUE,52,29,123,7,.19,.70,.05,.30,.24) (FALSE,7,123,29,52,.30,.81,.64,.43,.24)
 (FALSE,13,122,20,56,.31,.61,.74,.41,.35)
 (TRUE,56,20,122,13,.39,.69,.10,.50,.35)
 (FALSE,13,117,25,56,.32,.66,.69,.43,.33)
 (TRUE,56,25,117,13,.34,.68,.10,.45,.33) (TRUE,66,19,117,9,.32,.64,.07,.43,.34)
 (FALSE,9,117,19,66,.36,.68,.78,.47,.34)
 (TRUE,61,25,115,10,.29,.65,.08,.40,.32)
 (FALSE,10,115,25,61,.35,.71,.71,.47,.32)
 (FALSE,7,119,25,60,.34,.78,.71,.47,.27) (TRUE,60,25,119,7,.22,.66,.06,.33,.27)
 (FALSE,13,115,22,61,.35,.63,.73,.45,.36)
 (TRUE,61,22,115,13,.37,.65,.10,.47,.36)
 (FALSE,5,105,28,73,.41,.85,.72,.55,.27) (TRUE,73,28,105,5,.15,.59,.05,.24,.27)
 (FALSE,6,120,31,54,.31,.84,.64,.45,.23) (TRUE,54,31,120,6,.16,.69,.05,.26,.23)
 (FALSE,11,106,33,61,.37,.75,.65,.49,.31)
 (TRUE,61,33,106,11,.25,.63,.09,.36,.31))