((TRUE,135,10,44,22,.69,.25,.33,.36,.72)
 (FALSE,22,44,10,135,.75,.31,.93,.44,.72)
 (FALSE,18,48,7,138,.74,.28,.95,.41,.73) (TRUE,138,7,48,18,.72,.26,.27,.38,.73)
 (FALSE,28,42,5,136,.76,.15,.96,.25,.80) (TRUE,136,5,42,28,.85,.24,.40,.37,.80)
 (FALSE,28,43,6,134,.76,.18,.96,.29,.79) (TRUE,134,6,43,28,.82,.24,.39,.38,.79)
 (FALSE,27,47,8,129,.73,.23,.94,.35,.75) (TRUE,129,8,47,27,.77,.27,.36,.40,.75)
 (FALSE,21,36,15,139,.79,.42,.90,.55,.67)
 (TRUE,139,15,36,21,.58,.21,.37,.30,.67)
 (FALSE,28,59,2,122,.67,.07,.98,.12,.76) (TRUE,122,2,59,28,.93,.33,.32,.48,.76)
 (FALSE,31,48,11,121,.72,.26,.92,.38,.73)
 (TRUE,121,11,48,31,.74,.28,.39,.41,.73)
 (FALSE,25,41,9,136,.77,.26,.94,.39,.75) (TRUE,136,9,41,25,.74,.23,.38,.35,.75)
 (FALSE,16,43,4,148,.77,.20,.97,.32,.79) (TRUE,148,4,43,16,.80,.23,.27,.35,.79))