((FALSE,27,35,5,144,.80,.16,.97,.26,.82) (TRUE,144,5,35,27,.84,.20,.44,.32,.82)
 (TRUE,144,5,28,34,.87,.16,.55,.27,.85) (FALSE,34,28,5,144,.84,.13,.97,.22,.85)
 (FALSE,23,38,9,141,.79,.28,.94,.41,.75) (TRUE,141,9,38,23,.72,.21,.38,.33,.75)
 (FALSE,26,18,13,154,.90,.33,.92,.49,.75)
 (TRUE,154,13,18,26,.67,.10,.59,.18,.75)
 (FALSE,30,32,12,137,.81,.29,.92,.42,.76)
 (TRUE,137,12,32,30,.71,.19,.48,.30,.76) (TRUE,142,7,28,34,.83,.16,.55,.27,.83)
 (FALSE,34,28,7,142,.84,.17,.95,.28,.83)
 (FALSE,19,38,7,147,.79,.27,.95,.40,.76) (TRUE,147,7,38,19,.73,.21,.33,.32,.76)
 (TRUE,145,9,38,19,.68,.21,.33,.32,.73) (FALSE,19,38,9,145,.79,.32,.94,.46,.73)
 (TRUE,140,17,35,19,.53,.20,.35,.29,.64)
 (FALSE,19,35,17,140,.80,.47,.89,.59,.64)
 (FALSE,28,33,8,142,.81,.22,.95,.35,.79) (TRUE,142,8,33,28,.78,.19,.46,.30,.79))