((FALSE,7,116,25,63,.35,.78,.72,.49,.28) (TRUE,63,25,116,7,.22,.65,.06,.33,.28)
 (FALSE,11,121,24,55,.31,.69,.70,.43,.31)
 (TRUE,55,24,121,11,.31,.69,.08,.43,.31)
 (FALSE,8,119,26,58,.33,.76,.69,.46,.28) (TRUE,58,26,119,8,.24,.67,.06,.35,.28)
 (FALSE,6,105,36,64,.38,.86,.64,.53,.25) (TRUE,64,36,105,6,.14,.62,.05,.23,.25)
 (TRUE,57,17,130,7,.29,.70,.05,.41,.30) (FALSE,7,130,17,57,.30,.71,.77,.43,.30)
 (FALSE,5,122,24,60,.33,.83,.71,.47,.25) (TRUE,60,24,122,5,.17,.67,.04,.27,.25)
 (FALSE,3,122,26,60,.33,.90,.70,.48,.21) (TRUE,60,26,122,3,.10,.67,.02,.18,.21)
 (FALSE,4,114,34,59,.34,.89,.63,.49,.21) (TRUE,59,34,114,4,.11,.66,.03,.18,.21)
 (FALSE,9,118,29,55,.32,.76,.65,.45,.28) (TRUE,55,29,118,9,.24,.68,.07,.35,.28)
 (FALSE,3,126,20,62,.33,.87,.76,.48,.22) (TRUE,62,20,126,3,.13,.67,.02,.22,.22))