((FALSE,7,130,23,51,.28,.77,.69,.41,.26) (TRUE,51,23,130,7,.23,.72,.05,.35,.26)
 (FALSE,11,118,19,63,.35,.63,.77,.45,.36)
 (TRUE,63,19,118,11,.37,.65,.09,.47,.36) (TRUE,46,28,129,8,.22,.74,.06,.34,.24)
 (FALSE,8,129,28,46,.26,.78,.62,.39,.24)
 (FALSE,8,123,24,56,.31,.75,.70,.44,.28) (TRUE,56,24,123,8,.25,.69,.06,.37,.28)
 (FALSE,10,132,19,50,.27,.66,.72,.39,.31)
 (TRUE,50,19,132,10,.34,.73,.07,.47,.31)
 (FALSE,4,135,21,51,.27,.84,.71,.41,.22) (TRUE,51,21,135,4,.16,.73,.03,.26,.22)
 (FALSE,5,123,18,65,.35,.78,.78,.48,.28) (TRUE,65,18,123,5,.22,.65,.04,.33,.28)
 (FALSE,12,123,23,53,.30,.66,.70,.41,.32)
 (TRUE,53,23,123,12,.34,.70,.09,.46,.32)
 (FALSE,3,120,25,63,.34,.89,.72,.50,.22) (TRUE,63,25,120,3,.11,.66,.02,.18,.22)
 (FALSE,9,121,26,55,.31,.74,.68,.44,.28) (TRUE,55,26,121,9,.26,.69,.07,.37,.28))