((FALSE,13,36,18,144,.80,.58,.89,.67,.57)
 (TRUE,144,18,36,13,.42,.20,.27,.27,.57)
 (FALSE,19,43,17,132,.75,.47,.89,.58,.62)
 (TRUE,132,17,43,19,.53,.25,.31,.34,.62)
 (FALSE,13,24,15,159,.87,.54,.91,.66,.61)
 (TRUE,159,15,24,13,.46,.13,.35,.20,.61)
 (FALSE,22,31,16,142,.82,.42,.90,.56,.68)
 (TRUE,142,16,31,22,.58,.18,.42,.27,.68)
 (FALSE,25,24,12,150,.86,.32,.93,.47,.75)
 (TRUE,150,12,24,25,.68,.14,.51,.23,.75)
 (FALSE,23,34,12,142,.81,.34,.92,.48,.72)
 (TRUE,142,12,34,23,.66,.19,.40,.30,.72)
 (FALSE,18,32,15,146,.82,.45,.91,.58,.65)
 (TRUE,146,15,32,18,.55,.18,.36,.27,.65)
 (FALSE,25,40,11,135,.77,.31,.92,.44,.73)
 (TRUE,135,11,40,25,.69,.23,.38,.34,.73)
 (TRUE,138,12,34,27,.69,.20,.44,.31,.74)
 (FALSE,27,34,12,138,.80,.31,.92,.44,.74)
 (FALSE,21,26,11,153,.85,.34,.93,.49,.74)
 (TRUE,153,11,26,21,.66,.15,.45,.24,.74))