((FALSE,32,21,7,151,.88,.18,.96,.30,.85) (TRUE,151,7,21,32,.82,.12,.60,.21,.85)
 (FALSE,30,19,12,150,.89,.29,.93,.43,.78)
 (TRUE,150,12,19,30,.71,.11,.61,.19,.78)
 (FALSE,24,8,12,167,.95,.33,.93,.49,.76) (TRUE,167,12,8,24,.67,.05,.75,.09,.76)
 (FALSE,19,10,9,173,.95,.32,.95,.48,.77) (TRUE,173,9,10,19,.68,.05,.66,.10,.77)
 (FALSE,29,23,9,150,.87,.24,.94,.37,.81) (TRUE,150,9,23,29,.76,.13,.56,.23,.81)
 (FALSE,21,14,15,161,.92,.42,.91,.57,.70)
 (TRUE,161,15,14,21,.58,.08,.60,.14,.70)
 (FALSE,30,10,11,160,.94,.27,.94,.42,.81)
 (TRUE,160,11,10,30,.73,.06,.75,.11,.81) (FALSE,17,7,8,179,.96,.32,.96,.48,.77)
 (TRUE,179,8,7,17,.68,.04,.71,.07,.77) (TRUE,165,12,11,23,.66,.06,.68,.11,.75)
 (FALSE,23,11,12,165,.94,.34,.93,.50,.75)
 (FALSE,18,21,6,166,.89,.25,.97,.39,.81) (TRUE,166,6,21,18,.75,.11,.46,.20,.81))