((FALSE,16,1,17,177,.99,.52,.91,.68,.64) (TRUE,177,17,1,16,.48,.01,.94,.01,.64)
 (TRUE,180,19,2,10,.34,.01,.83,.02,.54) (FALSE,10,2,19,180,.99,.66,.90,.79,.54)
 (FALSE,18,1,19,173,.99,.51,.90,.68,.64) (TRUE,173,19,1,18,.49,.01,.95,.01,.64)
 (FALSE,19,0,15,177,1.00,.44,.92,.61,.69)
 (TRUE,177,15,0,19,.56,.00,1.00,.00,.69)
 (FALSE,15,1,23,172,.99,.61,.88,.75,.57) (TRUE,172,23,1,15,.39,.01,.94,.01,.57)
 (FALSE,15,0,14,182,1.00,.48,.93,.65,.66)
 (TRUE,182,14,0,15,.52,.00,1.00,.00,.66)
 (FALSE,23,3,12,173,.98,.34,.94,.51,.76) (TRUE,173,12,3,23,.66,.02,.88,.03,.76)
 (FALSE,13,1,12,185,.99,.48,.94,.65,.66) (TRUE,185,12,1,13,.52,.01,.93,.01,.66)
 (FALSE,16,0,9,186,1.00,.36,.95,.53,.75) (TRUE,186,9,0,16,.64,.00,1.00,.00,.75)
 (FALSE,21,1,20,169,.99,.49,.89,.65,.66) (TRUE,169,20,1,21,.51,.01,.95,.01,.66))