((FALSE,23,36,11,141,.80,.32,.93,.46,.73)
 (TRUE,141,11,36,23,.68,.20,.39,.31,.73)
 (FALSE,24,32,11,144,.82,.31,.93,.45,.74)
 (TRUE,144,11,32,24,.69,.18,.43,.29,.74)
 (FALSE,17,36,14,144,.80,.45,.91,.58,.65)
 (TRUE,144,14,36,17,.55,.20,.32,.29,.65)
 (FALSE,22,37,11,141,.79,.33,.93,.47,.72)
 (TRUE,141,11,37,22,.67,.21,.37,.32,.72)
 (FALSE,19,34,14,144,.81,.42,.91,.56,.67)
 (TRUE,144,14,34,19,.58,.19,.36,.29,.67)
 (FALSE,20,37,13,141,.79,.39,.92,.53,.69)
 (TRUE,141,13,37,20,.61,.21,.35,.31,.69)
 (FALSE,21,34,21,135,.80,.50,.87,.62,.62)
 (TRUE,135,21,34,21,.50,.20,.38,.29,.62)
 (TRUE,151,14,30,16,.53,.17,.35,.25,.65)
 (FALSE,16,30,14,151,.83,.47,.92,.60,.65)
 (TRUE,143,12,36,20,.63,.20,.36,.30,.70)
 (FALSE,20,36,12,143,.80,.38,.92,.51,.70)
 (FALSE,17,32,21,141,.82,.55,.87,.66,.59)
 (TRUE,141,21,32,17,.45,.18,.35,.26,.59))