((TRUE,124,9,57,21,.70,.31,.27,.43,.69) (FALSE,21,57,9,124,.69,.30,.93,.42,.69)
 (FALSE,24,49,9,129,.72,.27,.93,.40,.73) (TRUE,129,9,49,24,.73,.28,.33,.40,.73)
 (TRUE,114,9,59,29,.76,.34,.33,.47,.71) (FALSE,29,59,9,114,.66,.24,.93,.35,.71)
 (FALSE,25,57,8,121,.68,.24,.94,.36,.72) (TRUE,121,8,57,25,.76,.32,.30,.45,.72)
 (TRUE,112,7,59,33,.82,.35,.36,.49,.73) (FALSE,33,59,7,112,.65,.17,.94,.28,.73)
 (FALSE,23,62,4,122,.66,.15,.97,.24,.74) (TRUE,122,4,62,23,.85,.34,.27,.48,.74)
 (FALSE,17,57,16,121,.68,.48,.88,.57,.59)
 (TRUE,121,16,57,17,.52,.32,.23,.39,.59)
 (FALSE,36,51,10,114,.69,.22,.92,.33,.73)
 (TRUE,114,10,51,36,.78,.31,.41,.44,.73) (TRUE,144,4,44,19,.83,.23,.30,.36,.79)
 (FALSE,19,44,4,144,.77,.17,.97,.28,.79)
 (FALSE,33,43,11,124,.74,.25,.92,.37,.75)
 (TRUE,124,11,43,33,.75,.26,.43,.38,.75))