((FALSE,13,187,11,0,.00,.46,.00,.00,.22)
 (TRUE,0,11,187,13,.54,1.00,.06,.00,.22)
 (FALSE,17,171,22,1,.01,.56,.04,.01,.19) (TRUE,1,22,171,17,.44,.99,.09,.61,.19)
 (FALSE,15,181,15,0,.00,.50,.00,.00,.21)
 (TRUE,0,15,181,15,.50,1.00,.08,.00,.21) (FALSE,9,175,23,4,.02,.72,.15,.04,.14)
 (TRUE,4,23,175,9,.28,.98,.05,.44,.14) (FALSE,15,178,16,2,.01,.52,.11,.02,.21)
 (TRUE,2,16,178,15,.48,.99,.08,.65,.21) (FALSE,11,174,24,2,.01,.69,.08,.02,.15)
 (TRUE,2,24,174,11,.31,.99,.06,.48,.15) (FALSE,12,176,20,3,.02,.63,.13,.03,.18)
 (TRUE,3,20,176,12,.38,.98,.06,.54,.18) (FALSE,15,177,15,4,.02,.50,.21,.04,.22)
 (TRUE,4,15,177,15,.50,.98,.08,.66,.22) (FALSE,16,168,24,3,.02,.60,.11,.03,.19)
 (TRUE,3,24,168,16,.40,.98,.09,.57,.19) (FALSE,19,175,15,2,.01,.44,.12,.02,.23)
 (TRUE,2,15,175,19,.56,.99,.10,.71,.23))