((FALSE,25,5,16,165,.97,.39,.91,.56,.72) (TRUE,165,16,5,25,.61,.03,.83,.06,.72)
 (FALSE,21,15,15,160,.91,.42,.91,.57,.70)
 (TRUE,160,15,15,21,.58,.09,.58,.15,.70)
 (FALSE,23,5,10,173,.97,.30,.95,.46,.78) (TRUE,173,10,5,23,.70,.03,.82,.05,.78)
 (FALSE,24,4,9,174,.98,.27,.95,.43,.81) (TRUE,174,9,4,24,.73,.02,.86,.04,.81)
 (FALSE,21,10,13,167,.94,.38,.93,.54,.73)
 (TRUE,167,13,10,21,.62,.06,.68,.10,.73)
 (FALSE,14,5,12,180,.97,.46,.94,.63,.67) (TRUE,180,12,5,14,.54,.03,.74,.05,.67)
 (FALSE,20,8,13,170,.96,.39,.93,.56,.72) (TRUE,170,13,8,20,.61,.04,.71,.08,.72)
 (FALSE,21,10,15,165,.94,.42,.92,.58,.70)
 (TRUE,165,15,10,21,.58,.06,.68,.10,.70)
 (FALSE,20,4,13,174,.98,.39,.93,.56,.72) (TRUE,174,13,4,20,.61,.02,.83,.04,.72)
 (FALSE,17,8,6,180,.96,.26,.97,.41,.81) (TRUE,180,6,8,17,.74,.04,.68,.08,.81))