((FALSE,9,166,26,10,.06,.74,.28,.11,.15) (TRUE,10,26,166,9,.26,.94,.05,.40,.15)
 (FALSE,11,169,25,6,.03,.69,.19,.07,.16) (TRUE,6,25,169,11,.31,.97,.06,.46,.16)
 (FALSE,7,163,30,11,.06,.81,.27,.12,.12) (TRUE,11,30,163,7,.19,.94,.04,.31,.12)
 (FALSE,10,171,21,9,.05,.68,.30,.09,.17) (TRUE,9,21,171,10,.32,.95,.06,.48,.17)
 (FALSE,9,162,23,17,.09,.72,.43,.17,.18) (TRUE,17,23,162,9,.28,.91,.05,.43,.18)
 (FALSE,8,175,22,6,.03,.73,.21,.06,.14) (TRUE,6,22,175,8,.27,.97,.04,.42,.14)
 (FALSE,18,161,20,12,.07,.53,.38,.12,.24)
 (TRUE,12,20,161,18,.47,.93,.10,.63,.24)
 (FALSE,11,167,24,9,.05,.69,.27,.10,.17) (TRUE,9,24,167,11,.31,.95,.06,.47,.17)
 (FALSE,11,171,21,8,.04,.66,.28,.08,.18) (TRUE,8,21,171,11,.34,.96,.06,.51,.18)
 (FALSE,16,173,16,6,.03,.50,.27,.06,.23) (TRUE,6,16,173,16,.50,.97,.08,.66,.23))