((FALSE,21,3,22,165,.98,.51,.88,.67,.64) (TRUE,165,22,3,21,.49,.02,.88,.03,.64)
 (FALSE,17,1,17,176,.99,.50,.91,.67,.65) (TRUE,176,17,1,17,.50,.01,.94,.01,.65)
 (FALSE,27,1,8,175,.99,.23,.96,.37,.84) (TRUE,175,8,1,27,.77,.01,.96,.01,.84)
 (FALSE,15,1,21,174,.99,.58,.89,.74,.59) (TRUE,174,21,1,15,.42,.01,.94,.01,.59)
 (FALSE,20,1,17,173,.99,.46,.91,.63,.68) (TRUE,173,17,1,20,.54,.01,.95,.01,.68)
 (FALSE,25,0,14,172,1.00,.36,.92,.53,.75)
 (TRUE,172,14,0,25,.64,.00,1.00,.00,.75) (FALSE,18,3,9,181,.98,.33,.95,.50,.76)
 (TRUE,181,9,3,18,.67,.02,.86,.03,.76) (FALSE,14,0,9,188,1.00,.39,.95,.56,.72)
 (TRUE,188,9,0,14,.61,.00,1.00,.00,.72) (TRUE,179,14,0,18,.56,.00,1.00,.00,.69)
 (FALSE,18,0,14,179,1.00,.44,.93,.61,.69)
 (TRUE,182,16,1,12,.43,.01,.92,.01,.60) (FALSE,12,1,16,182,.99,.57,.92,.73,.60))