((FALSE,26,54,8,123,.69,.24,.94,.35,.73) (TRUE,123,8,54,26,.76,.31,.32,.44,.73)
 (FALSE,23,36,12,140,.80,.34,.92,.48,.72)
 (TRUE,140,12,36,23,.66,.20,.39,.31,.72)
 (FALSE,18,42,7,144,.77,.28,.95,.41,.75) (TRUE,144,7,42,18,.72,.23,.30,.34,.75)
 (FALSE,19,51,15,126,.71,.44,.89,.54,.63)
 (TRUE,126,15,51,19,.56,.29,.27,.38,.63)
 (FALSE,20,37,10,144,.80,.33,.94,.47,.72)
 (TRUE,144,10,37,20,.67,.20,.35,.31,.72)
 (FALSE,20,41,13,137,.77,.39,.91,.52,.68)
 (TRUE,137,13,41,20,.61,.23,.33,.33,.68)
 (FALSE,24,45,14,128,.74,.37,.90,.49,.68)
 (TRUE,128,14,45,24,.63,.26,.35,.37,.68)
 (FALSE,26,35,6,144,.80,.19,.96,.30,.81) (TRUE,144,6,35,26,.81,.20,.43,.32,.81)
 (FALSE,23,43,9,136,.76,.28,.94,.41,.74) (TRUE,136,9,43,23,.72,.24,.35,.36,.74)
 (FALSE,19,33,7,152,.82,.27,.96,.41,.77) (TRUE,152,7,33,19,.73,.18,.37,.29,.77))