((FALSE,18,62,11,120,.66,.38,.92,.48,.64)
 (TRUE,120,11,62,18,.62,.34,.22,.44,.64)
 (FALSE,29,51,7,124,.71,.19,.95,.31,.75) (TRUE,124,7,51,29,.81,.29,.36,.43,.75)
 (FALSE,23,54,9,125,.70,.28,.93,.40,.71) (TRUE,125,9,54,23,.72,.30,.30,.42,.71)
 (FALSE,20,43,10,138,.76,.33,.93,.46,.71)
 (TRUE,138,10,43,20,.67,.24,.32,.35,.71)
 (FALSE,35,45,8,123,.73,.19,.94,.30,.77) (TRUE,123,8,45,35,.81,.27,.44,.40,.77)
 (FALSE,26,56,8,121,.68,.24,.94,.35,.72) (TRUE,121,8,56,26,.76,.32,.32,.45,.72)
 (FALSE,28,49,6,128,.72,.18,.96,.28,.77) (TRUE,128,6,49,28,.82,.28,.36,.41,.77)
 (TRUE,125,7,52,27,.79,.29,.34,.43,.75) (FALSE,27,52,7,125,.71,.21,.95,.32,.75)
 (FALSE,20,45,5,141,.76,.20,.97,.32,.78) (TRUE,141,5,45,20,.80,.24,.31,.37,.78)
 (TRUE,117,5,65,24,.83,.36,.27,.50,.72) (FALSE,24,65,5,117,.64,.17,.96,.27,.72))