((FALSE,31,44,6,130,.75,.16,.96,.27,.79) (TRUE,130,6,44,31,.84,.25,.41,.39,.79)
 (FALSE,22,68,4,117,.63,.15,.97,.25,.72) (TRUE,117,4,68,22,.85,.37,.24,.51,.72)
 (FALSE,26,54,8,123,.69,.24,.94,.35,.73) (TRUE,123,8,54,26,.76,.31,.32,.44,.73)
 (FALSE,33,54,8,116,.68,.20,.94,.30,.74) (TRUE,116,8,54,33,.80,.32,.38,.46,.74)
 (FALSE,23,49,5,134,.73,.18,.96,.29,.77) (TRUE,134,5,49,23,.82,.27,.32,.40,.77)
 (FALSE,21,42,9,139,.77,.30,.94,.43,.73) (TRUE,139,9,42,21,.70,.23,.33,.35,.73)
 (FALSE,24,61,11,115,.65,.31,.91,.42,.67)
 (TRUE,115,11,61,24,.69,.35,.28,.46,.67)
 (FALSE,24,50,9,128,.72,.27,.93,.40,.72) (TRUE,128,9,50,24,.73,.28,.32,.41,.72)
 (FALSE,15,54,5,137,.72,.25,.96,.37,.73) (TRUE,137,5,54,15,.75,.28,.22,.41,.73)
 (FALSE,22,48,10,131,.73,.31,.93,.44,.71)
 (TRUE,131,10,48,22,.69,.27,.31,.39,.71))