((FALSE,28,42,4,137,.77,.13,.97,.21,.81) (TRUE,137,4,42,28,.88,.23,.40,.37,.81)
 (FALSE,18,49,7,137,.74,.28,.95,.41,.73) (TRUE,137,7,49,18,.72,.26,.27,.39,.73)
 (FALSE,30,47,11,123,.72,.27,.92,.39,.73)
 (TRUE,123,11,47,30,.73,.28,.39,.40,.73)
 (FALSE,20,50,6,135,.73,.23,.96,.35,.75) (TRUE,135,6,50,20,.77,.27,.29,.40,.75)
 (FALSE,21,48,7,135,.74,.25,.95,.37,.74) (TRUE,135,7,48,21,.75,.26,.30,.39,.74)
 (FALSE,15,49,7,140,.74,.32,.95,.45,.71) (TRUE,140,7,49,15,.68,.26,.23,.38,.71)
 (FALSE,24,50,12,125,.71,.33,.91,.45,.69)
 (TRUE,125,12,50,24,.67,.29,.32,.40,.69)
 (FALSE,20,47,6,138,.75,.23,.96,.35,.76) (TRUE,138,6,47,20,.77,.25,.30,.38,.76)
 (TRUE,129,7,47,28,.80,.27,.37,.40,.76) (FALSE,28,47,7,129,.73,.20,.95,.31,.76)
 (FALSE,19,50,8,134,.73,.30,.94,.42,.72) (TRUE,134,8,50,19,.70,.27,.28,.39,.72))