((FALSE,23,33,8,147,.82,.26,.95,.39,.78) (TRUE,147,8,33,23,.74,.18,.41,.29,.78)
 (TRUE,167,19,11,14,.42,.06,.56,.11,.59)
 (FALSE,14,11,19,167,.94,.58,.90,.71,.59)
 (FALSE,16,7,20,168,.96,.56,.89,.70,.61) (TRUE,168,20,7,16,.44,.04,.70,.07,.61)
 (FALSE,21,33,10,147,.82,.32,.94,.46,.74)
 (TRUE,147,10,33,21,.68,.18,.39,.29,.74)
 (FALSE,25,25,10,151,.86,.29,.94,.43,.77)
 (TRUE,151,10,25,25,.71,.14,.50,.24,.77)
 (FALSE,31,30,7,143,.83,.18,.95,.30,.82) (TRUE,143,7,30,31,.82,.17,.51,.29,.82)
 (FALSE,11,6,24,170,.97,.69,.88,.80,.51) (TRUE,170,24,6,11,.31,.03,.65,.06,.51)
 (FALSE,28,34,10,139,.80,.26,.93,.40,.77)
 (TRUE,139,10,34,28,.74,.20,.45,.31,.77)
 (FALSE,18,30,11,152,.84,.38,.93,.52,.71)
 (TRUE,152,11,30,18,.62,.16,.38,.26,.71)
 (FALSE,25,30,9,147,.83,.26,.94,.40,.78) (TRUE,147,9,30,25,.74,.17,.45,.28,.78))