((FALSE,13,137,18,43,.24,.58,.70,.34,.32)
 (TRUE,43,18,137,13,.42,.76,.09,.54,.32)
 (FALSE,5,120,26,60,.33,.84,.70,.48,.24) (TRUE,60,26,120,5,.16,.67,.04,.26,.24)
 (FALSE,11,143,24,33,.19,.69,.58,.29,.25)
 (TRUE,33,24,143,11,.31,.81,.07,.45,.25)
 (FALSE,20,134,25,32,.19,.56,.56,.29,.31)
 (TRUE,32,25,134,20,.44,.81,.13,.57,.31)
 (FALSE,6,132,19,54,.29,.76,.74,.42,.26) (TRUE,54,19,132,6,.24,.71,.04,.36,.26)
 (FALSE,7,147,19,38,.21,.73,.67,.32,.24) (TRUE,38,19,147,7,.27,.79,.05,.40,.24)
 (TRUE,68,22,107,14,.39,.61,.12,.48,.39)
 (FALSE,14,107,22,68,.39,.61,.76,.48,.39)
 (FALSE,14,134,26,37,.22,.65,.59,.32,.28)
 (TRUE,37,26,134,14,.35,.78,.09,.48,.28) (TRUE,31,8,165,7,.47,.84,.04,.60,.30)
 (FALSE,7,165,8,31,.16,.53,.79,.24,.30) (FALSE,9,150,22,30,.17,.71,.58,.27,.23)
 (TRUE,30,22,150,9,.29,.83,.06,.43,.23))