((TRUE,63,30,115,3,.09,.65,.03,.16,.21) (FALSE,3,115,30,63,.35,.91,.68,.51,.21)
 (FALSE,11,122,20,58,.32,.65,.74,.43,.34)
 (TRUE,58,20,122,11,.35,.68,.08,.47,.34)
 (FALSE,7,127,21,56,.31,.75,.73,.43,.28) (TRUE,56,21,127,7,.25,.69,.05,.37,.28)
 (FALSE,8,116,21,66,.36,.72,.76,.48,.32) (TRUE,66,21,116,8,.28,.64,.06,.39,.32)
 (FALSE,11,120,25,55,.31,.69,.69,.43,.31)
 (TRUE,55,25,120,11,.31,.69,.08,.42,.31)
 (FALSE,11,116,20,64,.36,.65,.76,.46,.36)
 (TRUE,64,20,116,11,.35,.64,.09,.46,.36)
 (FALSE,5,116,27,63,.35,.84,.70,.50,.25) (TRUE,63,27,116,5,.16,.65,.04,.25,.25)
 (FALSE,5,115,31,60,.34,.86,.66,.49,.23) (TRUE,60,31,115,5,.14,.66,.04,.23,.23)
 (TRUE,54,33,111,13,.28,.67,.10,.40,.30)
 (FALSE,13,111,33,54,.33,.72,.62,.45,.30)
 (TRUE,50,29,127,5,.15,.72,.04,.24,.21) (FALSE,5,127,29,50,.28,.85,.63,.42,.21))