((FALSE,8,111,33,59,.35,.80,.64,.48,.27) (TRUE,59,33,111,8,.20,.65,.07,.30,.27)
 (FALSE,3,101,32,75,.43,.91,.70,.58,.24) (TRUE,75,32,101,3,.09,.57,.03,.15,.24)
 (FALSE,11,123,19,58,.32,.63,.75,.43,.34)
 (TRUE,58,19,123,11,.37,.68,.08,.48,.34)
 (FALSE,12,106,22,71,.40,.65,.76,.50,.38)
 (TRUE,71,22,106,12,.35,.60,.10,.44,.38)
 (FALSE,6,120,23,62,.34,.79,.73,.48,.27) (TRUE,62,23,120,6,.21,.66,.05,.31,.27)
 (FALSE,11,119,26,55,.32,.70,.68,.44,.31)
 (TRUE,55,26,119,11,.30,.68,.08,.41,.31)
 (FALSE,2,111,25,73,.40,.93,.74,.56,.22) (TRUE,73,25,111,2,.07,.60,.02,.13,.22)
 (FALSE,7,112,28,64,.36,.80,.70,.50,.28) (TRUE,64,28,112,7,.20,.64,.06,.30,.28)
 (TRUE,44,25,133,9,.26,.75,.06,.39,.26) (FALSE,9,133,25,44,.25,.74,.64,.37,.26)
 (FALSE,9,100,31,71,.42,.77,.70,.54,.31) (TRUE,71,31,100,9,.22,.58,.08,.32,.31))