((FALSE,17,54,11,129,.70,.39,.92,.50,.65)
 (TRUE,129,11,54,17,.61,.30,.24,.40,.65)
 (FALSE,23,53,9,126,.70,.28,.93,.40,.71) (TRUE,126,9,53,23,.72,.30,.30,.42,.71)
 (FALSE,22,43,14,132,.75,.39,.90,.51,.67)
 (TRUE,132,14,43,22,.61,.25,.34,.35,.67)
 (FALSE,25,62,7,117,.65,.22,.94,.33,.71) (TRUE,117,7,62,25,.78,.35,.29,.48,.71)
 (TRUE,127,11,53,20,.65,.29,.27,.40,.67)
 (FALSE,20,53,11,127,.71,.35,.92,.47,.67)
 (TRUE,129,11,47,24,.69,.27,.34,.38,.71)
 (FALSE,24,47,11,129,.73,.31,.92,.44,.71)
 (FALSE,30,53,7,121,.70,.19,.95,.30,.75) (TRUE,121,7,53,30,.81,.30,.36,.44,.75)
 (FALSE,32,56,4,119,.68,.11,.97,.19,.76) (TRUE,119,4,56,32,.89,.32,.36,.47,.76)
 (FALSE,20,47,13,131,.74,.39,.91,.51,.66)
 (TRUE,131,13,47,20,.61,.26,.30,.37,.66)
 (FALSE,12,67,6,126,.65,.33,.95,.44,.66) (TRUE,126,6,67,12,.67,.35,.15,.46,.66))