((TRUE,112,9,64,26,.74,.36,.29,.49,.69) (FALSE,26,64,9,112,.64,.26,.93,.37,.69)
 (FALSE,20,67,5,119,.64,.20,.96,.30,.71) (TRUE,119,5,67,20,.80,.36,.23,.50,.71)
 (FALSE,31,56,9,115,.67,.22,.93,.34,.72) (TRUE,115,9,56,31,.77,.33,.36,.46,.72)
 (FALSE,29,59,5,118,.67,.15,.96,.24,.74) (TRUE,118,5,59,29,.85,.33,.33,.48,.74)
 (FALSE,28,53,8,122,.70,.22,.94,.34,.73) (TRUE,122,8,53,28,.78,.30,.35,.44,.73)
 (FALSE,19,50,2,140,.74,.10,.99,.17,.80) (TRUE,140,2,50,19,.90,.26,.28,.41,.80)
 (FALSE,22,60,9,120,.67,.29,.93,.40,.69) (TRUE,120,9,60,22,.71,.33,.27,.45,.69)
 (TRUE,108,8,57,38,.83,.35,.40,.49,.73) (FALSE,38,57,8,108,.65,.17,.93,.27,.73)
 (FALSE,17,52,10,132,.72,.37,.93,.49,.67)
 (TRUE,132,10,52,17,.63,.28,.25,.39,.67)
 (FALSE,25,59,4,123,.68,.14,.97,.23,.75) (TRUE,123,4,59,25,.86,.32,.30,.47,.75))