((FALSE,6,143,20,42,.23,.77,.68,.35,.23) (TRUE,42,20,143,6,.23,.77,.04,.36,.23)
 (FALSE,8,125,27,51,.29,.77,.65,.42,.26) (TRUE,51,27,125,8,.23,.71,.06,.35,.26)
 (FALSE,11,127,21,52,.29,.66,.71,.40,.32)
 (TRUE,52,21,127,11,.34,.71,.08,.46,.32)
 (FALSE,7,126,19,59,.32,.73,.76,.44,.29) (TRUE,59,19,126,7,.27,.68,.05,.39,.29)
 (FALSE,9,128,17,57,.31,.65,.77,.42,.33) (TRUE,57,17,128,9,.35,.69,.07,.46,.33)
 (FALSE,6,125,29,51,.29,.83,.64,.43,.23) (TRUE,51,29,125,6,.17,.71,.05,.28,.23)
 (FALSE,10,122,23,56,.31,.70,.71,.43,.31)
 (TRUE,56,23,122,10,.30,.69,.08,.42,.31)
 (FALSE,8,129,25,49,.28,.76,.66,.40,.26) (TRUE,49,25,129,8,.24,.72,.06,.36,.26)
 (TRUE,54,27,124,6,.18,.70,.05,.29,.24) (FALSE,6,124,27,54,.30,.82,.67,.44,.24)
 (FALSE,11,129,21,50,.28,.66,.70,.39,.31)
 (TRUE,50,21,129,11,.34,.72,.08,.47,.31))