((FALSE,9,125,22,55,.31,.71,.71,.43,.30) (TRUE,55,22,125,9,.29,.69,.07,.41,.30)
 (TRUE,57,21,123,10,.32,.68,.08,.44,.32)
 (FALSE,10,123,21,57,.32,.68,.73,.43,.32)
 (FALSE,10,134,26,41,.23,.72,.61,.35,.26)
 (TRUE,41,26,134,10,.28,.77,.07,.41,.26)
 (FALSE,9,132,21,49,.27,.70,.70,.39,.29) (TRUE,49,21,132,9,.30,.73,.06,.43,.29)
 (FALSE,11,120,25,55,.31,.69,.69,.43,.31)
 (TRUE,55,25,120,11,.31,.69,.08,.42,.31)
 (FALSE,15,130,19,47,.27,.56,.71,.36,.35)
 (TRUE,47,19,130,15,.44,.73,.10,.55,.35)
 (FALSE,7,127,27,50,.28,.79,.65,.42,.24) (TRUE,50,27,127,7,.21,.72,.05,.32,.24)
 (FALSE,11,118,31,51,.30,.74,.62,.43,.28)
 (TRUE,51,31,118,11,.26,.70,.09,.38,.28)
 (TRUE,50,28,122,11,.28,.71,.08,.40,.29)
 (FALSE,11,122,28,50,.29,.72,.64,.41,.29)
 (FALSE,7,123,27,54,.31,.79,.67,.44,.25) (TRUE,54,27,123,7,.21,.69,.05,.32,.25))