((FALSE,9,130,23,49,.27,.72,.68,.40,.28) (TRUE,49,23,130,9,.28,.73,.06,.41,.28)
 (FALSE,9,117,30,55,.32,.77,.65,.45,.27) (TRUE,55,30,117,9,.23,.68,.07,.34,.27)
 (FALSE,11,121,28,51,.30,.72,.65,.42,.29)
 (TRUE,51,28,121,11,.28,.70,.08,.40,.29)
 (FALSE,10,140,15,46,.25,.60,.75,.35,.32)
 (TRUE,46,15,140,10,.40,.75,.07,.52,.32)
 (FALSE,14,120,32,45,.27,.70,.58,.39,.29)
 (TRUE,45,32,120,14,.30,.73,.10,.43,.29)
 (FALSE,9,127,18,57,.31,.67,.76,.42,.32) (TRUE,57,18,127,9,.33,.69,.07,.45,.32)
 (FALSE,7,133,15,56,.30,.68,.79,.41,.31) (TRUE,56,15,133,7,.32,.70,.05,.44,.31)
 (FALSE,6,138,15,52,.27,.71,.78,.40,.28) (TRUE,52,15,138,6,.29,.73,.04,.41,.28)
 (FALSE,12,122,19,58,.32,.61,.75,.42,.35)
 (TRUE,58,19,122,12,.39,.68,.09,.49,.35)
 (FALSE,4,124,29,54,.30,.88,.65,.45,.21) (TRUE,54,29,124,4,.12,.70,.03,.21,.21))