((FALSE,20,33,18,140,.81,.47,.89,.60,.64)
 (TRUE,140,18,33,20,.53,.19,.38,.28,.64)
 (FALSE,19,24,14,154,.87,.42,.92,.57,.69)
 (TRUE,154,14,24,19,.58,.13,.44,.22,.69)
 (FALSE,18,35,15,143,.80,.45,.91,.58,.65)
 (TRUE,143,15,35,18,.55,.20,.34,.29,.65)
 (FALSE,20,28,12,151,.84,.38,.93,.52,.71)
 (TRUE,151,12,28,20,.63,.16,.42,.25,.71)
 (FALSE,12,34,9,156,.82,.43,.95,.56,.67) (TRUE,156,9,34,12,.57,.18,.26,.27,.67)
 (FALSE,18,29,14,150,.84,.44,.91,.57,.67)
 (TRUE,150,14,29,18,.56,.16,.38,.25,.67)
 (FALSE,20,33,12,146,.82,.38,.92,.51,.70)
 (TRUE,146,12,33,20,.63,.18,.38,.28,.70)
 (FALSE,19,31,13,148,.83,.41,.92,.54,.69)
 (TRUE,148,13,31,19,.59,.17,.38,.27,.69)
 (FALSE,20,32,14,145,.82,.41,.91,.55,.68)
 (TRUE,145,14,32,20,.59,.18,.38,.28,.68) (TRUE,150,8,36,17,.68,.19,.32,.30,.74)
 (FALSE,17,36,8,150,.81,.32,.95,.46,.74))