((FALSE,18,40,17,136,.77,.49,.89,.60,.62)
 (TRUE,136,17,40,18,.51,.23,.31,.32,.62)
 (FALSE,21,40,12,138,.78,.36,.92,.50,.70)
 (TRUE,138,12,40,21,.64,.22,.34,.33,.70)
 (FALSE,12,43,15,141,.77,.56,.90,.64,.57)
 (TRUE,141,15,43,12,.44,.23,.22,.31,.57)
 (FALSE,16,26,13,156,.86,.45,.92,.59,.67)
 (TRUE,156,13,26,16,.55,.14,.38,.23,.67)
 (TRUE,146,14,34,17,.55,.19,.33,.28,.65)
 (FALSE,17,34,14,146,.81,.45,.91,.58,.65)
 (TRUE,149,14,28,20,.59,.16,.42,.25,.69)
 (FALSE,20,28,14,149,.84,.41,.91,.55,.69)
 (FALSE,21,37,20,133,.78,.49,.87,.60,.62)
 (TRUE,133,20,37,21,.51,.22,.36,.31,.62)
 (FALSE,13,31,12,155,.83,.48,.93,.61,.64)
 (TRUE,155,12,31,13,.52,.17,.30,.25,.64)
 (FALSE,25,40,11,135,.77,.31,.92,.44,.73)
 (TRUE,135,11,40,25,.69,.23,.38,.34,.73)
 (FALSE,21,26,6,158,.86,.22,.96,.35,.81) (TRUE,158,6,26,21,.78,.14,.45,.24,.81))