((TRUE,1,11,181,18,.62,.99,.09,.76,.25) (FALSE,18,181,11,1,.01,.38,.08,.01,.25)
 (FALSE,12,186,12,1,.01,.50,.08,.01,.21) (TRUE,1,12,186,12,.50,.99,.06,.67,.21)
 (TRUE,0,18,177,16,.47,1.00,.08,.00,.20)
 (FALSE,16,177,18,0,.00,.53,.00,.00,.20)
 (FALSE,12,176,21,2,.01,.64,.09,.02,.17) (TRUE,2,21,176,12,.36,.99,.06,.53,.17)
 (TRUE,2,19,168,22,.54,.99,.12,.70,.23) (FALSE,22,168,19,2,.01,.46,.10,.02,.23)
 (FALSE,14,174,18,5,.03,.56,.22,.05,.21) (TRUE,5,18,174,14,.44,.97,.07,.60,.21)
 (FALSE,22,169,18,2,.01,.45,.10,.02,.23) (TRUE,2,18,169,22,.55,.99,.12,.71,.23)
 (FALSE,17,175,18,1,.01,.51,.05,.01,.21) (TRUE,1,18,175,17,.49,.99,.09,.65,.21)
 (FALSE,17,172,22,0,.00,.56,.00,.00,.19)
 (TRUE,0,22,172,17,.44,1.00,.09,.00,.19)
 (FALSE,16,177,16,2,.01,.50,.11,.02,.22) (TRUE,2,16,177,16,.50,.99,.08,.66,.22))