((TRUE,119,10,54,28,.74,.31,.34,.44,.71)
 (FALSE,28,54,10,119,.69,.26,.92,.38,.71)
 (TRUE,118,4,67,22,.85,.36,.25,.51,.72) (FALSE,22,67,4,118,.64,.15,.97,.25,.72)
 (FALSE,27,62,3,119,.66,.10,.98,.17,.75) (TRUE,119,3,62,27,.90,.34,.30,.50,.75)
 (FALSE,35,52,5,119,.70,.13,.96,.21,.77) (TRUE,119,5,52,35,.88,.30,.40,.45,.77)
 (FALSE,28,63,7,113,.64,.20,.94,.30,.71) (TRUE,113,7,63,28,.80,.36,.31,.49,.71)
 (FALSE,18,63,8,122,.66,.31,.94,.42,.68) (TRUE,122,8,63,18,.69,.34,.22,.46,.68)
 (FALSE,25,56,11,119,.68,.31,.92,.42,.69)
 (TRUE,119,11,56,25,.69,.32,.31,.44,.69)
 (FALSE,29,54,8,120,.69,.22,.94,.33,.73) (TRUE,120,8,54,29,.78,.31,.35,.44,.73)
 (FALSE,17,60,10,124,.67,.37,.93,.48,.65)
 (TRUE,124,10,60,17,.63,.33,.22,.43,.65)
 (FALSE,25,56,5,125,.69,.17,.96,.27,.75) (TRUE,125,5,56,25,.83,.31,.31,.45,.75))