((TRUE,178,20,0,13,.39,.00,1.00,.00,.57)
 (FALSE,13,0,20,178,1.00,.61,.90,.75,.57)
 (FALSE,18,3,6,184,.98,.25,.97,.40,.82) (TRUE,184,6,3,18,.75,.02,.86,.03,.82)
 (FALSE,13,0,15,183,1.00,.54,.92,.70,.62)
 (TRUE,183,15,0,13,.46,.00,1.00,.00,.62)
 (FALSE,13,1,15,182,.99,.54,.92,.70,.62) (TRUE,182,15,1,13,.46,.01,.93,.01,.62)
 (FALSE,19,1,15,176,.99,.44,.92,.61,.69) (TRUE,176,15,1,19,.56,.01,.95,.01,.69)
 (FALSE,19,3,16,173,.98,.46,.92,.62,.68) (TRUE,173,16,3,19,.54,.02,.86,.03,.68)
 (FALSE,13,1,18,179,.99,.58,.91,.73,.59) (TRUE,179,18,1,13,.42,.01,.93,.01,.59)
 (FALSE,18,0,17,176,1.00,.49,.91,.65,.66)
 (TRUE,176,17,0,18,.51,.00,1.00,.00,.66)
 (FALSE,9,0,21,181,1.00,.70,.90,.82,.51) (TRUE,181,21,0,9,.30,.00,1.00,.00,.51)
 (FALSE,15,4,13,179,.98,.46,.93,.63,.67) (TRUE,179,13,4,15,.54,.02,.79,.04,.67))