((TRUE,169,13,3,26,.67,.02,.90,.03,.76) (FALSE,26,3,13,169,.98,.33,.93,.50,.76)
 (TRUE,182,15,1,13,.46,.01,.93,.01,.62) (FALSE,13,1,15,182,.99,.54,.92,.70,.62)
 (FALSE,22,2,25,162,.99,.53,.87,.69,.62) (TRUE,162,25,2,22,.47,.01,.92,.02,.62)
 (FALSE,21,0,12,178,1.00,.36,.94,.53,.74)
 (TRUE,178,12,0,21,.64,.00,1.00,.00,.74)
 (FALSE,21,4,20,166,.98,.49,.89,.65,.65) (TRUE,166,20,4,21,.51,.02,.84,.04,.65)
 (FALSE,14,1,16,180,.99,.53,.92,.69,.62) (TRUE,180,16,1,14,.47,.01,.93,.01,.62)
 (FALSE,18,0,8,185,1.00,.31,.96,.47,.78) (TRUE,185,8,0,18,.69,.00,1.00,.00,.78)
 (FALSE,18,3,22,168,.98,.55,.88,.71,.61) (TRUE,168,22,3,18,.45,.02,.86,.03,.61)
 (TRUE,182,8,2,19,.70,.01,.90,.02,.79) (FALSE,19,2,8,182,.99,.30,.96,.46,.79)
 (FALSE,13,1,11,186,.99,.46,.94,.63,.68) (TRUE,186,11,1,13,.54,.01,.93,.01,.68))