((FALSE,16,10,20,165,.94,.56,.89,.70,.61)
 (TRUE,165,20,10,16,.44,.06,.62,.10,.61)
 (FALSE,24,26,6,155,.86,.20,.96,.32,.83) (TRUE,155,6,26,24,.80,.14,.48,.24,.83)
 (FALSE,20,19,5,167,.90,.20,.97,.33,.84) (TRUE,167,5,19,20,.80,.10,.51,.18,.84)
 (TRUE,142,11,37,21,.66,.21,.36,.31,.72)
 (FALSE,21,37,11,142,.79,.34,.93,.48,.72)
 (FALSE,22,32,10,147,.82,.31,.94,.45,.75)
 (TRUE,147,10,32,22,.69,.18,.41,.28,.75)
 (FALSE,30,29,5,147,.84,.14,.97,.24,.85) (TRUE,147,5,29,30,.86,.16,.51,.28,.85)
 (TRUE,145,10,27,29,.74,.16,.52,.26,.79)
 (FALSE,29,27,10,145,.84,.26,.94,.39,.79)
 (FALSE,18,31,10,152,.83,.36,.94,.50,.72)
 (TRUE,152,10,31,18,.64,.17,.37,.27,.72)
 (FALSE,21,23,11,156,.87,.34,.93,.49,.74)
 (TRUE,156,11,23,21,.66,.13,.48,.21,.74)
 (FALSE,13,7,15,176,.96,.54,.92,.69,.62) (TRUE,176,15,7,13,.46,.04,.65,.07,.62))