((TRUE,180,9,1,21,.70,.01,.95,.01,.79) (FALSE,21,1,9,180,.99,.30,.95,.46,.79)
 (FALSE,10,1,22,178,.99,.69,.89,.81,.51) (TRUE,178,22,1,10,.31,.01,.91,.01,.51)
 (FALSE,14,2,14,181,.99,.50,.93,.66,.65) (TRUE,181,14,2,14,.50,.01,.88,.02,.65)
 (FALSE,20,1,13,177,.99,.39,.93,.56,.72) (TRUE,177,13,1,20,.61,.01,.95,.01,.72)
 (FALSE,13,2,16,180,.99,.55,.92,.71,.61) (TRUE,180,16,2,13,.45,.01,.87,.02,.61)
 (FALSE,18,0,16,177,1.00,.47,.92,.64,.67)
 (TRUE,177,16,0,18,.53,.00,1.00,.00,.67)
 (FALSE,22,1,15,173,.99,.41,.92,.58,.71) (TRUE,173,15,1,22,.59,.01,.96,.01,.71)
 (FALSE,17,2,13,179,.99,.43,.93,.60,.69) (TRUE,179,13,2,17,.57,.01,.89,.02,.69)
 (FALSE,14,0,12,185,1.00,.46,.94,.63,.67)
 (TRUE,185,12,0,14,.54,.00,1.00,.00,.67)
 (FALSE,28,0,11,172,1.00,.28,.94,.44,.80)
 (TRUE,172,11,0,28,.72,.00,1.00,.00,.80))