((FALSE,26,55,7,123,.69,.21,.95,.32,.73) (TRUE,123,7,55,26,.79,.31,.32,.44,.73)
 (FALSE,26,53,8,124,.70,.24,.94,.35,.73) (TRUE,124,8,53,26,.76,.30,.33,.43,.73)
 (FALSE,23,64,6,118,.65,.21,.95,.31,.71) (TRUE,118,6,64,23,.79,.35,.26,.49,.71)
 (FALSE,28,52,15,116,.69,.35,.89,.46,.67)
 (TRUE,116,15,52,28,.65,.31,.35,.42,.67) (TRUE,126,7,47,31,.82,.27,.40,.41,.77)
 (FALSE,31,47,7,126,.73,.18,.95,.29,.77)
 (FALSE,23,56,10,122,.69,.30,.92,.42,.69)
 (TRUE,122,10,56,23,.70,.31,.29,.43,.69)
 (FALSE,28,55,12,116,.68,.30,.91,.42,.69)
 (TRUE,116,12,55,28,.70,.32,.34,.44,.69)
 (FALSE,16,65,8,122,.65,.33,.94,.44,.66) (TRUE,122,8,65,16,.67,.35,.20,.46,.66)
 (FALSE,30,57,9,115,.67,.23,.93,.34,.71) (TRUE,115,9,57,30,.77,.33,.34,.46,.71)
 (FALSE,18,45,15,133,.75,.45,.90,.57,.63)
 (TRUE,133,15,45,18,.55,.25,.29,.35,.63))