((TRUE,2,19,179,11,.37,.99,.06,.53,.17) (FALSE,11,179,19,2,.01,.63,.10,.02,.17)
 (TRUE,3,16,182,10,.38,.98,.05,.55,.18) (FALSE,10,182,16,3,.02,.62,.16,.03,.18)
 (FALSE,10,185,16,0,.00,.62,.00,.00,.17)
 (TRUE,0,16,185,10,.38,1.00,.05,.00,.17) (FALSE,4,191,16,0,.00,.80,.00,.00,.09)
 (TRUE,0,16,191,4,.20,1.00,.02,.00,.09) (FALSE,17,175,18,1,.01,.51,.05,.01,.21)
 (TRUE,1,18,175,17,.49,.99,.09,.65,.21) (FALSE,22,175,13,1,.01,.37,.07,.01,.25)
 (TRUE,1,13,175,22,.63,.99,.11,.77,.25) (FALSE,24,176,11,0,.00,.31,.00,.00,.26)
 (TRUE,0,11,176,24,.69,1.00,.12,.00,.26)
 (FALSE,15,183,13,0,.00,.46,.00,.00,.22)
 (TRUE,0,13,183,15,.54,1.00,.08,.00,.22)
 (FALSE,16,173,22,0,.00,.58,.00,.00,.18)
 (TRUE,0,22,173,16,.42,1.00,.08,.00,.18)
 (FALSE,12,169,27,3,.02,.69,.10,.03,.15) (TRUE,3,27,169,12,.31,.98,.07,.47,.15))