((FALSE,19,174,14,4,.02,.42,.22,.04,.25) (TRUE,4,14,174,19,.58,.98,.10,.72,.25)
 (TRUE,4,15,174,18,.55,.98,.09,.70,.24) (FALSE,18,174,15,4,.02,.45,.21,.04,.24)
 (FALSE,17,173,15,6,.03,.47,.29,.06,.24) (TRUE,6,15,173,17,.53,.97,.09,.69,.24)
 (FALSE,16,175,15,5,.03,.48,.25,.05,.23) (TRUE,5,15,175,16,.52,.97,.08,.67,.23)
 (FALSE,10,183,12,6,.03,.55,.33,.06,.21) (TRUE,6,12,183,10,.45,.97,.05,.62,.21)
 (FALSE,16,181,13,1,.01,.45,.07,.01,.23) (TRUE,1,13,181,16,.55,.99,.08,.71,.23)
 (TRUE,6,26,166,13,.33,.97,.07,.50,.17) (FALSE,13,166,26,6,.03,.67,.19,.07,.17)
 (FALSE,8,174,22,7,.04,.73,.24,.07,.15) (TRUE,7,22,174,8,.27,.96,.04,.42,.15)
 (FALSE,12,179,15,5,.03,.56,.25,.05,.21) (TRUE,5,15,179,12,.44,.97,.06,.61,.21)
 (FALSE,14,180,17,0,.00,.55,.00,.00,.19)
 (TRUE,0,17,180,14,.45,1.00,.07,.00,.19))