((FALSE,18,181,12,0,.00,.40,.00,.00,.24)
 (TRUE,0,12,181,18,.60,1.00,.09,.00,.24)
 (FALSE,17,173,19,2,.01,.53,.10,.02,.21) (TRUE,2,19,173,17,.47,.99,.09,.64,.21)
 (FALSE,16,172,22,1,.01,.58,.04,.01,.19) (TRUE,1,22,172,16,.42,.99,.09,.59,.19)
 (FALSE,12,177,19,3,.02,.61,.14,.03,.18) (TRUE,3,19,177,12,.39,.98,.06,.56,.18)
 (TRUE,0,17,183,11,.39,1.00,.06,.00,.17)
 (FALSE,11,183,17,0,.00,.61,.00,.00,.17)
 (FALSE,20,180,10,1,.01,.33,.09,.01,.26) (TRUE,1,10,180,20,.67,.99,.10,.80,.26)
 (TRUE,1,13,169,28,.68,.99,.14,.81,.26) (FALSE,28,169,13,1,.01,.32,.07,.01,.26)
 (FALSE,11,177,23,0,.00,.68,.00,.00,.15)
 (TRUE,0,23,177,11,.32,1.00,.06,.00,.15) (FALSE,7,180,22,2,.01,.76,.08,.02,.12)
 (TRUE,2,22,180,7,.24,.99,.04,.39,.12) (TRUE,3,21,176,11,.34,.98,.06,.51,.16)
 (FALSE,11,176,21,3,.02,.66,.13,.03,.16))