((FALSE,12,184,15,0,.00,.56,.00,.00,.19)
 (TRUE,0,15,184,12,.44,1.00,.06,.00,.19)
 (FALSE,12,178,18,3,.02,.60,.14,.03,.19) (TRUE,3,18,178,12,.40,.98,.06,.57,.19)
 (FALSE,16,176,18,1,.01,.53,.05,.01,.20) (TRUE,1,18,176,16,.47,.99,.08,.64,.20)
 (FALSE,17,174,18,2,.01,.51,.10,.02,.21) (TRUE,2,18,174,17,.49,.99,.09,.65,.21)
 (FALSE,17,176,14,4,.02,.45,.22,.04,.24) (TRUE,4,14,176,17,.55,.98,.09,.70,.24)
 (TRUE,0,24,175,12,.33,1.00,.06,.00,.15)
 (FALSE,12,175,24,0,.00,.67,.00,.00,.15) (TRUE,4,13,167,27,.68,.98,.14,.80,.27)
 (FALSE,27,167,13,4,.02,.32,.24,.04,.27) (TRUE,2,22,177,10,.31,.99,.05,.47,.15)
 (FALSE,10,177,22,2,.01,.69,.08,.02,.15)
 (FALSE,11,175,25,0,.00,.69,.00,.00,.14)
 (TRUE,0,25,175,11,.31,1.00,.06,.00,.14)
 (FALSE,14,176,20,1,.01,.59,.05,.01,.18) (TRUE,1,20,176,14,.41,.99,.07,.58,.18))