((FALSE,24,0,13,174,1.00,.35,.93,.52,.75)
 (TRUE,174,13,0,24,.65,.00,1.00,.00,.75)
 (FALSE,16,0,10,185,1.00,.38,.95,.56,.73)
 (TRUE,185,10,0,16,.62,.00,1.00,.00,.73) (TRUE,170,10,4,27,.73,.02,.87,.04,.81)
 (FALSE,27,4,10,170,.98,.27,.94,.42,.81)
 (TRUE,173,13,0,25,.66,.00,1.00,.00,.76)
 (FALSE,25,0,13,173,1.00,.34,.93,.51,.76)
 (TRUE,182,10,1,18,.64,.01,.95,.01,.75) (FALSE,18,1,10,182,.99,.36,.95,.53,.75)
 (TRUE,184,10,1,16,.62,.01,.94,.01,.73) (FALSE,16,1,10,184,.99,.38,.95,.55,.73)
 (FALSE,21,0,15,175,1.00,.42,.92,.59,.71)
 (TRUE,175,15,0,21,.58,.00,1.00,.00,.71)
 (FALSE,17,1,13,180,.99,.43,.93,.60,.69) (TRUE,180,13,1,17,.57,.01,.94,.01,.69)
 (FALSE,17,2,17,175,.99,.50,.91,.66,.65) (TRUE,175,17,2,17,.50,.01,.89,.02,.65)
 (FALSE,21,1,15,174,.99,.42,.92,.59,.71) (TRUE,174,15,1,21,.58,.01,.95,.01,.71))