((FALSE,31,53,11,116,.69,.26,.91,.38,.71)
 (TRUE,116,11,53,31,.74,.31,.37,.44,.71)
 (FALSE,30,55,9,117,.68,.23,.93,.34,.72) (TRUE,117,9,55,30,.77,.32,.35,.45,.72)
 (FALSE,24,63,4,120,.66,.14,.97,.23,.74) (TRUE,120,4,63,24,.86,.34,.28,.49,.74)
 (FALSE,31,46,12,122,.73,.28,.91,.40,.72)
 (TRUE,122,12,46,31,.72,.27,.40,.40,.72)
 (FALSE,25,46,6,134,.74,.19,.96,.31,.77) (TRUE,134,6,46,25,.81,.26,.35,.39,.77)
 (FALSE,25,68,8,110,.62,.24,.93,.35,.68) (TRUE,110,8,68,25,.76,.38,.27,.51,.68)
 (TRUE,112,7,71,21,.75,.39,.23,.51,.67) (FALSE,21,71,7,112,.61,.25,.94,.35,.67)
 (FALSE,30,77,4,100,.56,.12,.96,.19,.68) (TRUE,100,4,77,30,.88,.44,.28,.58,.68)
 (FALSE,28,55,6,122,.69,.18,.95,.28,.75) (TRUE,122,6,55,28,.82,.31,.34,.45,.75)
 (FALSE,32,57,8,114,.67,.20,.93,.31,.73) (TRUE,114,8,57,32,.80,.33,.36,.47,.73))