((FALSE,6,118,29,58,.33,.83,.67,.47,.25) (TRUE,58,29,118,6,.17,.67,.05,.27,.25)
 (FALSE,12,149,12,38,.20,.50,.76,.29,.33)
 (TRUE,38,12,149,12,.50,.80,.07,.61,.33)
 (FALSE,23,142,17,29,.17,.43,.63,.24,.34)
 (TRUE,29,17,142,23,.57,.83,.14,.68,.34)
 (FALSE,9,120,24,58,.33,.73,.71,.45,.30) (TRUE,58,24,120,9,.27,.67,.07,.39,.30)
 (FALSE,21,140,21,29,.17,.50,.58,.26,.32)
 (TRUE,29,21,140,21,.50,.83,.13,.62,.32)
 (FALSE,11,119,19,62,.34,.63,.77,.44,.35)
 (TRUE,62,19,119,11,.37,.66,.08,.47,.35)
 (FALSE,10,146,22,33,.18,.69,.60,.29,.25)
 (TRUE,33,22,146,10,.31,.82,.06,.45,.25) (TRUE,42,11,149,9,.45,.78,.06,.57,.33)
 (FALSE,9,149,11,42,.22,.55,.79,.31,.33)
 (FALSE,14,154,17,26,.14,.55,.60,.23,.28)
 (TRUE,26,17,154,14,.45,.86,.08,.59,.28)
 (FALSE,15,149,21,26,.15,.58,.55,.24,.27)
 (TRUE,26,21,149,15,.42,.85,.09,.56,.27))