((FALSE,19,173,19,0,.00,.50,.00,.00,.21)
 (TRUE,0,19,173,19,.50,1.00,.10,.00,.21)
 (FALSE,14,172,24,1,.01,.63,.04,.01,.17) (TRUE,1,24,172,14,.37,.99,.08,.54,.17)
 (FALSE,10,183,15,3,.02,.60,.17,.03,.19) (TRUE,3,15,183,10,.40,.98,.05,.57,.19)
 (FALSE,16,177,18,0,.00,.53,.00,.00,.20)
 (TRUE,0,18,177,16,.47,1.00,.08,.00,.20)
 (FALSE,15,174,20,2,.01,.57,.09,.02,.19) (TRUE,2,20,174,15,.43,.99,.08,.60,.19)
 (FALSE,13,177,20,1,.01,.61,.05,.01,.18) (TRUE,1,20,177,13,.39,.99,.07,.56,.18)
 (FALSE,14,183,10,4,.02,.42,.29,.04,.25) (TRUE,4,10,183,14,.58,.98,.07,.73,.25)
 (FALSE,9,190,11,1,.01,.55,.08,.01,.20) (TRUE,1,11,190,9,.45,.99,.05,.62,.20)
 (FALSE,10,181,17,3,.02,.63,.15,.03,.17) (TRUE,3,17,181,10,.37,.98,.05,.54,.17)
 (FALSE,18,171,22,0,.00,.55,.00,.00,.19)
 (TRUE,0,22,171,18,.45,1.00,.10,.00,.19))