((FALSE,13,150,25,23,.13,.66,.48,.22,.23)
 (TRUE,23,25,150,13,.34,.87,.08,.49,.23)
 (FALSE,11,149,22,29,.16,.67,.57,.26,.24)
 (TRUE,29,22,149,11,.33,.84,.07,.48,.24) (TRUE,46,22,136,7,.24,.75,.05,.36,.25)
 (FALSE,7,136,22,46,.25,.76,.68,.38,.25)
 (FALSE,6,159,16,30,.16,.73,.65,.26,.21) (TRUE,30,16,159,6,.27,.84,.04,.41,.21)
 (FALSE,12,148,21,30,.17,.64,.59,.27,.26)
 (TRUE,30,21,148,12,.36,.83,.08,.51,.26)
 (FALSE,6,115,30,60,.34,.83,.67,.49,.25) (TRUE,60,30,115,6,.17,.66,.05,.27,.25)
 (FALSE,9,141,27,34,.19,.75,.56,.31,.22) (TRUE,34,27,141,9,.25,.81,.06,.38,.22)
 (FALSE,7,124,25,55,.31,.78,.69,.44,.26) (TRUE,55,25,124,7,.22,.69,.05,.33,.26)
 (FALSE,10,135,22,44,.25,.69,.67,.36,.28)
 (TRUE,44,22,135,10,.31,.75,.07,.44,.28)
 (TRUE,31,14,151,15,.52,.83,.09,.64,.32)
 (FALSE,15,151,14,31,.17,.48,.69,.25,.32))