((TRUE,61,27,120,3,.10,.66,.02,.17,.21) (FALSE,3,120,27,61,.34,.90,.69,.49,.21)
 (FALSE,3,112,24,72,.39,.89,.75,.54,.24) (TRUE,72,24,112,3,.11,.61,.03,.19,.24)
 (FALSE,10,113,28,60,.35,.74,.68,.47,.30)
 (TRUE,60,28,113,10,.26,.65,.08,.38,.30)
 (FALSE,8,125,23,55,.31,.74,.71,.43,.28) (TRUE,55,23,125,8,.26,.69,.06,.38,.28)
 (FALSE,4,127,25,55,.30,.86,.69,.45,.22) (TRUE,55,25,127,4,.14,.70,.03,.23,.22)
 (FALSE,6,120,30,55,.31,.83,.65,.46,.24) (TRUE,55,30,120,6,.17,.69,.05,.27,.24)
 (FALSE,2,107,25,77,.42,.93,.75,.58,.23) (TRUE,77,25,107,2,.07,.58,.02,.13,.23)
 (FALSE,5,127,19,60,.32,.79,.76,.46,.26) (TRUE,60,19,127,5,.21,.68,.04,.32,.26)
 (TRUE,53,29,123,6,.17,.70,.05,.28,.23) (FALSE,6,123,29,53,.30,.83,.65,.44,.23)
 (FALSE,11,120,27,53,.31,.71,.66,.43,.30)
 (TRUE,53,27,120,11,.29,.69,.08,.41,.30))