((FALSE,28,56,7,120,.68,.20,.94,.31,.73) (TRUE,120,7,56,28,.80,.32,.33,.46,.73)
 (FALSE,24,66,4,117,.64,.14,.97,.23,.73) (TRUE,117,4,66,24,.86,.36,.27,.51,.73)
 (FALSE,26,72,8,105,.59,.24,.93,.34,.67) (TRUE,105,8,72,26,.76,.41,.27,.53,.67)
 (FALSE,36,54,11,110,.67,.23,.91,.35,.71)
 (TRUE,110,11,54,36,.77,.33,.40,.46,.71)
 (FALSE,32,60,8,111,.65,.20,.93,.31,.71) (TRUE,111,8,60,32,.80,.35,.35,.49,.71)
 (FALSE,17,55,10,129,.70,.37,.93,.48,.66)
 (TRUE,129,10,55,17,.63,.30,.24,.41,.66)
 (FALSE,18,62,5,126,.67,.22,.96,.33,.72) (TRUE,126,5,62,18,.78,.33,.22,.46,.72)
 (FALSE,22,52,6,131,.72,.21,.96,.33,.75) (TRUE,131,6,52,22,.79,.28,.30,.42,.75)
 (TRUE,135,10,41,25,.71,.23,.38,.35,.74)
 (FALSE,25,41,10,135,.77,.29,.93,.42,.74)
 (FALSE,23,59,5,124,.68,.18,.96,.28,.74) (TRUE,124,5,59,23,.82,.32,.28,.46,.74))