((FALSE,6,127,27,51,.29,.82,.65,.42,.23) (TRUE,51,27,127,6,.18,.71,.05,.29,.23)
 (FALSE,4,127,19,61,.32,.83,.76,.47,.25) (TRUE,61,19,127,4,.17,.68,.03,.28,.25)
 (FALSE,10,116,29,56,.33,.74,.66,.45,.29)
 (TRUE,56,29,116,10,.26,.67,.08,.37,.29)
 (FALSE,8,138,17,48,.26,.68,.74,.37,.29) (TRUE,48,17,138,8,.32,.74,.05,.45,.29)
 (FALSE,10,135,35,31,.19,.78,.47,.30,.20)
 (TRUE,31,35,135,10,.22,.81,.07,.35,.20)
 (FALSE,13,128,22,48,.27,.63,.69,.38,.32)
 (TRUE,48,22,128,13,.37,.73,.09,.49,.32)
 (FALSE,10,115,29,57,.33,.74,.66,.46,.29)
 (TRUE,57,29,115,10,.26,.67,.08,.37,.29)
 (FALSE,5,132,24,50,.27,.83,.68,.41,.22) (TRUE,50,24,132,5,.17,.73,.04,.28,.22)
 (TRUE,56,15,133,7,.32,.70,.05,.44,.31) (FALSE,7,133,15,56,.30,.68,.79,.41,.31)
 (FALSE,8,124,29,50,.29,.78,.63,.42,.25) (TRUE,50,29,124,8,.22,.71,.06,.33,.25))