((FALSE,10,117,20,64,.35,.67,.76,.46,.34)
 (TRUE,64,20,117,10,.33,.65,.08,.44,.34) (TRUE,51,29,124,7,.19,.71,.05,.31,.24)
 (FALSE,7,124,29,51,.29,.81,.64,.43,.24)
 (FALSE,14,129,22,46,.26,.61,.68,.37,.32)
 (TRUE,46,22,129,14,.39,.74,.10,.51,.32)
 (FALSE,7,115,26,63,.35,.79,.71,.49,.28) (TRUE,63,26,115,7,.21,.65,.06,.32,.28)
 (FALSE,10,130,18,53,.29,.64,.75,.40,.32)
 (TRUE,53,18,130,10,.36,.71,.07,.48,.32)
 (FALSE,8,119,25,59,.33,.76,.70,.46,.29) (TRUE,59,25,119,8,.24,.67,.06,.36,.29)
 (TRUE,52,23,129,7,.23,.71,.05,.35,.26) (FALSE,7,129,23,52,.29,.77,.69,.42,.26)
 (FALSE,12,115,32,52,.31,.73,.62,.44,.29)
 (TRUE,52,32,115,12,.27,.69,.09,.39,.29)
 (FALSE,10,124,29,48,.28,.74,.62,.41,.27)
 (TRUE,48,29,124,10,.26,.72,.07,.38,.27)
 (FALSE,6,120,24,61,.34,.80,.72,.47,.27) (TRUE,61,24,120,6,.20,.66,.05,.31,.27))