((FALSE,16,7,11,177,.96,.41,.94,.57,.71) (TRUE,177,11,7,16,.59,.04,.70,.07,.71)
 (FALSE,22,2,13,174,.99,.37,.93,.54,.74) (TRUE,174,13,2,22,.63,.01,.92,.02,.74)
 (FALSE,16,7,18,170,.96,.53,.90,.68,.62) (TRUE,170,18,7,16,.47,.04,.70,.07,.62)
 (FALSE,19,5,13,174,.97,.41,.93,.57,.71) (TRUE,174,13,5,19,.59,.03,.79,.05,.71)
 (TRUE,177,13,1,20,.61,.01,.95,.01,.72) (FALSE,20,1,13,177,.99,.39,.93,.56,.72)
 (FALSE,18,4,14,175,.98,.44,.93,.60,.69) (TRUE,175,14,4,18,.56,.02,.82,.04,.69)
 (FALSE,14,0,14,183,1.00,.50,.93,.67,.65)
 (TRUE,183,14,0,14,.50,.00,1.00,.00,.65)
 (FALSE,14,5,14,178,.97,.50,.93,.66,.65) (TRUE,178,14,5,14,.50,.03,.74,.05,.65)
 (TRUE,173,13,4,21,.62,.02,.84,.04,.73) (FALSE,21,4,13,173,.98,.38,.93,.55,.73)
 (FALSE,17,5,13,176,.97,.43,.93,.60,.69) (TRUE,176,13,5,17,.57,.03,.77,.05,.69))