((FALSE,16,112,16,67,.37,.50,.81,.43,.43)
 (TRUE,67,16,112,16,.50,.63,.13,.56,.43)
 (FALSE,22,120,14,55,.31,.39,.80,.35,.44)
 (TRUE,55,14,120,22,.61,.69,.15,.65,.44)
 (FALSE,11,60,25,115,.66,.69,.82,.68,.45)
 (TRUE,115,25,60,11,.31,.34,.15,.32,.45)
 (FALSE,17,143,12,39,.21,.41,.76,.28,.37)
 (TRUE,39,12,143,17,.59,.79,.11,.67,.37)
 (FALSE,8,38,19,146,.79,.70,.88,.75,.48) (TRUE,146,19,38,8,.30,.21,.17,.24,.48)
 (TRUE,26,20,139,26,.57,.84,.16,.68,.33)
 (FALSE,26,139,20,26,.16,.43,.57,.23,.33)
 (FALSE,18,41,12,140,.77,.40,.92,.53,.67)
 (TRUE,140,12,41,18,.60,.23,.31,.33,.67)
 (FALSE,16,88,23,84,.49,.59,.79,.53,.45) (TRUE,84,23,88,16,.41,.51,.15,.46,.45)
 (FALSE,12,102,16,81,.44,.57,.84,.50,.44)
 (TRUE,81,16,102,12,.43,.56,.11,.48,.44)
 (TRUE,46,17,133,15,.47,.74,.10,.57,.35)
 (FALSE,15,133,17,46,.26,.53,.73,.35,.35))