((FALSE,25,137,12,37,.21,.32,.76,.26,.40)
 (TRUE,37,12,137,25,.68,.79,.15,.73,.40)
 (FALSE,14,39,16,142,.78,.53,.90,.63,.59)
 (TRUE,142,16,39,14,.47,.22,.26,.29,.59)
 (TRUE,160,16,22,13,.45,.12,.37,.19,.60)
 (FALSE,13,22,16,160,.88,.55,.91,.68,.60)
 (FALSE,18,137,15,41,.23,.45,.73,.31,.37)
 (TRUE,41,15,137,18,.55,.77,.12,.64,.37)
 (FALSE,12,86,26,87,.50,.68,.77,.58,.40) (TRUE,87,26,86,12,.32,.50,.12,.39,.40)
 (FALSE,14,125,22,50,.29,.61,.69,.39,.34)
 (TRUE,50,22,125,14,.39,.71,.10,.50,.34)
 (FALSE,9,24,18,160,.87,.67,.90,.75,.52) (TRUE,160,18,24,9,.33,.13,.27,.19,.52)
 (FALSE,16,131,18,46,.26,.53,.72,.35,.36)
 (TRUE,46,18,131,16,.47,.74,.11,.58,.36)
 (FALSE,10,137,14,50,.27,.58,.78,.37,.34)
 (TRUE,50,14,137,10,.42,.73,.07,.53,.34)
 (FALSE,13,73,16,109,.60,.55,.87,.57,.52)
 (TRUE,109,16,73,13,.45,.40,.15,.42,.52))