((FALSE,15,70,9,117,.63,.38,.93,.47,.63) (TRUE,117,9,70,15,.63,.37,.18,.47,.63)
 (FALSE,12,108,17,74,.41,.59,.81,.48,.41)
 (TRUE,74,17,108,12,.41,.59,.10,.49,.41)
 (FALSE,6,110,19,76,.41,.76,.80,.53,.32) (TRUE,76,19,110,6,.24,.59,.05,.34,.32)
 (FALSE,15,128,11,57,.31,.42,.84,.36,.43)
 (TRUE,57,11,128,15,.58,.69,.10,.63,.43)
 (FALSE,8,103,27,73,.41,.77,.73,.54,.32) (TRUE,73,27,103,8,.23,.59,.07,.33,.32)
 (TRUE,153,18,35,5,.22,.19,.13,.20,.43) (FALSE,5,35,18,153,.81,.78,.89,.80,.43)
 (FALSE,9,71,18,113,.61,.67,.86,.64,.46) (TRUE,113,18,71,9,.33,.39,.11,.36,.46)
 (FALSE,7,105,31,68,.39,.82,.69,.53,.28) (TRUE,68,31,105,7,.18,.61,.06,.28,.28)
 (FALSE,18,25,22,146,.85,.55,.87,.67,.60)
 (TRUE,146,22,25,18,.45,.15,.42,.22,.60)
 (FALSE,13,33,17,148,.82,.57,.90,.67,.58)
 (TRUE,148,17,33,13,.43,.18,.28,.26,.58))