((FALSE,8,126,17,60,.32,.68,.78,.44,.32) (TRUE,60,17,126,8,.32,.68,.06,.43,.32)
 (FALSE,13,137,15,46,.25,.54,.75,.34,.35)
 (TRUE,46,15,137,13,.46,.75,.09,.57,.35)
 (FALSE,13,149,15,34,.19,.54,.69,.28,.31)
 (TRUE,34,15,149,13,.46,.81,.08,.59,.31) (TRUE,77,25,94,15,.38,.55,.14,.45,.41)
 (FALSE,15,94,25,77,.45,.63,.75,.52,.41)
 (FALSE,18,62,12,119,.66,.40,.91,.50,.63)
 (TRUE,119,12,62,18,.60,.34,.22,.44,.63)
 (FALSE,6,78,23,104,.57,.79,.82,.66,.36) (TRUE,104,23,78,6,.21,.43,.07,.28,.36)
 (FALSE,9,124,19,59,.32,.68,.76,.44,.32) (TRUE,59,19,124,9,.32,.68,.07,.44,.32)
 (FALSE,12,53,20,126,.70,.63,.86,.66,.51)
 (TRUE,126,20,53,12,.38,.30,.18,.33,.51)
 (FALSE,15,131,11,54,.29,.42,.83,.35,.42)
 (TRUE,54,11,131,15,.58,.71,.10,.64,.42)
 (FALSE,7,120,26,58,.33,.79,.69,.46,.27) (TRUE,58,26,120,7,.21,.67,.06,.32,.27))