((FALSE,16,148,11,36,.20,.41,.77,.26,.36)
 (TRUE,36,11,148,16,.59,.80,.10,.68,.36)
 (FALSE,11,43,25,132,.75,.69,.84,.72,.48)
 (TRUE,132,25,43,11,.31,.25,.20,.27,.48)
 (FALSE,10,123,22,56,.31,.69,.72,.43,.31)
 (TRUE,56,22,123,10,.31,.69,.08,.43,.31)
 (FALSE,14,155,10,32,.17,.42,.76,.24,.34)
 (TRUE,32,10,155,14,.58,.83,.08,.68,.34) (TRUE,58,25,119,9,.26,.67,.07,.38,.30)
 (FALSE,9,119,25,58,.33,.74,.70,.45,.30)
 (TRUE,139,27,33,12,.31,.19,.27,.24,.49)
 (FALSE,12,33,27,139,.81,.69,.84,.75,.49)
 (FALSE,8,52,21,130,.71,.72,.86,.72,.45) (TRUE,130,21,52,8,.28,.29,.13,.28,.45)
 (TRUE,146,28,29,8,.22,.17,.22,.19,.44) (FALSE,8,29,28,146,.83,.78,.84,.81,.44)
 (FALSE,5,106,17,83,.44,.77,.83,.56,.32) (TRUE,83,17,106,5,.23,.56,.05,.32,.32)
 (FALSE,21,145,11,34,.19,.34,.76,.24,.38)
 (TRUE,34,11,145,21,.66,.81,.13,.73,.38))