((FALSE,8,73,26,104,.59,.76,.80,.66,.39) (TRUE,104,26,73,8,.24,.41,.10,.30,.39)
 (FALSE,9,105,19,78,.43,.68,.80,.52,.37) (TRUE,78,19,105,9,.32,.57,.08,.41,.37)
 (FALSE,11,54,20,126,.70,.65,.86,.67,.50)
 (TRUE,126,20,54,11,.35,.30,.17,.33,.50)
 (FALSE,20,48,18,125,.72,.47,.87,.57,.61)
 (TRUE,125,18,48,20,.53,.28,.29,.36,.61)
 (FALSE,19,62,14,116,.65,.42,.89,.51,.61)
 (TRUE,116,14,62,19,.58,.35,.23,.43,.61)
 (FALSE,15,122,16,58,.32,.52,.78,.40,.40)
 (TRUE,58,16,122,15,.48,.68,.11,.56,.40)
 (FALSE,5,101,23,82,.45,.82,.78,.58,.30) (TRUE,82,23,101,5,.18,.55,.05,.27,.30)
 (FALSE,14,113,21,63,.36,.60,.75,.45,.38)
 (TRUE,63,21,113,14,.40,.64,.11,.49,.38)
 (TRUE,112,17,62,20,.54,.36,.24,.43,.59)
 (FALSE,20,62,17,112,.64,.46,.87,.54,.59)
 (FALSE,9,91,26,85,.48,.74,.77,.59,.36) (TRUE,85,26,91,9,.26,.52,.09,.34,.36))