((FALSE,10,123,25,53,.30,.71,.68,.42,.29)
 (TRUE,53,25,123,10,.29,.70,.08,.41,.29)
 (TRUE,131,20,47,13,.39,.26,.22,.32,.53)
 (FALSE,13,47,20,131,.74,.61,.87,.66,.53)
 (FALSE,18,128,17,48,.27,.49,.74,.35,.38)
 (TRUE,48,17,128,18,.51,.73,.12,.60,.38)
 (TRUE,41,21,127,22,.51,.76,.15,.61,.36)
 (FALSE,22,127,21,41,.24,.49,.66,.33,.36)
 (FALSE,6,62,31,112,.64,.84,.78,.73,.36) (TRUE,112,31,62,6,.16,.36,.09,.22,.36)
 (FALSE,2,138,21,50,.27,.91,.70,.41,.17) (TRUE,50,21,138,2,.09,.73,.01,.16,.17)
 (FALSE,14,45,28,124,.73,.67,.82,.70,.49)
 (TRUE,124,28,45,14,.33,.27,.24,.30,.49)
 (FALSE,11,56,28,116,.67,.72,.81,.70,.44)
 (TRUE,116,28,56,11,.28,.33,.16,.30,.44)
 (TRUE,119,21,56,15,.42,.32,.21,.36,.53)
 (FALSE,15,56,21,119,.68,.58,.85,.63,.53)
 (TRUE,69,19,103,20,.51,.60,.16,.55,.45)
 (FALSE,20,103,19,69,.40,.49,.78,.44,.45))