((FALSE,19,94,9,89,.49,.32,.91,.39,.57) (TRUE,89,9,94,19,.68,.51,.17,.58,.57)
 (FALSE,15,96,24,76,.44,.62,.76,.51,.41) (TRUE,76,24,96,15,.38,.56,.14,.46,.41)
 (FALSE,17,137,17,40,.23,.50,.70,.31,.35)
 (TRUE,40,17,137,17,.50,.77,.11,.61,.35)
 (FALSE,12,79,19,101,.56,.61,.84,.59,.47)
 (TRUE,101,19,79,12,.39,.44,.13,.41,.47)
 (FALSE,10,117,14,70,.37,.58,.83,.46,.40)
 (TRUE,70,14,117,10,.42,.63,.08,.50,.40)
 (FALSE,11,26,23,151,.85,.68,.87,.75,.51)
 (TRUE,151,23,26,11,.32,.15,.30,.20,.51) (FALSE,7,89,19,96,.52,.73,.83,.61,.38)
 (TRUE,96,19,89,7,.27,.48,.07,.35,.38) (FALSE,18,115,14,64,.36,.44,.82,.39,.45)
 (TRUE,64,14,115,18,.56,.64,.14,.60,.45)
 (FALSE,21,102,19,69,.40,.47,.78,.44,.46)
 (TRUE,69,19,102,21,.52,.60,.17,.56,.46)
 (TRUE,60,20,121,10,.33,.67,.08,.44,.33)
 (FALSE,10,121,20,60,.33,.67,.75,.44,.33))