((FALSE,23,106,19,63,.37,.45,.77,.41,.45)
 (TRUE,63,19,106,23,.55,.63,.18,.58,.45)
 (FALSE,16,94,16,85,.47,.50,.84,.49,.49) (TRUE,85,16,94,16,.50,.53,.15,.51,.49)
 (FALSE,9,44,22,136,.76,.71,.86,.73,.47) (TRUE,136,22,44,9,.29,.24,.17,.27,.47)
 (FALSE,21,126,14,50,.28,.40,.78,.33,.42)
 (TRUE,50,14,126,21,.60,.72,.14,.65,.42)
 (FALSE,20,37,18,136,.79,.47,.88,.59,.63)
 (TRUE,136,18,37,20,.53,.21,.35,.30,.63)
 (FALSE,9,121,25,56,.32,.74,.69,.44,.29) (TRUE,56,25,121,9,.26,.68,.07,.38,.29)
 (TRUE,72,18,112,9,.33,.61,.07,.43,.36) (FALSE,9,112,18,72,.39,.67,.80,.49,.36)
 (FALSE,18,36,21,136,.79,.54,.87,.64,.59)
 (TRUE,136,21,36,18,.46,.21,.33,.29,.59)
 (FALSE,18,86,14,93,.52,.44,.87,.48,.54) (TRUE,93,14,86,18,.56,.48,.17,.52,.54)
 (FALSE,10,85,26,90,.51,.72,.78,.60,.38) (TRUE,90,26,85,10,.28,.49,.11,.35,.38))