((FALSE,19,156,10,26,.14,.34,.72,.20,.35)
 (TRUE,26,10,156,19,.66,.86,.11,.74,.35)
 (FALSE,21,132,14,44,.25,.40,.76,.31,.40)
 (TRUE,44,14,132,21,.60,.75,.14,.67,.40)
 (FALSE,14,81,20,96,.54,.59,.83,.56,.47) (TRUE,96,20,81,14,.41,.46,.15,.43,.47)
 (FALSE,13,117,14,67,.36,.52,.83,.43,.42)
 (TRUE,67,14,117,13,.48,.64,.10,.55,.42)
 (FALSE,13,126,12,60,.32,.48,.83,.39,.41)
 (TRUE,60,12,126,13,.52,.68,.09,.59,.41)
 (FALSE,22,110,14,65,.37,.39,.82,.38,.48)
 (TRUE,65,14,110,22,.61,.63,.17,.62,.48)
 (FALSE,13,117,17,64,.35,.57,.79,.44,.39)
 (TRUE,64,17,117,13,.43,.65,.10,.52,.39)
 (FALSE,11,75,26,99,.57,.70,.79,.63,.42) (TRUE,99,26,75,11,.30,.43,.13,.35,.42)
 (FALSE,15,127,16,53,.29,.52,.77,.37,.38)
 (TRUE,53,16,127,15,.48,.71,.11,.57,.38)
 (FALSE,11,136,17,47,.26,.61,.73,.36,.32)
 (TRUE,47,17,136,11,.39,.74,.07,.51,.32))