((FALSE,19,98,9,85,.46,.32,.90,.38,.56) (TRUE,85,9,98,19,.68,.54,.16,.60,.56)
 (FALSE,6,113,25,67,.37,.81,.73,.51,.28) (TRUE,67,25,113,6,.19,.63,.05,.30,.28)
 (FALSE,21,136,15,39,.22,.42,.72,.29,.38)
 (TRUE,39,15,136,21,.58,.78,.13,.67,.38)
 (FALSE,11,26,24,150,.85,.69,.86,.76,.50)
 (TRUE,150,24,26,11,.31,.15,.30,.20,.50)
 (TRUE,67,20,108,16,.44,.62,.13,.52,.41)
 (FALSE,16,108,20,67,.38,.56,.77,.45,.41)
 (FALSE,18,112,20,61,.35,.53,.75,.42,.41)
 (TRUE,61,20,112,18,.47,.65,.14,.55,.41)
 (FALSE,12,81,24,94,.54,.67,.80,.59,.43) (TRUE,94,24,81,12,.33,.46,.13,.39,.43)
 (FALSE,13,103,19,76,.42,.59,.80,.50,.42)
 (TRUE,76,19,103,13,.41,.58,.11,.48,.42)
 (FALSE,12,100,23,76,.43,.66,.77,.52,.39)
 (TRUE,76,23,100,12,.34,.57,.11,.43,.39)
 (FALSE,13,30,18,150,.83,.58,.89,.68,.57)
 (TRUE,150,18,30,13,.42,.17,.30,.24,.57))