((FALSE,25,135,13,38,.22,.34,.75,.27,.40)
 (TRUE,38,13,135,25,.66,.78,.16,.71,.40)
 (FALSE,19,116,20,56,.33,.51,.74,.40,.40)
 (TRUE,56,20,116,19,.49,.67,.14,.57,.40)
 (FALSE,16,71,20,104,.59,.56,.84,.57,.51)
 (TRUE,104,20,71,16,.44,.41,.18,.42,.51) (TRUE,91,15,97,8,.35,.52,.08,.42,.41)
 (FALSE,8,97,15,91,.48,.65,.86,.56,.41) (FALSE,9,43,15,144,.77,.63,.91,.69,.53)
 (TRUE,144,15,43,9,.38,.23,.17,.29,.53)
 (FALSE,11,81,19,100,.55,.63,.84,.59,.45)
 (TRUE,100,19,81,11,.37,.45,.12,.40,.45)
 (FALSE,16,116,24,55,.32,.60,.70,.42,.36)
 (TRUE,55,24,116,16,.40,.68,.12,.50,.36)
 (FALSE,14,67,24,106,.61,.63,.82,.62,.48)
 (TRUE,106,24,67,14,.37,.39,.17,.38,.48)
 (FALSE,20,130,12,49,.27,.38,.80,.32,.42)
 (TRUE,49,12,130,20,.63,.73,.13,.67,.42)
 (FALSE,16,125,23,47,.27,.59,.67,.37,.34)
 (TRUE,47,23,125,16,.41,.73,.11,.52,.34))