((FALSE,25,143,12,31,.18,.32,.72,.23,.38)
 (TRUE,31,12,143,25,.68,.82,.15,.74,.38) (TRUE,93,21,86,11,.34,.48,.11,.40,.42)
 (FALSE,11,86,21,93,.52,.66,.82,.58,.42)
 (FALSE,8,121,24,58,.32,.75,.71,.45,.29) (TRUE,58,24,121,8,.25,.68,.06,.37,.29)
 (FALSE,15,129,19,48,.27,.56,.72,.37,.35)
 (TRUE,48,19,129,15,.44,.73,.10,.55,.35)
 (TRUE,133,17,50,11,.39,.27,.18,.32,.53)
 (FALSE,11,50,17,133,.73,.61,.89,.66,.53)
 (FALSE,12,79,16,104,.57,.57,.87,.57,.49)
 (TRUE,104,16,79,12,.43,.43,.13,.43,.49)
 (FALSE,11,65,22,113,.63,.67,.84,.65,.46)
 (TRUE,113,22,65,11,.33,.37,.14,.35,.46)
 (FALSE,14,92,24,81,.47,.63,.77,.54,.42) (TRUE,81,24,92,14,.37,.53,.13,.44,.42)
 (FALSE,23,141,17,30,.18,.43,.64,.25,.34)
 (TRUE,30,17,141,23,.57,.82,.14,.68,.34)
 (FALSE,17,56,23,115,.67,.57,.83,.62,.53)
 (TRUE,115,23,56,17,.43,.33,.23,.37,.53))