((FALSE,10,115,24,62,.35,.71,.72,.47,.32)
 (TRUE,62,24,115,10,.29,.65,.08,.40,.32)
 (FALSE,14,137,15,45,.25,.52,.75,.33,.35)
 (TRUE,45,15,137,14,.48,.75,.09,.59,.35) (TRUE,67,30,108,6,.17,.62,.05,.26,.27)
 (FALSE,6,108,30,67,.38,.83,.69,.52,.27) (TRUE,62,29,113,7,.19,.65,.06,.30,.27)
 (FALSE,7,113,29,62,.35,.81,.68,.49,.27) (TRUE,75,21,108,7,.25,.59,.06,.35,.33)
 (FALSE,7,108,21,75,.41,.75,.78,.53,.33)
 (FALSE,11,43,17,140,.77,.61,.89,.68,.54)
 (TRUE,140,17,43,11,.39,.23,.20,.29,.54)
 (FALSE,14,136,18,43,.24,.56,.70,.34,.33)
 (TRUE,43,18,136,14,.44,.76,.09,.56,.33)
 (FALSE,6,61,24,120,.66,.80,.83,.73,.39) (TRUE,120,24,61,6,.20,.34,.09,.25,.39)
 (TRUE,71,20,98,22,.52,.58,.18,.55,.47) (FALSE,22,98,20,71,.42,.48,.78,.45,.47)
 (FALSE,19,95,16,81,.46,.46,.84,.46,.50) (TRUE,81,16,95,19,.54,.54,.17,.54,.50))