((TRUE,79,18,95,19,.51,.55,.17,.53,.48) (FALSE,19,95,18,79,.45,.49,.81,.47,.48)
 (FALSE,5,25,22,159,.86,.81,.88,.84,.42) (TRUE,159,22,25,5,.19,.14,.17,.16,.42)
 (TRUE,73,12,112,14,.54,.61,.11,.57,.46)
 (FALSE,14,112,12,73,.39,.46,.86,.43,.46)
 (FALSE,8,58,28,117,.67,.78,.81,.72,.40) (TRUE,117,28,58,8,.22,.33,.12,.27,.40)
 (TRUE,73,14,107,17,.55,.59,.14,.57,.47)
 (FALSE,17,107,14,73,.41,.45,.84,.43,.47)
 (FALSE,10,41,19,141,.77,.66,.88,.71,.51)
 (TRUE,141,19,41,10,.34,.23,.20,.27,.51)
 (FALSE,13,30,16,152,.84,.55,.90,.66,.59)
 (TRUE,152,16,30,13,.45,.16,.30,.24,.59) (TRUE,82,34,90,5,.13,.52,.05,.21,.28)
 (FALSE,5,90,34,82,.48,.87,.71,.62,.28) (TRUE,113,13,65,20,.61,.37,.24,.46,.62)
 (FALSE,20,65,13,113,.63,.39,.90,.49,.62)
 (TRUE,56,21,116,18,.46,.67,.13,.55,.39)
 (FALSE,18,116,21,56,.33,.54,.73,.41,.39))