((FALSE,10,27,19,155,.85,.66,.89,.74,.52)
 (TRUE,155,19,27,10,.34,.15,.27,.21,.52)
 (FALSE,14,127,9,61,.32,.39,.87,.35,.45) (TRUE,61,9,127,14,.61,.68,.10,.64,.45)
 (FALSE,17,115,17,62,.35,.50,.78,.41,.42)
 (TRUE,62,17,115,17,.50,.65,.13,.57,.42)
 (FALSE,18,78,18,97,.55,.50,.84,.53,.53) (TRUE,97,18,78,18,.50,.45,.19,.47,.53)
 (FALSE,20,71,13,107,.60,.39,.89,.48,.60)
 (TRUE,107,13,71,20,.61,.40,.22,.48,.60)
 (FALSE,19,148,15,29,.16,.44,.66,.24,.33)
 (TRUE,29,15,148,19,.56,.84,.11,.67,.33)
 (FALSE,20,39,21,131,.77,.51,.86,.62,.60)
 (TRUE,131,21,39,20,.49,.23,.34,.31,.60)
 (FALSE,15,110,11,75,.41,.42,.87,.41,.48)
 (TRUE,75,11,110,15,.58,.59,.12,.59,.48)
 (FALSE,14,109,15,73,.40,.52,.83,.45,.44)
 (TRUE,73,15,109,14,.48,.60,.11,.53,.44) (TRUE,87,15,93,16,.52,.52,.15,.52,.50)
 (FALSE,16,93,15,87,.48,.48,.85,.48,.50))