((TRUE,70,22,111,8,.27,.61,.07,.37,.32) (FALSE,8,111,22,70,.39,.73,.76,.51,.32)
 (FALSE,22,121,16,52,.30,.42,.76,.35,.42)
 (TRUE,52,16,121,22,.58,.70,.15,.63,.42)
 (FALSE,22,131,18,40,.23,.45,.69,.31,.37)
 (TRUE,40,18,131,22,.55,.77,.14,.64,.37) (TRUE,79,25,93,14,.36,.54,.13,.43,.41)
 (FALSE,14,93,25,79,.46,.64,.76,.54,.41)
 (TRUE,68,14,117,12,.46,.63,.09,.53,.41)
 (FALSE,12,117,14,68,.37,.54,.83,.44,.41)
 (FALSE,20,81,21,89,.52,.51,.81,.52,.51) (TRUE,89,21,81,20,.49,.48,.20,.48,.51)
 (FALSE,15,33,20,143,.81,.57,.88,.67,.57)
 (TRUE,143,20,33,15,.43,.19,.31,.26,.57)
 (FALSE,18,82,20,91,.53,.53,.82,.53,.50) (TRUE,91,20,82,18,.47,.47,.18,.47,.50)
 (FALSE,4,114,29,64,.36,.88,.69,.51,.23) (TRUE,64,29,114,4,.12,.64,.03,.20,.23)
 (TRUE,88,29,86,8,.22,.49,.09,.30,.34) (FALSE,8,86,29,88,.51,.78,.75,.61,.34))