((FALSE,8,116,16,71,.38,.67,.82,.48,.36) (TRUE,71,16,116,8,.33,.62,.06,.43,.36)
 (FALSE,6,99,21,85,.46,.78,.80,.58,.33) (TRUE,85,21,99,6,.22,.54,.06,.31,.33)
 (FALSE,12,113,16,70,.38,.57,.81,.46,.41)
 (TRUE,70,16,113,12,.43,.62,.10,.51,.41)
 (FALSE,24,74,15,98,.57,.38,.87,.46,.59) (TRUE,98,15,74,24,.62,.43,.24,.51,.59)
 (FALSE,8,77,30,96,.55,.79,.76,.65,.36) (TRUE,96,30,77,8,.21,.45,.09,.29,.36)
 (FALSE,7,88,29,87,.50,.81,.75,.61,.33) (TRUE,87,29,88,7,.19,.50,.07,.28,.33)
 (FALSE,22,97,10,82,.46,.31,.89,.37,.56) (TRUE,82,10,97,22,.69,.54,.18,.61,.56)
 (FALSE,12,102,21,76,.43,.64,.78,.51,.39)
 (TRUE,76,21,102,12,.36,.57,.11,.44,.39)
 (FALSE,19,36,25,131,.78,.57,.84,.66,.57)
 (TRUE,131,25,36,19,.43,.22,.35,.29,.57)
 (FALSE,11,115,24,61,.35,.69,.72,.46,.33)
 (TRUE,61,24,115,11,.31,.65,.09,.42,.33))