((FALSE,17,68,20,106,.61,.54,.84,.57,.53)
 (TRUE,106,20,68,17,.46,.39,.20,.42,.53)
 (FALSE,13,133,17,48,.27,.57,.74,.36,.34)
 (TRUE,48,17,133,13,.43,.73,.09,.55,.34)
 (FALSE,16,145,20,30,.17,.56,.60,.26,.29)
 (TRUE,30,20,145,16,.44,.83,.10,.58,.29) (TRUE,76,15,96,24,.62,.56,.20,.59,.52)
 (FALSE,24,96,15,76,.44,.38,.84,.41,.52)
 (FALSE,15,42,20,134,.76,.57,.87,.65,.56)
 (TRUE,134,20,42,15,.43,.24,.26,.31,.56)
 (FALSE,9,41,20,141,.77,.69,.88,.73,.49) (TRUE,141,20,41,9,.31,.23,.18,.26,.49)
 (FALSE,18,97,18,78,.45,.50,.81,.47,.47) (TRUE,78,18,97,18,.50,.55,.16,.53,.47)
 (FALSE,4,109,31,67,.38,.89,.68,.53,.24) (TRUE,67,31,109,4,.11,.62,.04,.19,.24)
 (FALSE,9,125,16,61,.33,.64,.79,.43,.34) (TRUE,61,16,125,9,.36,.67,.07,.47,.34)
 (FALSE,11,27,25,148,.85,.69,.86,.76,.50)
 (TRUE,148,25,27,11,.31,.15,.29,.21,.50))