((FALSE,20,97,16,78,.45,.44,.83,.45,.50) (TRUE,78,16,97,20,.56,.55,.17,.55,.50)
 (FALSE,18,110,16,67,.38,.47,.81,.42,.45)
 (TRUE,67,16,110,18,.53,.62,.14,.57,.45)
 (FALSE,12,140,12,47,.25,.50,.80,.33,.36)
 (TRUE,47,12,140,12,.50,.75,.08,.60,.36)
 (FALSE,14,42,17,138,.77,.55,.89,.64,.58)
 (TRUE,138,17,42,14,.45,.23,.25,.31,.58)
 (FALSE,14,98,24,75,.43,.63,.76,.51,.40) (TRUE,75,24,98,14,.37,.57,.13,.45,.40)
 (FALSE,18,48,18,127,.73,.50,.88,.59,.60)
 (TRUE,127,18,48,18,.50,.27,.27,.35,.60)
 (FALSE,13,109,21,68,.38,.62,.76,.47,.38)
 (TRUE,68,21,109,13,.38,.62,.11,.47,.38) (TRUE,31,5,152,23,.82,.83,.13,.83,.40)
 (FALSE,23,152,5,31,.17,.18,.86,.17,.40) (TRUE,98,24,76,13,.35,.44,.15,.39,.45)
 (FALSE,13,76,24,98,.56,.65,.80,.60,.45)
 (FALSE,10,56,21,124,.69,.68,.86,.68,.47)
 (TRUE,124,21,56,10,.32,.31,.15,.32,.47))