((FALSE,17,76,18,100,.57,.51,.85,.54,.53)
 (TRUE,100,18,76,17,.49,.43,.18,.46,.53)
 (FALSE,10,49,22,130,.73,.69,.86,.71,.48)
 (TRUE,130,22,49,10,.31,.27,.17,.29,.48)
 (FALSE,18,115,17,61,.35,.49,.78,.40,.42)
 (TRUE,61,17,115,18,.51,.65,.14,.58,.42)
 (FALSE,18,112,19,62,.36,.51,.77,.42,.42)
 (TRUE,62,19,112,18,.49,.64,.14,.55,.42)
 (FALSE,15,32,20,144,.82,.57,.88,.67,.58)
 (TRUE,144,20,32,15,.43,.18,.32,.26,.58)
 (FALSE,9,27,16,159,.85,.64,.91,.73,.54) (TRUE,159,16,27,9,.36,.15,.25,.21,.54)
 (FALSE,10,88,23,90,.51,.70,.80,.59,.40) (TRUE,90,23,88,10,.30,.49,.10,.38,.40)
 (FALSE,11,109,30,61,.36,.73,.67,.48,.31)
 (TRUE,61,30,109,11,.27,.64,.09,.38,.31)
 (FALSE,12,126,19,54,.30,.61,.74,.40,.34)
 (TRUE,54,19,126,12,.39,.70,.09,.50,.34)
 (FALSE,11,75,10,115,.61,.48,.92,.53,.56)
 (TRUE,115,10,75,11,.52,.39,.13,.45,.56))