((FALSE,10,48,15,138,.74,.60,.90,.66,.54)
 (TRUE,138,15,48,10,.40,.26,.17,.31,.54)
 (FALSE,16,35,22,138,.80,.58,.86,.67,.57)
 (TRUE,138,22,35,16,.42,.20,.31,.27,.57)
 (FALSE,11,78,20,102,.57,.65,.84,.60,.45)
 (TRUE,102,20,78,11,.35,.43,.12,.39,.45)
 (FALSE,16,91,14,90,.50,.47,.87,.48,.51) (TRUE,90,14,91,16,.53,.50,.15,.52,.51)
 (FALSE,14,40,26,131,.77,.65,.83,.70,.51)
 (TRUE,131,26,40,14,.35,.23,.26,.28,.51)
 (FALSE,17,121,18,55,.31,.51,.75,.39,.39)
 (TRUE,55,18,121,17,.49,.69,.12,.57,.39)
 (FALSE,9,116,22,64,.36,.71,.74,.47,.32) (TRUE,64,22,116,9,.29,.64,.07,.40,.32)
 (FALSE,18,92,13,88,.49,.42,.87,.45,.53) (TRUE,88,13,92,18,.58,.51,.16,.54,.53)
 (TRUE,107,15,76,13,.46,.42,.15,.44,.52)
 (FALSE,13,76,15,107,.58,.54,.88,.56,.52)
 (FALSE,7,119,30,55,.32,.81,.65,.45,.25) (TRUE,55,30,119,7,.19,.68,.06,.30,.25))