((TRUE,70,22,105,14,.39,.60,.12,.47,.39)
 (FALSE,14,105,22,70,.40,.61,.76,.48,.39)
 (FALSE,7,78,26,100,.56,.79,.79,.66,.36) (TRUE,100,26,78,7,.21,.44,.08,.29,.36)
 (FALSE,15,89,24,83,.48,.62,.78,.54,.43) (TRUE,83,24,89,15,.38,.52,.14,.44,.43)
 (FALSE,11,130,26,44,.25,.70,.63,.37,.27)
 (TRUE,44,26,130,11,.30,.75,.08,.43,.27) (FALSE,8,91,23,89,.49,.74,.79,.59,.37)
 (TRUE,89,23,91,8,.26,.51,.08,.34,.37) (FALSE,6,43,21,141,.77,.78,.87,.77,.43)
 (TRUE,141,21,43,6,.22,.23,.12,.23,.43) (TRUE,104,16,75,16,.50,.42,.18,.46,.54)
 (FALSE,16,75,16,104,.58,.50,.87,.54,.54)
 (FALSE,10,117,18,66,.36,.64,.79,.46,.36)
 (TRUE,66,18,117,10,.36,.64,.08,.46,.36)
 (FALSE,14,43,16,138,.76,.53,.90,.63,.59)
 (TRUE,138,16,43,14,.47,.24,.25,.31,.59)
 (FALSE,11,94,26,80,.46,.70,.75,.56,.37) (TRUE,80,26,94,11,.30,.54,.10,.38,.37))