((TRUE,154,15,30,12,.44,.16,.29,.24,.59)
 (FALSE,12,30,15,154,.84,.56,.91,.67,.59)
 (FALSE,14,105,11,81,.44,.44,.88,.44,.49)
 (TRUE,81,11,105,14,.56,.56,.12,.56,.49)
 (FALSE,13,127,12,59,.32,.48,.83,.38,.41)
 (TRUE,59,12,127,13,.52,.68,.09,.59,.41)
 (FALSE,20,86,14,91,.51,.41,.87,.46,.55) (TRUE,91,14,86,20,.59,.49,.19,.53,.55)
 (FALSE,16,103,22,70,.40,.58,.76,.48,.41)
 (TRUE,70,22,103,16,.42,.60,.13,.49,.41)
 (FALSE,8,128,16,59,.32,.67,.79,.43,.32) (TRUE,59,16,128,8,.33,.68,.06,.45,.32)
 (FALSE,12,104,18,77,.43,.60,.81,.50,.41)
 (TRUE,77,18,104,12,.40,.57,.10,.47,.41)
 (FALSE,19,66,11,115,.64,.37,.91,.46,.63)
 (TRUE,115,11,66,19,.63,.36,.22,.46,.63)
 (TRUE,103,17,81,10,.37,.44,.11,.40,.46)
 (FALSE,10,81,17,103,.56,.63,.86,.59,.46)
 (FALSE,19,92,15,85,.48,.44,.85,.46,.52) (TRUE,85,15,92,19,.56,.52,.17,.54,.52))