((FALSE,9,56,19,127,.69,.68,.87,.69,.47) (TRUE,127,19,56,9,.32,.31,.14,.31,.47)
 (FALSE,20,63,13,115,.65,.39,.90,.49,.63)
 (TRUE,115,13,63,20,.61,.35,.24,.45,.63)
 (FALSE,11,138,16,46,.25,.59,.74,.35,.32)
 (TRUE,46,16,138,11,.41,.75,.07,.53,.32)
 (FALSE,13,43,16,139,.76,.55,.90,.64,.58)
 (TRUE,139,16,43,13,.45,.24,.23,.31,.58)
 (FALSE,19,97,28,67,.41,.60,.71,.48,.41) (TRUE,67,28,97,19,.40,.59,.16,.48,.41)
 (TRUE,68,18,111,14,.44,.62,.11,.51,.41)
 (FALSE,14,111,18,68,.38,.56,.79,.45,.41)
 (FALSE,14,110,17,70,.39,.55,.80,.46,.42)
 (TRUE,70,17,110,14,.45,.61,.11,.52,.42)
 (FALSE,17,137,12,45,.25,.41,.79,.31,.39)
 (TRUE,45,12,137,17,.59,.75,.11,.66,.39)
 (FALSE,15,92,15,89,.49,.50,.86,.50,.50) (TRUE,89,15,92,15,.50,.51,.14,.50,.50)
 (FALSE,18,93,16,84,.47,.47,.84,.47,.50) (TRUE,84,16,93,18,.53,.53,.16,.53,.50))