((FALSE,14,36,28,133,.79,.67,.83,.72,.51)
 (TRUE,133,28,36,14,.33,.21,.28,.26,.51)
 (FALSE,19,111,19,62,.36,.50,.77,.42,.42)
 (TRUE,62,19,111,19,.50,.64,.15,.56,.42)
 (FALSE,16,67,20,108,.62,.56,.84,.58,.52)
 (TRUE,108,20,67,16,.44,.38,.19,.41,.52)
 (FALSE,10,88,26,87,.50,.72,.77,.59,.38) (TRUE,87,26,88,10,.28,.50,.10,.36,.38)
 (FALSE,16,48,19,128,.73,.54,.87,.62,.57)
 (TRUE,128,19,48,16,.46,.27,.25,.34,.57)
 (FALSE,12,52,20,127,.71,.63,.86,.66,.51)
 (TRUE,127,20,52,12,.38,.29,.19,.33,.51) (FALSE,9,99,16,87,.47,.64,.84,.54,.41)
 (TRUE,87,16,99,9,.36,.53,.08,.43,.41) (FALSE,15,118,16,62,.34,.52,.79,.41,.41)
 (TRUE,62,16,118,15,.48,.66,.11,.56,.41)
 (FALSE,17,72,20,102,.59,.54,.84,.56,.52)
 (TRUE,102,20,72,17,.46,.41,.19,.44,.52)
 (FALSE,14,122,13,62,.34,.48,.83,.40,.42)
 (TRUE,62,13,122,14,.52,.66,.10,.58,.42))