((FALSE,16,112,19,64,.36,.54,.77,.44,.41)
 (TRUE,64,19,112,16,.46,.64,.13,.53,.41)
 (FALSE,20,114,20,57,.33,.50,.74,.40,.41)
 (TRUE,57,20,114,20,.50,.67,.15,.57,.41)
 (FALSE,20,131,20,40,.23,.50,.67,.32,.35)
 (TRUE,40,20,131,20,.50,.77,.13,.61,.35)
 (FALSE,13,107,23,68,.39,.64,.75,.48,.37)
 (TRUE,68,23,107,13,.36,.61,.11,.45,.37)
 (TRUE,62,22,109,18,.45,.64,.14,.53,.40)
 (FALSE,18,109,22,62,.36,.55,.74,.44,.40)
 (FALSE,18,125,16,52,.29,.47,.76,.36,.40)
 (TRUE,52,16,125,18,.53,.71,.13,.61,.40)
 (FALSE,13,106,17,75,.41,.57,.82,.48,.42)
 (TRUE,75,17,106,13,.43,.59,.11,.50,.42)
 (FALSE,15,128,18,50,.28,.55,.74,.37,.36)
 (TRUE,50,18,128,15,.45,.72,.10,.56,.36) (TRUE,93,17,86,15,.47,.48,.15,.47,.49)
 (FALSE,15,86,17,93,.52,.53,.85,.53,.49)
 (TRUE,52,20,126,13,.39,.71,.09,.51,.34)
 (FALSE,13,126,20,52,.29,.61,.72,.39,.34))