((TRUE,67,26,106,12,.32,.61,.10,.42,.35)
 (FALSE,12,106,26,67,.39,.68,.72,.49,.35)
 (FALSE,7,137,14,53,.28,.67,.79,.39,.31) (TRUE,53,14,137,7,.33,.72,.05,.46,.31)
 (FALSE,5,119,30,57,.32,.86,.66,.47,.23) (TRUE,57,30,119,5,.14,.68,.04,.24,.23)
 (FALSE,14,47,15,135,.74,.52,.90,.61,.59)
 (TRUE,135,15,47,14,.48,.26,.23,.34,.59)
 (TRUE,59,15,120,17,.53,.67,.12,.59,.42)
 (FALSE,17,120,15,59,.33,.47,.80,.39,.42)
 (FALSE,15,117,15,64,.35,.50,.81,.41,.42)
 (TRUE,64,15,117,15,.50,.65,.11,.56,.42)
 (FALSE,16,90,24,81,.47,.60,.77,.53,.44) (TRUE,81,24,90,16,.40,.53,.15,.45,.44)
 (FALSE,23,125,14,49,.28,.38,.78,.32,.43)
 (TRUE,49,14,125,23,.62,.72,.16,.67,.43)
 (FALSE,11,79,22,99,.56,.67,.82,.61,.43) (TRUE,99,22,79,11,.33,.44,.12,.38,.43)
 (FALSE,8,34,15,154,.82,.65,.91,.73,.52) (TRUE,154,15,34,8,.35,.18,.19,.24,.52))