((TRUE,64,18,123,6,.25,.66,.05,.36,.29) (FALSE,6,123,18,64,.34,.75,.78,.47,.29)
 (FALSE,11,93,13,94,.50,.54,.88,.52,.48) (TRUE,94,13,93,11,.46,.50,.11,.48,.48)
 (FALSE,18,114,14,65,.36,.44,.82,.40,.45)
 (TRUE,65,14,114,18,.56,.64,.14,.60,.45) (FALSE,6,93,25,87,.48,.81,.78,.60,.32)
 (TRUE,87,25,93,6,.19,.52,.06,.28,.32) (FALSE,15,42,23,131,.76,.61,.85,.67,.54)
 (TRUE,131,23,42,15,.39,.24,.26,.30,.54)
 (FALSE,12,44,16,139,.76,.57,.90,.65,.56)
 (TRUE,139,16,44,12,.43,.24,.21,.31,.56)
 (FALSE,16,104,18,73,.41,.53,.80,.46,.44)
 (TRUE,73,18,104,16,.47,.59,.13,.52,.44)
 (FALSE,25,127,10,49,.28,.29,.83,.28,.45)
 (TRUE,49,10,127,25,.71,.72,.16,.72,.45)
 (FALSE,22,87,19,83,.49,.46,.81,.48,.51) (TRUE,83,19,87,22,.54,.51,.20,.52,.51)
 (TRUE,43,23,134,11,.32,.76,.08,.45,.28)
 (FALSE,11,134,23,43,.24,.68,.65,.36,.28))