((FALSE,14,67,20,110,.62,.59,.85,.60,.51)
 (TRUE,110,20,67,14,.41,.38,.17,.39,.51)
 (FALSE,14,123,13,61,.33,.48,.82,.39,.42)
 (TRUE,61,13,123,14,.52,.67,.10,.58,.42)
 (FALSE,7,113,30,61,.35,.81,.67,.49,.27) (TRUE,61,30,113,7,.19,.65,.06,.29,.27)
 (FALSE,13,99,18,81,.45,.58,.82,.51,.43) (TRUE,81,18,99,13,.42,.55,.12,.48,.43)
 (FALSE,10,125,12,64,.34,.55,.84,.42,.39)
 (TRUE,64,12,125,10,.45,.66,.07,.54,.39)
 (TRUE,118,22,58,13,.37,.33,.18,.35,.50)
 (FALSE,13,58,22,118,.67,.63,.84,.65,.50)
 (FALSE,17,121,22,51,.30,.56,.70,.39,.36)
 (TRUE,51,22,121,17,.44,.70,.12,.54,.36)
 (FALSE,17,117,16,61,.34,.48,.79,.40,.42)
 (TRUE,61,16,117,17,.52,.66,.13,.58,.42)
 (FALSE,11,44,21,135,.75,.66,.87,.70,.50)
 (TRUE,135,21,44,11,.34,.25,.20,.29,.50)
 (FALSE,20,112,10,69,.38,.33,.87,.36,.50)
 (TRUE,69,10,112,20,.67,.62,.15,.64,.50))