((FALSE,9,68,14,120,.64,.61,.90,.62,.50) (TRUE,120,14,68,9,.39,.36,.12,.38,.50)
 (TRUE,53,19,125,14,.42,.70,.10,.53,.36)
 (FALSE,14,125,19,53,.30,.58,.74,.39,.36) (TRUE,89,24,90,8,.25,.50,.08,.33,.36)
 (FALSE,8,90,24,89,.50,.75,.79,.60,.36)
 (FALSE,16,44,21,130,.75,.57,.86,.65,.56)
 (TRUE,130,21,44,16,.43,.25,.27,.32,.56)
 (FALSE,12,39,20,140,.78,.63,.88,.69,.53)
 (TRUE,140,20,39,12,.38,.22,.24,.28,.53)
 (FALSE,14,81,19,97,.54,.58,.84,.56,.48) (TRUE,97,19,81,14,.42,.46,.15,.44,.48)
 (TRUE,68,14,119,10,.42,.64,.08,.50,.39)
 (FALSE,10,119,14,68,.36,.58,.83,.45,.39)
 (FALSE,11,103,13,84,.45,.54,.87,.49,.45)
 (TRUE,84,13,103,11,.46,.55,.10,.50,.45)
 (FALSE,18,119,14,60,.34,.44,.81,.38,.44)
 (TRUE,60,14,119,18,.56,.66,.13,.61,.44)
 (FALSE,15,125,18,53,.30,.55,.75,.39,.37)
 (TRUE,53,18,125,15,.45,.70,.11,.55,.37))