((FALSE,13,105,12,81,.44,.48,.87,.46,.48)
 (TRUE,81,12,105,13,.52,.56,.11,.54,.48)
 (FALSE,16,117,22,56,.32,.58,.72,.42,.37)
 (TRUE,56,22,117,16,.42,.68,.12,.52,.37) (TRUE,90,25,84,12,.32,.48,.13,.39,.41)
 (FALSE,12,84,25,90,.52,.68,.78,.59,.41)
 (TRUE,122,25,52,12,.32,.30,.19,.31,.48)
 (FALSE,12,52,25,122,.70,.68,.83,.69,.48)
 (TRUE,115,21,56,19,.47,.33,.25,.39,.56)
 (FALSE,19,56,21,115,.67,.52,.85,.59,.56)
 (FALSE,9,105,18,79,.43,.67,.81,.52,.38) (TRUE,79,18,105,9,.33,.57,.08,.42,.38)
 (FALSE,18,110,13,70,.39,.42,.84,.40,.48)
 (TRUE,70,13,110,18,.58,.61,.14,.60,.48)
 (FALSE,19,127,13,52,.29,.41,.80,.34,.42)
 (TRUE,52,13,127,19,.59,.71,.13,.65,.42)
 (FALSE,12,121,18,60,.33,.60,.77,.43,.36)
 (TRUE,60,18,121,12,.40,.67,.09,.50,.36)
 (TRUE,32,20,138,21,.51,.81,.13,.63,.33)
 (FALSE,21,138,20,32,.19,.49,.62,.27,.33))