((FALSE,14,69,21,107,.61,.60,.84,.60,.49)
 (TRUE,107,21,69,14,.40,.39,.17,.40,.49) (TRUE,72,27,99,13,.32,.58,.12,.42,.37)
 (FALSE,13,99,27,72,.42,.68,.73,.52,.37)
 (FALSE,17,115,24,55,.32,.59,.70,.42,.37)
 (TRUE,55,24,115,17,.41,.68,.13,.51,.37) (FALSE,7,84,22,98,.54,.76,.82,.63,.37)
 (TRUE,98,22,84,7,.24,.46,.08,.32,.37) (FALSE,17,118,20,56,.32,.54,.74,.40,.39)
 (TRUE,56,20,118,17,.46,.68,.13,.55,.39)
 (FALSE,9,68,24,110,.62,.73,.82,.67,.42) (TRUE,110,24,68,9,.27,.38,.12,.32,.42)
 (FALSE,10,129,20,52,.29,.67,.72,.40,.31)
 (TRUE,52,20,129,10,.33,.71,.07,.45,.31)
 (FALSE,17,34,20,140,.80,.54,.88,.65,.59)
 (TRUE,140,20,34,17,.46,.20,.33,.27,.59)
 (FALSE,11,119,21,60,.34,.66,.74,.44,.34)
 (TRUE,60,21,119,11,.34,.66,.08,.45,.34)
 (FALSE,13,136,15,47,.26,.54,.76,.35,.35)
 (TRUE,47,15,136,13,.46,.74,.09,.57,.35))