((FALSE,6,84,27,94,.53,.82,.78,.64,.33) (TRUE,94,27,84,6,.18,.47,.07,.26,.33)
 (FALSE,18,118,20,55,.32,.53,.73,.40,.39)
 (TRUE,55,20,118,18,.47,.68,.13,.56,.39)
 (FALSE,22,145,13,31,.18,.37,.70,.24,.36)
 (TRUE,31,13,145,22,.63,.82,.13,.71,.36)
 (FALSE,12,34,24,141,.81,.67,.85,.73,.51)
 (TRUE,141,24,34,12,.33,.19,.26,.25,.51)
 (FALSE,23,129,13,46,.26,.36,.78,.30,.42)
 (TRUE,46,13,129,23,.64,.74,.15,.68,.42)
 (FALSE,13,103,18,77,.43,.58,.81,.49,.42)
 (TRUE,77,18,103,13,.42,.57,.11,.48,.42)
 (FALSE,9,116,27,59,.34,.75,.69,.47,.29) (TRUE,59,27,116,9,.25,.66,.07,.36,.29)
 (FALSE,8,44,26,133,.75,.76,.84,.76,.43) (TRUE,133,26,44,8,.24,.25,.15,.24,.43)
 (FALSE,1,111,26,73,.40,.96,.74,.56,.20) (TRUE,73,26,111,1,.04,.60,.01,.07,.20)
 (FALSE,6,71,22,112,.61,.79,.84,.69,.38) (TRUE,112,22,71,6,.21,.39,.08,.28,.38))