((FALSE,10,118,19,64,.35,.66,.77,.46,.35)
 (TRUE,64,19,118,10,.34,.65,.08,.45,.35)
 (FALSE,17,79,21,94,.54,.55,.82,.55,.49) (TRUE,94,21,79,17,.45,.46,.18,.45,.49)
 (FALSE,18,106,15,72,.40,.45,.83,.43,.47)
 (TRUE,72,15,106,18,.55,.60,.15,.57,.47)
 (FALSE,25,130,11,45,.26,.31,.80,.28,.43)
 (TRUE,45,11,130,25,.69,.74,.16,.72,.43)
 (FALSE,18,40,14,139,.78,.44,.91,.56,.65)
 (TRUE,139,14,40,18,.56,.22,.31,.32,.65)
 (FALSE,6,110,17,78,.41,.74,.82,.53,.33) (TRUE,78,17,110,6,.26,.59,.05,.36,.33)
 (FALSE,8,67,22,114,.63,.73,.84,.68,.42) (TRUE,114,22,67,8,.27,.37,.11,.31,.42)
 (FALSE,9,48,23,131,.73,.72,.85,.73,.46) (TRUE,131,23,48,9,.28,.27,.16,.27,.46)
 (FALSE,17,93,13,88,.49,.43,.87,.46,.52) (TRUE,88,13,93,17,.57,.51,.15,.54,.52)
 (FALSE,18,55,11,127,.70,.38,.92,.49,.66)
 (TRUE,127,11,55,18,.62,.30,.25,.41,.66))