((FALSE,15,129,11,56,.30,.42,.84,.35,.42)
 (TRUE,56,11,129,15,.58,.70,.10,.63,.42)
 (FALSE,14,46,16,135,.75,.53,.89,.62,.58)
 (TRUE,135,16,46,14,.47,.25,.23,.33,.58)
 (FALSE,8,69,17,117,.63,.68,.87,.65,.45) (TRUE,117,17,69,8,.32,.37,.10,.34,.45)
 (TRUE,144,26,31,10,.28,.18,.24,.22,.47)
 (FALSE,10,31,26,144,.82,.72,.85,.77,.47)
 (FALSE,11,107,20,73,.41,.65,.78,.50,.38)
 (TRUE,73,20,107,11,.35,.59,.09,.44,.38)
 (FALSE,15,107,26,63,.37,.63,.71,.47,.37)
 (TRUE,63,26,107,15,.37,.63,.12,.46,.37)
 (FALSE,10,48,26,127,.73,.72,.83,.72,.45)
 (TRUE,127,26,48,10,.28,.27,.17,.28,.45)
 (FALSE,7,120,24,60,.33,.77,.71,.47,.28) (TRUE,60,24,120,7,.23,.67,.06,.34,.28)
 (FALSE,8,114,17,72,.39,.68,.81,.49,.35) (TRUE,72,17,114,8,.32,.61,.07,.42,.35)
 (FALSE,16,37,17,141,.79,.52,.89,.62,.61)
 (TRUE,141,17,37,16,.48,.21,.30,.29,.61))