((FALSE,10,133,23,45,.25,.70,.66,.37,.28)
 (TRUE,45,23,133,10,.30,.75,.07,.43,.28)
 (FALSE,9,131,17,54,.29,.65,.76,.40,.32) (TRUE,54,17,131,9,.35,.71,.06,.46,.32)
 (FALSE,14,139,19,39,.22,.58,.67,.32,.31)
 (TRUE,39,19,139,14,.42,.78,.09,.55,.31) (TRUE,95,21,87,8,.28,.48,.08,.35,.39)
 (FALSE,8,87,21,95,.52,.72,.82,.61,.39)
 (FALSE,12,19,24,156,.89,.67,.87,.76,.52)
 (TRUE,156,24,19,12,.33,.11,.39,.16,.52)
 (FALSE,6,110,18,77,.41,.75,.81,.53,.33) (TRUE,77,18,110,6,.25,.59,.05,.35,.33)
 (FALSE,17,108,10,76,.41,.37,.88,.39,.51)
 (TRUE,76,10,108,17,.63,.59,.14,.61,.51)
 (FALSE,12,129,14,56,.30,.54,.80,.39,.38)
 (TRUE,56,14,129,12,.46,.70,.09,.56,.38)
 (FALSE,22,116,14,59,.34,.39,.81,.36,.46)
 (TRUE,59,14,116,22,.61,.66,.16,.64,.46)
 (FALSE,20,50,14,127,.72,.41,.90,.52,.65)
 (TRUE,127,14,50,20,.59,.28,.29,.38,.65))