((FALSE,7,71,24,109,.61,.77,.82,.68,.39) (TRUE,109,24,71,7,.23,.39,.09,.29,.39)
 (FALSE,13,112,17,69,.38,.57,.80,.46,.41)
 (TRUE,69,17,112,13,.43,.62,.10,.51,.41)
 (FALSE,11,118,30,52,.31,.73,.63,.43,.29)
 (TRUE,52,30,118,11,.27,.69,.09,.39,.29)
 (FALSE,26,117,18,50,.30,.41,.74,.35,.43)
 (TRUE,50,18,117,26,.59,.70,.18,.64,.43)
 (FALSE,17,114,15,65,.36,.47,.81,.41,.44)
 (TRUE,65,15,114,17,.53,.64,.13,.58,.44)
 (FALSE,12,90,24,85,.49,.67,.78,.56,.40) (TRUE,85,24,90,12,.33,.51,.12,.40,.40)
 (FALSE,17,104,21,69,.40,.55,.77,.46,.42)
 (TRUE,69,21,104,17,.45,.60,.14,.51,.42)
 (FALSE,14,56,23,118,.68,.62,.84,.65,.51)
 (TRUE,118,23,56,14,.38,.32,.20,.35,.51)
 (FALSE,14,33,21,143,.81,.60,.87,.69,.56)
 (TRUE,143,21,33,14,.40,.19,.30,.26,.56)
 (FALSE,17,103,22,69,.40,.56,.76,.47,.42)
 (TRUE,69,22,103,17,.44,.60,.14,.50,.42))