((FALSE,13,123,16,59,.32,.55,.79,.41,.38)
 (TRUE,59,16,123,13,.45,.68,.10,.54,.38)
 (TRUE,101,16,78,16,.50,.44,.17,.47,.53)
 (FALSE,16,78,16,101,.56,.50,.86,.53,.53)
 (FALSE,10,52,19,130,.71,.66,.87,.68,.49)
 (TRUE,130,19,52,10,.34,.29,.16,.31,.49)
 (FALSE,13,123,32,43,.26,.71,.57,.38,.27)
 (TRUE,43,32,123,13,.29,.74,.10,.42,.27)
 (TRUE,64,20,104,23,.53,.62,.18,.57,.45)
 (FALSE,23,104,20,64,.38,.47,.76,.42,.45)
 (FALSE,8,111,19,73,.40,.70,.79,.51,.34) (TRUE,73,19,111,8,.30,.60,.07,.40,.34)
 (TRUE,136,27,32,16,.37,.19,.33,.25,.54)
 (FALSE,16,32,27,136,.81,.63,.83,.71,.54)
 (FALSE,18,115,12,66,.36,.40,.85,.38,.47)
 (TRUE,66,12,115,18,.60,.64,.14,.62,.47)
 (FALSE,19,135,12,45,.25,.39,.79,.30,.40)
 (TRUE,45,12,135,19,.61,.75,.12,.67,.40)
 (FALSE,17,129,23,42,.25,.57,.65,.34,.33)
 (TRUE,42,23,129,17,.43,.75,.12,.54,.33))