((FALSE,13,45,15,138,.75,.54,.90,.63,.58)
 (TRUE,138,15,45,13,.46,.25,.22,.32,.58)
 (FALSE,29,154,10,18,.10,.26,.64,.15,.34)
 (TRUE,18,10,154,29,.74,.90,.16,.81,.34)
 (FALSE,6,53,17,135,.72,.74,.89,.73,.44) (TRUE,135,17,53,6,.26,.28,.10,.27,.44)
 (FALSE,13,81,24,93,.53,.65,.79,.59,.44) (TRUE,93,24,81,13,.35,.47,.14,.40,.44)
 (FALSE,12,61,20,118,.66,.63,.86,.64,.50)
 (TRUE,118,20,61,12,.38,.34,.16,.36,.50)
 (FALSE,8,130,31,42,.24,.79,.58,.37,.22) (TRUE,42,31,130,8,.21,.76,.06,.32,.22)
 (FALSE,18,121,24,48,.28,.57,.67,.38,.35)
 (TRUE,48,24,121,18,.43,.72,.13,.54,.35)
 (FALSE,22,150,13,26,.15,.37,.67,.21,.34)
 (TRUE,26,13,150,22,.63,.85,.13,.72,.34) (TRUE,137,25,40,9,.26,.23,.18,.24,.46)
 (FALSE,9,40,25,137,.77,.74,.85,.75,.46)
 (FALSE,12,28,25,146,.84,.68,.85,.75,.51)
 (TRUE,146,25,28,12,.32,.16,.30,.22,.51))