((TRUE,55,27,117,12,.31,.68,.09,.42,.31)
 (FALSE,12,117,27,55,.32,.69,.67,.44,.31)
 (FALSE,17,130,18,46,.26,.51,.72,.35,.36)
 (TRUE,46,18,130,17,.49,.74,.12,.59,.36)
 (FALSE,8,50,30,123,.71,.79,.80,.75,.41) (TRUE,123,30,50,8,.21,.29,.14,.24,.41)
 (TRUE,81,18,96,16,.47,.54,.14,.50,.46) (FALSE,16,96,18,81,.46,.53,.82,.49,.46)
 (FALSE,17,103,20,71,.41,.54,.78,.47,.43)
 (TRUE,71,20,103,17,.46,.59,.14,.52,.43)
 (FALSE,16,134,13,48,.26,.45,.79,.33,.39)
 (TRUE,48,13,134,16,.55,.74,.11,.63,.39)
 (FALSE,6,47,17,141,.75,.74,.89,.74,.45) (TRUE,141,17,47,6,.26,.25,.11,.26,.45)
 (FALSE,15,123,26,47,.28,.63,.64,.39,.32)
 (TRUE,47,26,123,15,.37,.72,.11,.49,.32)
 (FALSE,28,118,15,50,.30,.35,.77,.32,.45)
 (TRUE,50,15,118,28,.65,.70,.19,.68,.45)
 (FALSE,8,113,25,65,.37,.76,.72,.49,.30) (TRUE,65,25,113,8,.24,.63,.07,.35,.30))