((FALSE,19,111,11,70,.39,.37,.86,.38,.49)
 (TRUE,70,11,111,19,.63,.61,.15,.62,.49)
 (FALSE,12,109,16,74,.40,.57,.82,.47,.42)
 (TRUE,74,16,109,12,.43,.60,.10,.50,.42)
 (FALSE,10,99,16,86,.46,.62,.84,.53,.42) (TRUE,86,16,99,10,.38,.54,.09,.45,.42)
 (TRUE,59,15,118,19,.56,.67,.14,.61,.43)
 (FALSE,19,118,15,59,.33,.44,.80,.38,.43)
 (FALSE,15,99,9,88,.47,.38,.91,.42,.54) (TRUE,88,9,99,15,.63,.53,.13,.57,.54)
 (FALSE,15,87,19,90,.51,.56,.83,.53,.47) (TRUE,90,19,87,15,.44,.49,.15,.46,.47)
 (TRUE,87,28,86,10,.26,.50,.10,.34,.37) (FALSE,10,86,28,87,.50,.74,.76,.60,.37)
 (TRUE,120,17,61,13,.43,.34,.18,.38,.53)
 (FALSE,13,61,17,120,.66,.57,.88,.61,.53)
 (FALSE,14,91,16,90,.50,.53,.85,.51,.48) (TRUE,90,16,91,14,.47,.50,.13,.48,.48)
 (FALSE,18,122,12,59,.33,.40,.83,.36,.45)
 (TRUE,59,12,122,18,.60,.67,.13,.63,.45))