((FALSE,15,75,18,103,.58,.55,.85,.56,.51)
 (TRUE,103,18,75,15,.45,.42,.17,.44,.51)
 (FALSE,18,87,11,95,.52,.38,.90,.44,.57) (TRUE,95,11,87,18,.62,.48,.17,.54,.57)
 (FALSE,12,80,22,97,.55,.65,.82,.59,.44) (TRUE,97,22,80,12,.35,.45,.13,.40,.44)
 (FALSE,17,69,21,104,.60,.55,.83,.58,.52)
 (TRUE,104,21,69,17,.45,.40,.20,.42,.52)
 (FALSE,13,92,13,93,.50,.50,.88,.50,.50) (TRUE,93,13,92,13,.50,.50,.12,.50,.50)
 (FALSE,8,112,18,73,.39,.69,.80,.50,.35) (TRUE,73,18,112,8,.31,.61,.07,.41,.35)
 (FALSE,18,106,15,72,.40,.45,.83,.43,.47)
 (TRUE,72,15,106,18,.55,.60,.15,.57,.47)
 (FALSE,5,106,19,81,.43,.79,.81,.56,.31) (TRUE,81,19,106,5,.21,.57,.05,.30,.31)
 (FALSE,13,37,16,145,.80,.55,.90,.65,.58)
 (TRUE,145,16,37,13,.45,.20,.26,.28,.58)
 (FALSE,9,108,16,78,.42,.64,.83,.51,.39) (TRUE,78,16,108,9,.36,.58,.08,.44,.39))