((FALSE,5,58,17,131,.69,.77,.89,.73,.41) (TRUE,131,17,58,5,.23,.31,.08,.26,.41)
 (FALSE,8,95,24,84,.47,.75,.78,.58,.35) (TRUE,84,24,95,8,.25,.53,.08,.34,.35)
 (TRUE,74,18,94,25,.58,.56,.21,.57,.51) (FALSE,25,94,18,74,.44,.42,.80,.43,.51)
 (FALSE,11,131,20,49,.27,.65,.71,.38,.31)
 (TRUE,49,20,131,11,.35,.73,.08,.48,.31)
 (FALSE,4,115,22,70,.38,.85,.76,.52,.26) (TRUE,70,22,115,4,.15,.62,.03,.25,.26)
 (FALSE,8,102,26,75,.42,.76,.74,.55,.32) (TRUE,75,26,102,8,.24,.58,.07,.33,.32)
 (FALSE,11,26,24,150,.85,.69,.86,.76,.50)
 (TRUE,150,24,26,11,.31,.15,.30,.20,.50)
 (FALSE,9,32,27,143,.82,.75,.84,.78,.45) (TRUE,143,27,32,9,.25,.18,.22,.21,.45)
 (FALSE,8,117,23,63,.35,.74,.73,.48,.30) (TRUE,63,23,117,8,.26,.65,.06,.37,.30)
 (FALSE,21,128,19,43,.25,.47,.69,.33,.37)
 (TRUE,43,19,128,21,.52,.75,.14,.62,.37))