((FALSE,13,43,18,137,.76,.58,.88,.66,.56)
 (TRUE,137,18,43,13,.42,.24,.23,.30,.56) (TRUE,98,16,73,24,.60,.43,.25,.50,.59)
 (FALSE,24,73,16,98,.57,.40,.86,.47,.59)
 (FALSE,15,148,11,37,.20,.42,.77,.27,.36)
 (TRUE,37,11,148,15,.58,.80,.09,.67,.36) (TRUE,97,24,81,9,.27,.46,.10,.34,.39)
 (FALSE,9,81,24,97,.54,.73,.80,.62,.39)
 (FALSE,10,113,25,63,.36,.71,.72,.48,.32)
 (TRUE,63,25,113,10,.29,.64,.08,.40,.32)
 (FALSE,20,101,22,68,.40,.52,.76,.46,.44)
 (TRUE,68,22,101,20,.48,.60,.17,.53,.44)
 (FALSE,17,97,19,78,.45,.53,.80,.48,.46) (TRUE,78,19,97,17,.47,.55,.15,.51,.46)
 (FALSE,13,101,19,78,.44,.59,.80,.50,.42)
 (TRUE,78,19,101,13,.41,.56,.11,.47,.42)
 (FALSE,7,38,16,150,.80,.70,.90,.74,.49) (TRUE,150,16,38,7,.30,.20,.16,.24,.49)
 (FALSE,15,93,19,84,.47,.56,.82,.51,.46) (TRUE,84,19,93,15,.44,.53,.14,.48,.46))