((FALSE,14,140,17,40,.22,.55,.70,.32,.33)
 (TRUE,40,17,140,14,.45,.78,.09,.57,.33)
 (FALSE,16,87,28,80,.48,.64,.74,.55,.42) (TRUE,80,28,87,16,.36,.52,.16,.43,.42)
 (FALSE,18,138,14,41,.23,.44,.75,.30,.37)
 (TRUE,41,14,138,18,.56,.77,.12,.65,.37)
 (FALSE,11,125,17,58,.32,.61,.77,.42,.35)
 (TRUE,58,17,125,11,.39,.68,.08,.50,.35)
 (FALSE,7,111,33,60,.35,.82,.65,.49,.26) (TRUE,60,33,111,7,.17,.65,.06,.28,.26)
 (TRUE,43,19,132,17,.47,.75,.11,.58,.35)
 (FALSE,17,132,19,43,.25,.53,.69,.34,.35)
 (FALSE,8,133,15,55,.29,.65,.79,.40,.32) (TRUE,55,15,133,8,.35,.71,.06,.47,.32)
 (FALSE,8,78,28,97,.55,.78,.78,.65,.37) (TRUE,97,28,78,8,.22,.45,.09,.30,.37)
 (TRUE,144,23,32,12,.34,.18,.27,.24,.52)
 (FALSE,12,32,23,144,.82,.66,.86,.73,.52)
 (TRUE,124,27,53,7,.21,.30,.12,.24,.40) (FALSE,7,53,27,124,.70,.79,.82,.74,.40))