((FALSE,7,79,14,111,.58,.67,.89,.62,.44) (TRUE,111,14,79,7,.33,.42,.08,.37,.44)
 (FALSE,14,127,16,54,.30,.53,.77,.38,.38)
 (TRUE,54,16,127,14,.47,.70,.10,.56,.38)
 (FALSE,10,32,26,143,.82,.72,.85,.77,.47)
 (TRUE,143,26,32,10,.28,.18,.24,.22,.47)
 (FALSE,10,126,19,56,.31,.66,.75,.42,.33)
 (TRUE,56,19,126,10,.34,.69,.07,.46,.33)
 (FALSE,17,131,21,42,.24,.55,.67,.34,.34)
 (TRUE,42,21,131,17,.45,.76,.11,.56,.34)
 (FALSE,14,48,23,126,.72,.62,.85,.67,.52)
 (TRUE,126,23,48,14,.38,.28,.23,.32,.52) (TRUE,101,20,82,8,.29,.45,.09,.35,.40)
 (FALSE,8,82,20,101,.55,.71,.83,.62,.40)
 (FALSE,14,50,24,123,.71,.63,.84,.67,.51)
 (TRUE,123,24,50,14,.37,.29,.22,.32,.51)
 (FALSE,12,125,22,52,.29,.65,.70,.40,.32)
 (TRUE,52,22,125,12,.35,.71,.09,.47,.32)
 (FALSE,13,143,8,47,.25,.38,.85,.30,.40) (TRUE,47,8,143,13,.62,.75,.08,.68,.40))