((TRUE,128,22,49,12,.35,.28,.20,.31,.50)
 (FALSE,12,49,22,128,.72,.65,.85,.68,.50)
 (TRUE,50,16,128,17,.52,.72,.12,.60,.39)
 (FALSE,17,128,16,50,.28,.48,.76,.36,.39)
 (FALSE,11,26,23,151,.85,.68,.87,.75,.51)
 (TRUE,151,23,26,11,.32,.15,.30,.20,.51)
 (FALSE,16,92,21,82,.47,.57,.80,.51,.45) (TRUE,82,21,92,16,.43,.53,.15,.48,.45)
 (FALSE,17,88,18,88,.50,.51,.83,.51,.49) (TRUE,88,18,88,17,.49,.50,.16,.49,.49)
 (FALSE,15,55,18,123,.69,.55,.87,.61,.56)
 (TRUE,123,18,55,15,.45,.31,.21,.37,.56)
 (FALSE,13,33,23,142,.81,.64,.86,.71,.53)
 (TRUE,142,23,33,13,.36,.19,.28,.25,.53) (TRUE,93,31,81,6,.16,.47,.07,.24,.32)
 (FALSE,6,81,31,93,.53,.84,.75,.65,.32)
 (FALSE,14,101,19,77,.43,.58,.80,.49,.43)
 (TRUE,77,19,101,14,.42,.57,.12,.49,.43)
 (FALSE,13,100,19,79,.44,.59,.81,.51,.42)
 (TRUE,79,19,100,13,.41,.56,.12,.47,.42))