((FALSE,17,160,11,23,.13,.39,.68,.19,.32)
 (TRUE,23,11,160,17,.61,.87,.10,.72,.32)
 (FALSE,14,58,13,126,.68,.48,.91,.57,.59)
 (TRUE,126,13,58,14,.52,.32,.19,.39,.59)
 (FALSE,12,34,20,145,.81,.63,.88,.71,.54)
 (TRUE,145,20,34,12,.38,.19,.26,.25,.54)
 (TRUE,121,17,59,14,.45,.33,.19,.38,.55)
 (FALSE,14,59,17,121,.67,.55,.88,.60,.55)
 (FALSE,19,118,17,57,.33,.47,.77,.39,.42)
 (TRUE,57,17,118,19,.53,.67,.14,.59,.42)
 (FALSE,20,77,19,95,.55,.49,.83,.52,.53) (TRUE,95,19,77,20,.51,.45,.21,.48,.53)
 (FALSE,10,59,32,110,.65,.76,.77,.70,.41)
 (TRUE,110,32,59,10,.24,.35,.14,.28,.41)
 (FALSE,5,33,19,154,.82,.79,.89,.81,.43) (TRUE,154,19,33,5,.21,.18,.13,.19,.43)
 (FALSE,17,68,22,104,.60,.56,.83,.58,.51)
 (TRUE,104,22,68,17,.44,.40,.20,.41,.51) (FALSE,8,79,33,91,.54,.80,.73,.64,.34)
 (TRUE,91,33,79,8,.20,.46,.09,.27,.34))