((FALSE,27,142,8,34,.19,.23,.81,.21,.41) (TRUE,34,8,142,27,.77,.81,.16,.79,.41)
 (FALSE,20,135,21,35,.21,.51,.63,.29,.33)
 (TRUE,35,21,135,20,.49,.79,.13,.60,.33)
 (FALSE,19,115,24,53,.32,.56,.69,.40,.38)
 (TRUE,53,24,115,19,.44,.68,.14,.54,.38)
 (FALSE,12,138,13,48,.26,.52,.79,.34,.36)
 (TRUE,48,13,138,12,.48,.74,.08,.58,.36) (FALSE,9,89,25,88,.50,.74,.78,.59,.37)
 (TRUE,88,25,89,9,.26,.50,.09,.35,.37) (TRUE,38,21,137,15,.42,.78,.10,.54,.31)
 (FALSE,15,137,21,38,.22,.58,.64,.32,.31)
 (TRUE,41,15,140,15,.50,.77,.10,.61,.35)
 (FALSE,15,140,15,41,.23,.50,.73,.31,.35)
 (FALSE,13,46,27,125,.73,.68,.82,.70,.49)
 (TRUE,125,27,46,13,.32,.27,.22,.29,.49)
 (FALSE,8,31,17,155,.83,.68,.90,.75,.50) (TRUE,155,17,31,8,.32,.17,.21,.22,.50)
 (FALSE,8,131,23,49,.27,.74,.68,.40,.27) (TRUE,49,23,131,8,.26,.73,.06,.38,.27))