((FALSE,7,129,20,55,.30,.74,.73,.43,.28) (TRUE,55,20,129,7,.26,.70,.05,.38,.28)
 (TRUE,38,16,143,14,.47,.79,.09,.59,.33)
 (FALSE,14,143,16,38,.21,.53,.70,.30,.33)
 (FALSE,6,113,30,62,.35,.83,.67,.50,.25) (TRUE,62,30,113,6,.17,.65,.05,.26,.25)
 (FALSE,10,116,27,58,.33,.73,.68,.46,.30)
 (TRUE,58,27,116,10,.27,.67,.08,.38,.30)
 (FALSE,11,33,25,142,.81,.69,.85,.75,.49)
 (TRUE,142,25,33,11,.31,.19,.25,.23,.49)
 (FALSE,14,119,15,63,.35,.52,.81,.41,.41)
 (TRUE,63,15,119,14,.48,.65,.11,.56,.41)
 (FALSE,10,31,23,147,.83,.70,.86,.76,.49)
 (TRUE,147,23,31,10,.30,.17,.24,.22,.49)
 (FALSE,12,91,20,88,.49,.63,.81,.55,.43) (TRUE,88,20,91,12,.38,.51,.12,.43,.43)
 (FALSE,16,51,19,125,.71,.54,.87,.62,.56)
 (TRUE,125,19,51,16,.46,.29,.24,.35,.56)
 (FALSE,5,114,30,62,.35,.86,.67,.50,.24) (TRUE,62,30,114,5,.14,.65,.04,.23,.24))