((FALSE,9,104,24,74,.42,.73,.76,.53,.34) (TRUE,74,24,104,9,.27,.58,.08,.37,.34)
 (FALSE,21,120,14,56,.32,.40,.80,.35,.44)
 (TRUE,56,14,120,21,.60,.68,.15,.64,.44)
 (FALSE,27,146,10,28,.16,.27,.74,.20,.38)
 (TRUE,28,10,146,27,.73,.84,.16,.78,.38)
 (FALSE,17,53,18,123,.70,.51,.87,.59,.58)
 (TRUE,123,18,53,17,.49,.30,.24,.37,.58)
 (FALSE,11,88,30,82,.48,.73,.73,.58,.37) (TRUE,82,30,88,11,.27,.52,.11,.35,.37)
 (FALSE,13,125,15,58,.32,.54,.79,.40,.39)
 (TRUE,58,15,125,13,.46,.68,.09,.55,.39)
 (TRUE,72,17,111,11,.39,.61,.09,.48,.39)
 (FALSE,11,111,17,72,.39,.61,.81,.48,.39)
 (FALSE,20,35,30,126,.78,.60,.81,.68,.55)
 (TRUE,126,30,35,20,.40,.22,.36,.28,.55)
 (FALSE,12,90,18,91,.50,.60,.83,.55,.45) (TRUE,91,18,90,12,.40,.50,.12,.44,.45)
 (FALSE,16,119,18,58,.33,.53,.76,.40,.39)
 (TRUE,58,18,119,16,.47,.67,.12,.55,.39))