((TRUE,133,19,51,8,.30,.28,.14,.29,.47) (FALSE,8,51,19,133,.72,.70,.88,.71,.47)
 (FALSE,7,120,24,60,.33,.77,.71,.47,.28) (TRUE,60,24,120,7,.23,.67,.06,.34,.28)
 (TRUE,84,16,102,9,.36,.55,.08,.43,.40) (FALSE,9,102,16,84,.45,.64,.84,.53,.40)
 (FALSE,12,133,22,44,.25,.65,.67,.36,.30)
 (TRUE,44,22,133,12,.35,.75,.08,.48,.30)
 (FALSE,14,100,20,77,.44,.59,.79,.50,.42)
 (TRUE,77,20,100,14,.41,.56,.12,.48,.42)
 (FALSE,15,43,20,133,.76,.57,.87,.65,.56)
 (TRUE,133,20,43,15,.43,.24,.26,.31,.56)
 (FALSE,11,116,14,70,.38,.56,.83,.45,.41)
 (TRUE,70,14,116,11,.44,.62,.09,.52,.41)
 (TRUE,47,15,130,19,.56,.73,.13,.63,.39)
 (FALSE,19,130,15,47,.27,.44,.76,.33,.39)
 (FALSE,15,104,16,76,.42,.52,.83,.46,.45)
 (TRUE,76,16,104,15,.48,.58,.13,.53,.45) (TRUE,136,17,50,8,.32,.27,.14,.29,.48)
 (FALSE,8,50,17,136,.73,.68,.89,.70,.48))