((FALSE,11,71,10,119,.63,.48,.92,.54,.57)
 (TRUE,119,10,71,11,.52,.37,.13,.44,.57)
 (FALSE,19,37,19,136,.79,.50,.88,.61,.62)
 (TRUE,136,19,37,19,.50,.21,.34,.30,.62)
 (FALSE,14,27,20,150,.85,.59,.88,.69,.57)
 (TRUE,150,20,27,14,.41,.15,.34,.22,.57)
 (FALSE,7,117,35,52,.31,.83,.60,.45,.23) (TRUE,52,35,117,7,.17,.69,.06,.27,.23)
 (FALSE,17,96,22,76,.44,.56,.78,.50,.44) (TRUE,76,22,96,17,.44,.56,.15,.49,.44)
 (TRUE,79,25,96,11,.31,.55,.10,.39,.37) (FALSE,11,96,25,79,.45,.69,.76,.55,.37)
 (FALSE,16,71,18,106,.60,.53,.85,.56,.53)
 (TRUE,106,18,71,16,.47,.40,.18,.43,.53)
 (FALSE,18,110,13,70,.39,.42,.84,.40,.48)
 (TRUE,70,13,110,18,.58,.61,.14,.60,.48)
 (FALSE,17,118,17,59,.33,.50,.78,.40,.41)
 (TRUE,59,17,118,17,.50,.67,.13,.57,.41)
 (FALSE,16,153,11,31,.17,.41,.74,.24,.35)
 (TRUE,31,11,153,16,.59,.83,.09,.69,.35))