((FALSE,8,83,23,97,.54,.74,.81,.62,.38) (TRUE,97,23,83,8,.26,.46,.09,.33,.38)
 (FALSE,26,133,12,40,.23,.32,.77,.27,.41)
 (TRUE,40,12,133,26,.68,.77,.16,.72,.41)
 (FALSE,16,114,12,69,.38,.43,.85,.40,.47)
 (TRUE,69,12,114,16,.57,.62,.12,.60,.47)
 (FALSE,10,33,28,140,.81,.74,.83,.77,.46)
 (TRUE,140,28,33,10,.26,.19,.23,.22,.46)
 (FALSE,10,120,15,66,.35,.60,.81,.45,.38)
 (TRUE,66,15,120,10,.40,.65,.08,.49,.38)
 (FALSE,19,101,20,71,.41,.51,.78,.46,.45)
 (TRUE,71,20,101,19,.49,.59,.16,.53,.45) (TRUE,79,17,94,21,.55,.54,.18,.55,.50)
 (FALSE,21,94,17,79,.46,.45,.82,.45,.50)
 (FALSE,13,125,18,55,.31,.58,.75,.40,.36)
 (TRUE,55,18,125,13,.42,.69,.09,.52,.36)
 (FALSE,16,111,17,67,.38,.52,.80,.43,.43)
 (TRUE,67,17,111,16,.48,.62,.13,.55,.43)
 (FALSE,10,97,21,83,.46,.68,.80,.55,.39) (TRUE,83,21,97,10,.32,.54,.09,.40,.39))