((FALSE,8,110,24,69,.39,.75,.74,.51,.31) (TRUE,69,24,110,8,.25,.61,.07,.36,.31)
 (FALSE,10,123,22,56,.31,.69,.72,.43,.31)
 (TRUE,56,22,123,10,.31,.69,.08,.43,.31)
 (FALSE,19,128,16,48,.27,.46,.75,.34,.39)
 (TRUE,48,16,128,19,.54,.73,.13,.62,.39)
 (FALSE,14,122,12,63,.34,.46,.84,.39,.43)
 (TRUE,63,12,122,14,.54,.66,.10,.59,.43) (TRUE,31,6,147,27,.82,.83,.16,.82,.40)
 (FALSE,27,147,6,31,.17,.18,.84,.18,.40)
 (TRUE,61,20,118,12,.38,.66,.09,.48,.36)
 (FALSE,12,118,20,61,.34,.63,.75,.44,.36)
 (FALSE,12,129,13,57,.31,.52,.81,.39,.39)
 (TRUE,57,13,129,12,.48,.69,.09,.57,.39)
 (FALSE,16,150,13,32,.18,.45,.71,.25,.34)
 (TRUE,32,13,150,16,.55,.82,.10,.66,.34)
 (TRUE,73,22,104,12,.35,.59,.10,.44,.38)
 (FALSE,12,104,22,73,.41,.65,.77,.50,.38)
 (FALSE,5,124,25,57,.31,.83,.70,.46,.24) (TRUE,57,25,124,5,.17,.69,.04,.27,.24))