((FALSE,10,107,22,72,.40,.69,.77,.51,.36)
 (TRUE,72,22,107,10,.31,.60,.09,.41,.36)
 (FALSE,25,153,11,22,.13,.31,.67,.18,.35)
 (TRUE,22,11,153,25,.69,.87,.14,.77,.35)
 (FALSE,20,128,11,52,.29,.35,.83,.32,.44)
 (TRUE,52,11,128,20,.65,.71,.14,.68,.44)
 (FALSE,23,126,14,48,.28,.38,.77,.32,.42)
 (TRUE,48,14,126,23,.62,.72,.15,.67,.42)
 (FALSE,30,142,10,29,.17,.25,.74,.20,.39)
 (TRUE,29,10,142,30,.75,.83,.17,.79,.39)
 (FALSE,16,111,17,67,.38,.52,.80,.43,.43)
 (TRUE,67,17,111,16,.48,.62,.13,.55,.43)
 (FALSE,15,45,18,133,.75,.55,.88,.63,.57)
 (TRUE,133,18,45,15,.45,.25,.25,.32,.57)
 (FALSE,10,116,17,68,.37,.63,.80,.47,.37)
 (TRUE,68,17,116,10,.37,.63,.08,.47,.37) (FALSE,9,85,24,93,.52,.73,.79,.61,.38)
 (TRUE,93,24,85,9,.27,.48,.10,.35,.38) (FALSE,7,113,17,74,.40,.71,.81,.51,.34)
 (TRUE,74,17,113,7,.29,.60,.06,.39,.34))