((FALSE,18,90,19,84,.48,.51,.82,.50,.48) (TRUE,84,19,90,18,.49,.52,.17,.50,.48)
 (FALSE,14,84,16,97,.54,.53,.86,.53,.50) (TRUE,97,16,84,14,.47,.46,.14,.47,.50)
 (FALSE,21,126,11,53,.30,.34,.83,.32,.45)
 (TRUE,53,11,126,21,.66,.70,.14,.68,.45)
 (FALSE,10,125,17,59,.32,.63,.78,.42,.35)
 (TRUE,59,17,125,10,.37,.68,.07,.48,.35) (FALSE,7,93,24,87,.48,.77,.78,.60,.34)
 (TRUE,87,24,93,7,.23,.52,.07,.31,.34) (FALSE,15,28,15,153,.85,.50,.91,.63,.63)
 (TRUE,153,15,28,15,.50,.15,.35,.24,.63)
 (FALSE,14,105,17,75,.42,.55,.82,.47,.43)
 (TRUE,75,17,105,14,.45,.58,.12,.51,.43)
 (FALSE,17,154,12,28,.15,.41,.70,.22,.33)
 (TRUE,28,12,154,17,.59,.85,.10,.69,.33)
 (FALSE,20,140,13,38,.21,.39,.75,.28,.38)
 (TRUE,38,13,140,20,.61,.79,.13,.68,.38)
 (FALSE,23,73,14,101,.58,.38,.88,.46,.60)
 (TRUE,101,14,73,23,.62,.42,.24,.50,.60))