((FALSE,21,102,18,70,.41,.46,.80,.43,.47)
 (TRUE,70,18,102,21,.54,.59,.17,.56,.47)
 (FALSE,13,145,13,40,.22,.50,.75,.30,.34)
 (TRUE,40,13,145,13,.50,.78,.08,.61,.34)
 (FALSE,12,99,21,79,.44,.64,.79,.52,.40) (TRUE,79,21,99,12,.36,.56,.11,.44,.40)
 (TRUE,130,24,42,15,.38,.24,.26,.30,.53)
 (FALSE,15,42,24,130,.76,.62,.84,.68,.53)
 (FALSE,11,115,14,71,.38,.56,.84,.45,.41)
 (TRUE,71,14,115,11,.44,.62,.09,.51,.41)
 (FALSE,11,61,10,129,.68,.48,.93,.56,.59)
 (TRUE,129,10,61,11,.52,.32,.15,.40,.59)
 (FALSE,14,70,19,108,.61,.58,.85,.59,.51)
 (TRUE,108,19,70,14,.42,.39,.17,.41,.51)
 (TRUE,113,21,62,15,.42,.35,.19,.38,.52)
 (FALSE,15,62,21,113,.65,.58,.84,.61,.52)
 (FALSE,13,65,15,118,.64,.54,.89,.59,.55)
 (TRUE,118,15,65,13,.46,.36,.17,.40,.55)
 (FALSE,8,34,25,144,.81,.76,.85,.78,.45) (TRUE,144,25,34,8,.24,.19,.19,.21,.45))