((FALSE,11,89,15,96,.52,.58,.86,.55,.47) (TRUE,96,15,89,11,.42,.48,.11,.45,.47)
 (FALSE,23,139,17,32,.19,.43,.65,.26,.35)
 (TRUE,32,17,139,23,.57,.81,.14,.67,.35)
 (FALSE,24,133,19,35,.21,.44,.65,.28,.36)
 (TRUE,35,19,133,24,.56,.79,.15,.65,.36)
 (TRUE,39,19,131,22,.54,.77,.14,.63,.36)
 (FALSE,22,131,19,39,.23,.46,.67,.31,.36)
 (FALSE,10,34,20,147,.81,.67,.88,.73,.51)
 (TRUE,147,20,34,10,.33,.19,.23,.24,.51)
 (FALSE,14,43,23,131,.75,.62,.85,.68,.53)
 (TRUE,131,23,43,14,.38,.25,.25,.30,.53)
 (FALSE,11,125,23,52,.29,.68,.69,.41,.31)
 (TRUE,52,23,125,11,.32,.71,.08,.44,.31)
 (FALSE,17,108,16,70,.39,.48,.81,.43,.45)
 (TRUE,70,16,108,17,.52,.61,.14,.56,.45)
 (FALSE,9,103,14,85,.45,.61,.86,.52,.42) (TRUE,85,14,103,9,.39,.55,.08,.46,.42)
 (FALSE,14,37,32,128,.78,.70,.80,.73,.48)
 (TRUE,128,32,37,14,.30,.22,.27,.26,.48))