((FALSE,14,141,10,46,.25,.42,.82,.31,.39)
 (TRUE,46,10,141,14,.58,.75,.09,.66,.39)
 (FALSE,7,74,30,100,.57,.81,.77,.67,.35) (TRUE,100,30,74,7,.19,.43,.09,.26,.35)
 (FALSE,9,51,18,133,.72,.67,.88,.69,.49) (TRUE,133,18,51,9,.33,.28,.15,.30,.49)
 (FALSE,16,123,13,59,.32,.45,.82,.38,.43)
 (TRUE,59,13,123,16,.55,.68,.12,.61,.43)
 (FALSE,17,49,33,112,.70,.66,.77,.68,.49)
 (TRUE,112,33,49,17,.34,.30,.26,.32,.49)
 (FALSE,13,123,18,57,.32,.58,.76,.41,.37)
 (TRUE,57,18,123,13,.42,.68,.10,.52,.37)
 (FALSE,21,138,18,34,.20,.46,.65,.28,.35)
 (TRUE,34,18,138,21,.54,.80,.13,.64,.35)
 (FALSE,9,36,26,140,.80,.74,.84,.77,.46) (TRUE,140,26,36,9,.26,.20,.20,.23,.46)
 (FALSE,11,93,26,81,.47,.70,.76,.56,.38) (TRUE,81,26,93,11,.30,.53,.11,.38,.38)
 (FALSE,12,107,23,69,.39,.66,.75,.49,.37)
 (TRUE,69,23,107,12,.34,.61,.10,.44,.37))