((FALSE,9,117,17,68,.37,.65,.80,.47,.36) (TRUE,68,17,117,9,.35,.63,.07,.45,.36)
 (FALSE,10,83,15,103,.55,.60,.87,.58,.47)
 (TRUE,103,15,83,10,.40,.45,.11,.42,.47) (TRUE,79,23,96,13,.36,.55,.12,.44,.40)
 (FALSE,13,96,23,79,.45,.64,.77,.53,.40)
 (FALSE,16,137,14,44,.24,.47,.76,.32,.37)
 (TRUE,44,14,137,16,.53,.76,.10,.63,.37)
 (FALSE,16,94,20,81,.46,.56,.80,.50,.45) (TRUE,81,20,94,16,.44,.54,.15,.49,.45)
 (FALSE,12,94,17,88,.48,.59,.84,.53,.45) (TRUE,88,17,94,12,.41,.52,.11,.46,.45)
 (FALSE,17,34,22,138,.80,.56,.86,.66,.58)
 (TRUE,138,22,34,17,.44,.20,.33,.27,.58)
 (TRUE,138,16,45,12,.43,.25,.21,.31,.56)
 (FALSE,12,45,16,138,.75,.57,.90,.65,.56)
 (FALSE,14,85,13,99,.54,.48,.88,.51,.53) (TRUE,99,13,85,14,.52,.46,.14,.49,.53)
 (FALSE,18,106,24,63,.37,.57,.72,.45,.40)
 (TRUE,63,24,106,18,.43,.63,.15,.51,.40))