((FALSE,12,104,18,77,.43,.60,.81,.50,.41)
 (TRUE,77,18,104,12,.40,.57,.10,.47,.41)
 (FALSE,7,114,17,73,.39,.71,.81,.50,.34) (TRUE,73,17,114,7,.29,.61,.06,.39,.34)
 (FALSE,15,113,19,64,.36,.56,.77,.44,.40)
 (TRUE,64,19,113,15,.44,.64,.12,.52,.40)
 (FALSE,14,127,17,53,.29,.55,.76,.38,.37)
 (TRUE,53,17,127,14,.45,.71,.10,.55,.37)
 (FALSE,22,132,15,42,.24,.41,.74,.30,.39)
 (TRUE,42,15,132,22,.59,.76,.14,.67,.39)
 (FALSE,11,113,23,64,.36,.68,.74,.47,.34)
 (TRUE,64,23,113,11,.32,.64,.09,.43,.34)
 (TRUE,137,22,40,12,.35,.23,.23,.28,.52)
 (FALSE,12,40,22,137,.77,.65,.86,.70,.52)
 (FALSE,14,48,19,130,.73,.58,.87,.64,.55)
 (TRUE,130,19,48,14,.42,.27,.23,.33,.55)
 (FALSE,11,108,23,69,.39,.68,.75,.49,.36)
 (TRUE,69,23,108,11,.32,.61,.09,.42,.36)
 (FALSE,15,120,14,62,.34,.48,.82,.40,.42)
 (TRUE,62,14,120,15,.52,.66,.11,.58,.42))