((FALSE,12,120,18,61,.34,.60,.77,.43,.37)
 (TRUE,61,18,120,12,.40,.66,.09,.50,.37)
 (TRUE,116,14,70,11,.44,.38,.14,.41,.52)
 (FALSE,11,70,14,116,.62,.56,.89,.59,.52)
 (FALSE,7,92,30,82,.47,.81,.73,.60,.32) (TRUE,82,30,92,7,.19,.53,.07,.28,.32)
 (FALSE,12,128,25,46,.26,.68,.65,.38,.29)
 (TRUE,46,25,128,12,.32,.74,.09,.45,.29)
 (TRUE,49,16,134,12,.43,.73,.08,.54,.34)
 (FALSE,12,134,16,49,.27,.57,.75,.36,.34)
 (FALSE,17,123,11,60,.33,.39,.85,.36,.45)
 (TRUE,60,11,123,17,.61,.67,.12,.64,.45)
 (FALSE,6,77,28,100,.56,.82,.78,.67,.34) (TRUE,100,28,77,6,.18,.44,.07,.25,.34)
 (TRUE,131,23,46,11,.32,.26,.19,.29,.49)
 (FALSE,11,46,23,131,.74,.68,.85,.71,.49)
 (TRUE,61,20,116,14,.41,.66,.11,.51,.38)
 (FALSE,14,116,20,61,.34,.59,.75,.43,.38)
 (FALSE,18,33,19,141,.81,.51,.88,.63,.61)
 (TRUE,141,19,33,18,.49,.19,.35,.27,.61))