((FALSE,24,118,17,52,.31,.41,.75,.35,.43)
 (TRUE,52,17,118,24,.59,.69,.17,.64,.43)
 (FALSE,16,82,24,89,.52,.60,.79,.56,.46) (TRUE,89,24,82,16,.40,.48,.16,.44,.46)
 (TRUE,120,28,52,11,.28,.30,.17,.29,.45)
 (FALSE,11,52,28,120,.70,.72,.81,.71,.45)
 (FALSE,7,62,19,123,.66,.73,.87,.70,.43) (TRUE,123,19,62,7,.27,.34,.10,.30,.43)
 (FALSE,14,121,19,57,.32,.58,.75,.41,.37)
 (TRUE,57,19,121,14,.42,.68,.10,.52,.37)
 (FALSE,10,33,27,141,.81,.73,.84,.77,.47)
 (TRUE,141,27,33,10,.27,.19,.23,.22,.47)
 (FALSE,17,123,21,50,.29,.55,.70,.38,.36)
 (TRUE,50,21,123,17,.45,.71,.12,.55,.36)
 (TRUE,43,17,132,19,.53,.75,.13,.62,.37)
 (FALSE,19,132,17,43,.25,.47,.72,.32,.37)
 (FALSE,10,43,18,140,.77,.64,.89,.70,.52)
 (TRUE,140,18,43,10,.36,.23,.19,.28,.52)
 (FALSE,16,119,17,59,.33,.52,.78,.40,.40)
 (TRUE,59,17,119,16,.48,.67,.12,.56,.40))