((FALSE,12,31,18,150,.83,.60,.89,.70,.56)
 (TRUE,150,18,31,12,.40,.17,.28,.24,.56)
 (FALSE,14,133,17,47,.26,.55,.73,.35,.35)
 (TRUE,47,17,133,14,.45,.74,.10,.56,.35) (TRUE,85,22,90,14,.39,.51,.13,.44,.44)
 (FALSE,14,90,22,85,.49,.61,.79,.54,.44)
 (FALSE,17,63,31,100,.61,.65,.76,.63,.47)
 (TRUE,100,31,63,17,.35,.39,.21,.37,.47)
 (FALSE,11,125,15,60,.32,.58,.80,.42,.37)
 (TRUE,60,15,125,11,.42,.68,.08,.52,.37)
 (FALSE,18,72,16,105,.59,.47,.87,.52,.56)
 (TRUE,105,16,72,18,.53,.41,.20,.46,.56)
 (FALSE,10,121,19,61,.34,.66,.76,.44,.34)
 (TRUE,61,19,121,10,.34,.66,.08,.45,.34)
 (FALSE,19,43,25,124,.74,.57,.83,.64,.56)
 (TRUE,124,25,43,19,.43,.26,.31,.32,.56)
 (FALSE,9,39,21,142,.78,.70,.87,.74,.48) (TRUE,142,21,39,9,.30,.22,.19,.25,.48)
 (FALSE,17,126,15,53,.30,.47,.78,.36,.40)
 (TRUE,53,15,126,17,.53,.70,.12,.61,.40))