((FALSE,10,36,29,136,.79,.74,.82,.77,.45)
 (TRUE,136,29,36,10,.26,.21,.22,.23,.45)
 (FALSE,16,141,11,43,.23,.41,.80,.30,.39)
 (TRUE,43,11,141,16,.59,.77,.10,.67,.39)
 (FALSE,18,118,20,55,.32,.53,.73,.40,.39)
 (TRUE,55,20,118,18,.47,.68,.13,.56,.39)
 (FALSE,14,107,22,68,.39,.61,.76,.48,.39)
 (TRUE,68,22,107,14,.39,.61,.12,.48,.39)
 (FALSE,11,107,17,76,.42,.61,.82,.49,.40)
 (TRUE,76,17,107,11,.39,.58,.09,.47,.40)
 (FALSE,15,117,21,58,.33,.58,.73,.42,.37)
 (TRUE,58,21,117,15,.42,.67,.11,.51,.37)
 (FALSE,14,67,18,112,.63,.56,.86,.59,.52)
 (TRUE,112,18,67,14,.44,.37,.17,.40,.52)
 (FALSE,18,129,15,49,.28,.45,.77,.34,.40)
 (TRUE,49,15,129,18,.55,.72,.12,.62,.40)
 (FALSE,11,22,23,155,.88,.68,.87,.76,.51)
 (TRUE,155,23,22,11,.32,.12,.33,.18,.51)
 (FALSE,22,152,12,25,.14,.35,.68,.20,.34)
 (TRUE,25,12,152,22,.65,.86,.13,.74,.34))