((TRUE,123,25,45,18,.42,.27,.29,.33,.55)
 (FALSE,18,45,25,123,.73,.58,.83,.65,.55) (TRUE,95,22,85,9,.29,.47,.10,.36,.40)
 (FALSE,9,85,22,95,.53,.71,.81,.61,.40)
 (FALSE,10,101,26,74,.42,.72,.74,.53,.35)
 (TRUE,74,26,101,10,.28,.58,.09,.38,.35)
 (FALSE,13,104,17,77,.43,.57,.82,.49,.43)
 (TRUE,77,17,104,13,.43,.57,.11,.49,.43)
 (FALSE,17,93,19,82,.47,.53,.81,.50,.47) (TRUE,82,19,93,17,.47,.53,.15,.50,.47)
 (FALSE,14,92,17,88,.49,.55,.84,.52,.47) (TRUE,88,17,92,14,.45,.51,.13,.48,.47)
 (FALSE,12,41,20,138,.77,.63,.87,.69,.53)
 (TRUE,138,20,41,12,.38,.23,.23,.28,.53)
 (FALSE,16,124,18,53,.30,.53,.75,.38,.38)
 (TRUE,53,18,124,16,.47,.70,.11,.56,.38)
 (FALSE,16,128,19,48,.27,.54,.72,.36,.36)
 (TRUE,48,19,128,16,.46,.73,.11,.56,.36)
 (FALSE,22,59,16,114,.66,.42,.88,.51,.62)
 (TRUE,114,16,59,22,.58,.34,.27,.43,.62))