((FALSE,4,31,23,153,.83,.85,.87,.84,.39) (TRUE,153,23,31,4,.15,.17,.11,.16,.39)
 (FALSE,14,46,20,131,.74,.59,.87,.66,.55)
 (TRUE,131,20,46,14,.41,.26,.23,.32,.55)
 (FALSE,18,132,11,50,.27,.38,.82,.32,.42)
 (TRUE,50,11,132,18,.62,.73,.12,.67,.42)
 (FALSE,9,129,20,53,.29,.69,.73,.41,.30) (TRUE,53,20,129,9,.31,.71,.07,.43,.30)
 (FALSE,6,59,16,130,.69,.73,.89,.71,.44) (TRUE,130,16,59,6,.27,.31,.09,.29,.44)
 (FALSE,14,137,15,45,.25,.52,.75,.33,.35)
 (TRUE,45,15,137,14,.48,.75,.09,.59,.35)
 (FALSE,4,54,27,126,.70,.87,.82,.78,.35) (TRUE,126,27,54,4,.13,.30,.07,.18,.35)
 (FALSE,14,102,10,85,.45,.42,.89,.43,.51)
 (TRUE,85,10,102,14,.58,.55,.12,.56,.51)
 (FALSE,13,48,17,133,.73,.57,.89,.64,.56)
 (TRUE,133,17,48,13,.43,.27,.21,.33,.56) (FALSE,4,85,28,94,.53,.88,.77,.66,.30)
 (TRUE,94,28,85,4,.13,.47,.04,.20,.30))