((FALSE,11,50,20,130,.72,.65,.87,.68,.50)
 (TRUE,130,20,50,11,.35,.28,.18,.31,.50)
 (FALSE,18,128,15,50,.28,.45,.77,.35,.40)
 (TRUE,50,15,128,18,.55,.72,.12,.62,.40)
 (FALSE,12,36,29,134,.79,.71,.82,.75,.48)
 (TRUE,134,29,36,12,.29,.21,.25,.25,.48) (TRUE,33,8,149,21,.72,.82,.12,.77,.39)
 (FALSE,21,149,8,33,.18,.28,.80,.22,.39)
 (FALSE,20,121,14,56,.32,.41,.80,.36,.44)
 (TRUE,56,14,121,20,.59,.68,.14,.63,.44)
 (FALSE,13,40,18,140,.78,.58,.89,.66,.56)
 (TRUE,140,18,40,13,.42,.22,.25,.29,.56)
 (FALSE,14,104,12,81,.44,.46,.87,.45,.49)
 (TRUE,81,12,104,14,.54,.56,.12,.55,.49)
 (TRUE,112,20,63,16,.44,.36,.20,.40,.53)
 (FALSE,16,63,20,112,.64,.56,.85,.59,.53)
 (FALSE,15,114,17,65,.36,.53,.79,.43,.41)
 (TRUE,65,17,114,15,.47,.64,.12,.54,.41)
 (FALSE,8,114,24,65,.36,.75,.73,.49,.30) (TRUE,65,24,114,8,.25,.64,.07,.36,.30))