((FALSE,6,38,21,146,.79,.78,.87,.79,.43) (TRUE,146,21,38,6,.22,.21,.14,.21,.43)
 (FALSE,12,71,15,113,.61,.56,.88,.58,.52)
 (TRUE,113,15,71,12,.44,.39,.14,.41,.52)
 (FALSE,11,130,21,49,.27,.66,.70,.39,.31)
 (TRUE,49,21,130,11,.34,.73,.08,.47,.31)
 (FALSE,17,52,16,126,.71,.48,.89,.58,.60)
 (TRUE,126,16,52,17,.52,.29,.25,.37,.60)
 (FALSE,17,76,24,94,.55,.59,.80,.57,.48) (TRUE,94,24,76,17,.41,.45,.18,.43,.48)
 (FALSE,13,124,12,62,.33,.48,.84,.39,.42)
 (TRUE,62,12,124,13,.52,.67,.09,.58,.42)
 (FALSE,15,29,19,148,.84,.56,.89,.67,.59)
 (TRUE,148,19,29,15,.44,.16,.34,.24,.59)
 (FALSE,15,32,25,139,.81,.63,.85,.71,.54)
 (TRUE,139,25,32,15,.38,.19,.32,.25,.54)
 (FALSE,13,140,18,40,.22,.58,.69,.32,.31)
 (TRUE,40,18,140,13,.42,.78,.08,.54,.31)
 (FALSE,9,123,20,59,.32,.69,.75,.44,.32) (TRUE,59,20,123,9,.31,.68,.07,.43,.32))