((FALSE,16,63,14,118,.65,.47,.89,.54,.59)
 (TRUE,118,14,63,16,.53,.35,.20,.42,.59)
 (FALSE,8,118,25,60,.34,.76,.71,.47,.29) (TRUE,60,25,118,8,.24,.66,.06,.36,.29)
 (FALSE,9,81,31,90,.53,.77,.74,.63,.36) (TRUE,90,31,81,9,.22,.47,.10,.31,.36)
 (FALSE,7,111,19,74,.40,.73,.80,.52,.33) (TRUE,74,19,111,7,.27,.60,.06,.37,.33)
 (TRUE,59,21,112,19,.47,.65,.15,.55,.41)
 (FALSE,19,112,21,59,.35,.52,.74,.42,.41)
 (FALSE,12,54,22,123,.69,.65,.85,.67,.49)
 (TRUE,123,22,54,12,.35,.31,.18,.33,.49)
 (FALSE,8,118,23,62,.34,.74,.73,.47,.30) (TRUE,62,23,118,8,.26,.66,.06,.37,.30)
 (TRUE,150,22,32,7,.24,.18,.18,.20,.45) (FALSE,7,32,22,150,.82,.76,.87,.79,.45)
 (FALSE,15,131,16,49,.27,.52,.75,.36,.37)
 (TRUE,49,16,131,15,.48,.73,.10,.58,.37)
 (FALSE,5,126,21,59,.32,.81,.74,.46,.25) (TRUE,59,21,126,5,.19,.68,.04,.30,.25))