((FALSE,12,64,21,114,.64,.64,.84,.64,.48)
 (TRUE,114,21,64,12,.36,.36,.16,.36,.48)
 (FALSE,14,128,14,55,.30,.50,.80,.38,.39)
 (TRUE,55,14,128,14,.50,.70,.10,.58,.39)
 (FALSE,13,66,8,124,.65,.38,.94,.48,.64) (TRUE,124,8,66,13,.62,.35,.16,.45,.64)
 (FALSE,8,112,28,63,.36,.78,.69,.49,.29) (TRUE,63,28,112,8,.22,.64,.07,.33,.29)
 (FALSE,14,100,17,80,.44,.55,.82,.49,.45)
 (TRUE,80,17,100,14,.45,.56,.12,.50,.45)
 (FALSE,13,88,22,88,.50,.63,.80,.56,.43) (TRUE,88,22,88,13,.37,.50,.13,.43,.43)
 (FALSE,11,74,17,109,.60,.61,.87,.60,.48)
 (TRUE,109,17,74,11,.39,.40,.13,.40,.48)
 (TRUE,37,14,146,14,.50,.80,.09,.61,.33)
 (FALSE,14,146,14,37,.20,.50,.73,.29,.33)
 (FALSE,23,100,15,73,.42,.39,.83,.41,.51)
 (TRUE,73,15,100,23,.61,.58,.19,.59,.51)
 (FALSE,12,37,24,138,.79,.67,.85,.72,.51)
 (TRUE,138,24,37,12,.33,.21,.24,.26,.51))