((TRUE,32,14,148,17,.55,.82,.10,.66,.34)
 (FALSE,17,148,14,32,.18,.45,.70,.26,.34)
 (FALSE,12,105,17,77,.42,.59,.82,.49,.42)
 (TRUE,77,17,105,12,.41,.58,.10,.48,.42)
 (TRUE,107,27,65,12,.31,.38,.16,.34,.44)
 (FALSE,12,65,27,107,.62,.69,.80,.66,.44)
 (FALSE,11,115,21,64,.36,.66,.75,.46,.35)
 (TRUE,64,21,115,11,.34,.64,.09,.45,.35)
 (FALSE,9,57,23,122,.68,.72,.84,.70,.44) (TRUE,122,23,57,9,.28,.32,.14,.30,.44)
 (TRUE,130,29,48,4,.12,.27,.08,.17,.35) (FALSE,4,48,29,130,.73,.88,.82,.80,.35)
 (FALSE,13,80,24,94,.54,.65,.80,.59,.44) (TRUE,94,24,80,13,.35,.46,.14,.40,.44)
 (FALSE,10,135,20,46,.25,.67,.70,.37,.29)
 (TRUE,46,20,135,10,.33,.75,.07,.46,.29)
 (TRUE,121,28,52,10,.26,.30,.16,.28,.44)
 (FALSE,10,52,28,121,.70,.74,.81,.72,.44)
 (FALSE,12,133,15,51,.28,.56,.77,.37,.36)
 (TRUE,51,15,133,12,.44,.72,.08,.55,.36))