((FALSE,17,116,20,58,.33,.54,.74,.41,.39)
 (TRUE,58,20,116,17,.46,.67,.13,.54,.39)
 (FALSE,10,69,23,109,.61,.70,.83,.65,.44)
 (TRUE,109,23,69,10,.30,.39,.13,.34,.44)
 (FALSE,17,59,21,114,.66,.55,.84,.60,.54)
 (TRUE,114,21,59,17,.45,.34,.22,.39,.54)
 (FALSE,12,34,18,147,.81,.60,.89,.69,.56)
 (TRUE,147,18,34,12,.40,.19,.26,.26,.56)
 (FALSE,25,142,15,29,.17,.38,.66,.23,.36)
 (TRUE,29,15,142,25,.63,.83,.15,.71,.36)
 (FALSE,10,24,16,161,.87,.62,.91,.72,.56)
 (TRUE,161,16,24,10,.38,.13,.29,.19,.56)
 (FALSE,9,34,18,150,.82,.67,.89,.73,.51) (TRUE,150,18,34,9,.33,.18,.21,.24,.51)
 (FALSE,6,40,20,145,.78,.77,.88,.78,.43) (TRUE,145,20,40,6,.23,.22,.13,.22,.43)
 (FALSE,13,38,26,134,.78,.67,.84,.72,.50)
 (TRUE,134,26,38,13,.33,.22,.25,.27,.50)
 (FALSE,24,143,15,29,.17,.38,.66,.23,.35)
 (TRUE,29,15,143,24,.62,.83,.14,.71,.35))