((FALSE,11,89,27,84,.49,.71,.76,.58,.38) (TRUE,84,27,89,11,.29,.51,.11,.37,.38)
 (TRUE,69,20,107,15,.43,.61,.12,.50,.41)
 (FALSE,15,107,20,69,.39,.57,.78,.47,.41)
 (FALSE,10,40,15,146,.78,.60,.91,.68,.55)
 (TRUE,146,15,40,10,.40,.22,.20,.28,.55)
 (FALSE,14,70,17,110,.61,.55,.87,.58,.52)
 (TRUE,110,17,70,14,.45,.39,.17,.42,.52)
 (FALSE,10,43,22,136,.76,.69,.86,.72,.49)
 (TRUE,136,22,43,10,.31,.24,.19,.27,.49)
 (FALSE,13,104,14,80,.43,.52,.85,.47,.46)
 (TRUE,80,14,104,13,.48,.57,.11,.52,.46)
 (FALSE,8,51,23,129,.72,.74,.85,.73,.44) (TRUE,129,23,51,8,.26,.28,.14,.27,.44)
 (TRUE,98,20,84,9,.31,.46,.10,.37,.41) (FALSE,9,84,20,98,.54,.69,.83,.60,.41)
 (FALSE,8,82,23,98,.54,.74,.81,.63,.38) (TRUE,98,23,82,8,.26,.46,.09,.33,.38)
 (FALSE,7,108,23,73,.40,.77,.76,.53,.31) (TRUE,73,23,108,7,.23,.60,.06,.34,.31))