((FALSE,25,55,21,110,.67,.46,.84,.54,.60)
 (TRUE,110,21,55,25,.54,.33,.31,.41,.60)
 (FALSE,18,95,14,84,.47,.44,.86,.45,.51) (TRUE,84,14,95,18,.56,.53,.16,.55,.51)
 (FALSE,13,115,17,66,.36,.57,.80,.44,.40)
 (TRUE,66,17,115,13,.43,.64,.10,.52,.40)
 (FALSE,18,105,18,70,.40,.50,.80,.44,.45)
 (TRUE,70,18,105,18,.50,.60,.15,.55,.45)
 (FALSE,15,118,15,63,.35,.50,.81,.41,.42)
 (TRUE,63,15,118,15,.50,.65,.11,.57,.42)
 (FALSE,16,121,19,55,.31,.54,.74,.40,.38)
 (TRUE,55,19,121,16,.46,.69,.12,.55,.38)
 (FALSE,11,106,21,73,.41,.66,.78,.50,.37)
 (TRUE,73,21,106,11,.34,.59,.09,.43,.37)
 (FALSE,16,113,21,61,.35,.57,.74,.43,.39)
 (TRUE,61,21,113,16,.43,.65,.12,.52,.39)
 (FALSE,13,79,26,93,.54,.67,.78,.60,.43) (TRUE,93,26,79,13,.33,.46,.14,.39,.43)
 (FALSE,10,48,25,128,.73,.71,.84,.72,.46)
 (TRUE,128,25,48,10,.29,.27,.17,.28,.46))