((FALSE,12,92,24,83,.47,.67,.78,.55,.40) (TRUE,83,24,92,12,.33,.53,.12,.41,.40)
 (FALSE,14,57,19,121,.68,.58,.86,.62,.53)
 (TRUE,121,19,57,14,.42,.32,.20,.36,.53)
 (FALSE,21,86,11,93,.52,.34,.89,.41,.58) (TRUE,93,11,86,21,.66,.48,.20,.55,.58)
 (TRUE,91,22,89,9,.29,.49,.09,.37,.39) (FALSE,9,89,22,91,.51,.71,.81,.59,.39)
 (FALSE,13,36,19,143,.80,.59,.88,.68,.56)
 (TRUE,143,19,36,13,.41,.20,.27,.27,.56)
 (FALSE,11,100,15,85,.46,.58,.85,.51,.44)
 (TRUE,85,15,100,11,.42,.54,.10,.47,.44)
 (TRUE,59,16,117,19,.54,.66,.14,.60,.43)
 (FALSE,19,117,16,59,.34,.46,.79,.39,.43)
 (TRUE,57,20,118,16,.44,.67,.12,.54,.38)
 (FALSE,16,118,20,57,.33,.56,.74,.41,.38)
 (FALSE,14,139,16,42,.23,.53,.72,.32,.34)
 (TRUE,42,16,139,14,.47,.77,.09,.58,.34)
 (FALSE,8,129,27,47,.27,.77,.64,.40,.25) (TRUE,47,27,129,8,.23,.73,.06,.35,.25))