SHARED-CM1
TRUE, 17, 0, 0, 3, 1.0, 1.0, 1.0, 0.0, 0.82191783, 0.10344828
FALSE, 3, 0, 0, 17, 1.0, 1.0, 1.0, 0.0, 0.9264305, 0.39534885
TRUE, 16, 0, 0, 4, 1.0, 1.0, 1.0, 0.0, 0.85106385, 0.10958904
FALSE, 4, 0, 0, 16, 1.0, 1.0, 1.0, 0.0, 0.9248555, 0.3298969
TRUE, 16, 0, 0, 4, 1.0, 1.0, 1.0, 0.0, 0.85106385, 0.10958904
FALSE, 4, 0, 0, 16, 1.0, 1.0, 1.0, 0.0, 0.9248555, 0.3298969
TRUE, 19, 0, 0, 1, 1.0, 1.0, 1.0, 0.0, 0.6451613, 0.09090909
FALSE, 1, 0, 0, 19, 1.0, 1.0, 1.0, 0.0, 0.9290953, 0.6551724
TRUE, 18, 0, 0, 2, 1.0, 1.0, 1.0, 0.0, 0.7692308, 0.09756097
FALSE, 2, 0, 0, 18, 1.0, 1.0, 1.0, 0.0, 0.92783505, 0.49315068

SHARED-KC1
TRUE, 72, 1, 0, 12, 0.9882353, 1.0, 0.9230769, 0.0, 0.9491525, 0.026996626
FALSE, 12, 0, 1, 72, 0.9882353, 0.98630136, 1.0, 0.07692308, 0.9814995, 0.14271556
TRUE, 77, 0, 0, 8, 1.0, 1.0, 1.0, 0.0, 0.9308693, 0.025276462
FALSE, 8, 0, 0, 77, 1.0, 1.0, 1.0, 0.0, 0.9820692, 0.1997406
TRUE, 78, 0, 0, 7, 1.0, 1.0, 1.0, 0.0, 0.92319626, 0.024955437
FALSE, 7, 0, 0, 78, 1.0, 1.0, 1.0, 0.0, 0.9821495, 0.22190611
TRUE, 72, 0, 0, 13, 1.0, 1.0, 1.0, 0.0, 0.9521758, 0.026998961
FALSE, 13, 0, 0, 72, 1.0, 1.0, 1.0, 0.0, 0.98163444, 0.13320999
TRUE, 74, 1, 0, 10, 0.9882353, 1.0, 0.90909094, 0.0, 0.94170403, 0.02628121
FALSE, 10, 0, 1, 74, 0.9882353, 0.9866667, 1.0, 0.09090909, 0.98168033, 0.16647919

SHARED-KC2
TRUE, 16, 4, 0, 1, 0.8095238, 1.0, 0.2, 0.0, 0.60714287, 0.09090909
FALSE, 1, 0, 4, 16, 0.8095238, 0.8, 1.0, 0.8, 0.78612715, 0.8648649
TRUE, 15, 4, 0, 2, 0.8095238, 1.0, 0.33333334, 0.0, 0.7157895, 0.10526316
FALSE, 2, 0, 4, 15, 0.8095238, 0.7894737, 1.0, 0.6666667, 0.78101075, 0.77922076
TRUE, 17, 1, 1, 2, 0.9047619, 0.6666667, 0.6666667, 0.055555556, 0.7676768, 0.102564104
FALSE, 2, 1, 1, 17, 0.9047619, 0.9444444, 0.9444444, 0.33333334, 0.9241774, 0.49275362
TRUE, 16, 2, 1, 2, 0.85714287, 0.6666667, 0.5, 0.05882353, 0.75, 0.10526316
FALSE, 2, 1, 2, 16, 0.85714287, 0.8888889, 0.9411765, 0.5, 0.8727273, 0.6530612
TRUE, 15, 4, 1, 1, 0.7619048, 0.5, 0.2, 0.0625, 0.6037736, 0.0952381
FALSE, 1, 1, 4, 15, 0.7619048, 0.7894737, 0.9375, 0.8, 0.77544427, 0.8633093

SHARED-KC3
TRUE, 18, 0, 0, 1, 1.0, 1.0, 1.0, 0.0, 0.6440678, 0.0952381
FALSE, 1, 0, 0, 18, 1.0, 1.0, 1.0, 0.0, 0.9255751, 0.6545454
TRUE, 17, 2, 0, 0, 0.8947368, 0.0, 0.0, 0.0, 0.6315789, 0.0952381
FALSE, 0, 0, 2, 17, 0.8947368, 0.8947368, 1.0, 1.0, 0.8755365, 0.7816092
TRUE, 17, 2, 0, 0, 0.8947368, 0.0, 0.0, 0.0, 0.6315789, 0.0952381
FALSE, 0, 0, 2, 17, 0.8947368, 0.8947368, 1.0, 1.0, 0.8755365, 0.7816092
TRUE, 18, 0, 0, 1, 1.0, 1.0, 1.0, 0.0, 0.6440678, 0.0952381
FALSE, 1, 0, 0, 18, 1.0, 1.0, 1.0, 0.0, 0.9255751, 0.6545454
TRUE, 15, 3, 0, 1, 0.84210527, 1.0, 0.25, 0.0, 0.61538464, 0.1
FALSE, 1, 0, 3, 15, 0.84210527, 0.8333333, 1.0, 0.75, 0.81632656, 0.8333333

SHARED-MW1
TRUE, 16, 0, 0, 0, 1.0, 0.0, 0.0, 0.0, 0.6415094, 0.10526316
FALSE, 0, 0, 0, 16, 1.0, 1.0, 1.0, 0.0, 0.9173693, 0.6530612
TRUE, 16, 0, 0, 0, 1.0, 0.0, 0.0, 0.0, 0.6415094, 0.10526316
FALSE, 0, 0, 0, 16, 1.0, 1.0, 1.0, 0.0, 0.9173693, 0.6530612
TRUE, 13, 4, 0, 0, 0.7647059, 0.0, 0.0, 0.0, 0.59574467, 0.10526316
FALSE, 0, 0, 4, 13, 0.7647059, 0.7647059, 1.0, 1.0, 0.75051546, 0.8595041
TRUE, 16, 0, 0, 1, 1.0, 1.0, 1.0, 0.0, 0.6415094, 0.10526316
FALSE, 1, 0, 0, 16, 1.0, 1.0, 1.0, 0.0, 0.9173693, 0.6530612
TRUE, 17, 0, 0, 0, 1.0, 0.0, 0.0, 0.0, 0.64285713, 0.1
FALSE, 0, 0, 0, 17, 1.0, 1.0, 1.0, 0.0, 0.92168677, 0.65384614

SHARED-MC2
TRUE, 4, 2, 0, 1, 0.71428573, 1.0, 0.33333334, 0.0, 0.5555556, 0.25
FALSE, 1, 0, 2, 4, 0.71428573, 0.6666667, 1.0, 0.6666667, 0.6451613, 0.72727275
TRUE, 4, 0, 0, 3, 1.0, 1.0, 1.0, 0.0, 0.76363635, 0.31578946
FALSE, 3, 0, 0, 4, 1.0, 1.0, 1.0, 0.0, 0.7887324, 0.3809524
TRUE, 5, 0, 1, 1, 0.85714287, 0.5, 1.0, 0.16666667, 0.6, 0.25
FALSE, 1, 1, 0, 5, 0.85714287, 1.0, 0.8333333, 0.0, 0.7894737, 0.625
TRUE, 5, 2, 0, 0, 0.71428573, 0.0, 0.0, 0.0, 0.5714286, 0.22222222
FALSE, 0, 0, 2, 5, 0.71428573, 0.71428573, 1.0, 1.0, 0.6896552, 0.7407407
TRUE, 6, 1, 0, 0, 0.85714287, 0.0, 0.0, 0.0, 0.6086956, 0.22222222
FALSE, 0, 0, 1, 6, 0.85714287, 0.85714287, 1.0, 1.0, 0.815534, 0.6315789

SHARED-PC1
TRUE, 42, 3, 0, 0, 0.93333334, 0.0, 0.0, 0.0, 0.6466165, 0.04255319
FALSE, 0, 0, 3, 42, 0.93333334, 0.93333334, 1.0, 1.0, 0.9240215, 0.8484849
TRUE, 42, 3, 0, 0, 0.93333334, 0.0, 0.0, 0.0, 0.6466165, 0.04255319
FALSE, 0, 0, 3, 42, 0.93333334, 0.93333334, 1.0, 1.0, 0.9240215, 0.8484849
TRUE, 44, 1, 0, 0, 0.9777778, 0.0, 0.0, 0.0, 0.6569343, 0.04255319
FALSE, 0, 0, 1, 44, 0.9777778, 0.9777778, 1.0, 1.0, 0.9675055, 0.6616541
TRUE, 43, 2, 0, 0, 0.95555556, 0.0, 0.0, 0.0, 0.65185183, 0.04255319
FALSE, 0, 0, 2, 43, 0.95555556, 0.95555556, 1.0, 1.0, 0.9457636, 0.79262674
TRUE, 43, 2, 0, 0, 0.95555556, 0.0, 0.0, 0.0, 0.65185183, 0.04255319
FALSE, 0, 0, 2, 43, 0.95555556, 0.95555556, 1.0, 1.0, 0.9457636, 0.79262674

AR3
TRUE, 2, 1, 0, 0, 0.6666667, 0.0, 0.0, 0.0, 0.54545456, 0.4
FALSE, 0, 0, 1, 2, 0.6666667, 0.6666667, 1.0, 1.0, 0.6315789, 0.5714286
TRUE, 3, 0, 0, 0, 1.0, 0.0, 0.0, 0.0, 0.5714286, 0.33333334
FALSE, 0, 0, 0, 3, 1.0, 1.0, 1.0, 0.0, 0.7058824, 0.6
TRUE, 3, 0, 0, 0, 1.0, 0.0, 0.0, 0.0, 0.5714286, 0.33333334
FALSE, 0, 0, 0, 3, 1.0, 1.0, 1.0, 0.0, 0.7058824, 0.6
TRUE, 2, 1, 0, 0, 0.6666667, 0.0, 0.0, 0.0, 0.54545456, 0.4
FALSE, 0, 0, 1, 2, 0.6666667, 0.6666667, 1.0, 1.0, 0.6315789, 0.5714286
TRUE, 2, 1, 0, 0, 0.6666667, 0.0, 0.0, 0.0, 0.54545456, 0.4
FALSE, 0, 0, 1, 2, 0.6666667, 0.6666667, 1.0, 1.0, 0.6315789, 0.5714286

AR4
TRUE, 5, 0, 0, 0, 1.0, 0.0, 0.0, 0.0, 0.6, 0.25
FALSE, 0, 0, 0, 5, 1.0, 1.0, 1.0, 0.0, 0.7894737, 0.625
TRUE, 4, 1, 0, 0, 0.8, 0.0, 0.0, 0.0, 0.5882353, 0.2857143
FALSE, 0, 0, 1, 4, 0.8, 0.8, 1.0, 1.0, 0.754717, 0.61538464
TRUE, 4, 1, 0, 0, 0.8, 0.0, 0.0, 0.0, 0.5882353, 0.2857143
FALSE, 0, 0, 1, 4, 0.8, 0.8, 1.0, 1.0, 0.754717, 0.61538464
TRUE, 3, 2, 0, 0, 0.6, 0.0, 0.0, 0.0, 0.53333336, 0.2857143
FALSE, 0, 0, 2, 3, 0.6, 0.6, 1.0, 1.0, 0.58536583, 0.7058824
TRUE, 4, 1, 0, 0, 0.8, 0.0, 0.0, 0.0, 0.5882353, 0.2857143
FALSE, 0, 0, 1, 4, 0.8, 0.8, 1.0, 1.0, 0.754717, 0.61538464

AR5
TRUE, 2, 0, 0, 0, 1.0, 0.0, 0.0, 0.0, 0.54545456, 0.4
FALSE, 0, 0, 0, 2, 1.0, 1.0, 1.0, 0.0, 0.6315789, 0.5714286
TRUE, 1, 1, 0, 0, 0.5, 0.0, 0.0, 0.0, 0.5, 0.5
FALSE, 0, 0, 1, 1, 0.5, 0.5, 1.0, 1.0, 0.5, 0.5
TRUE, 2, 0, 0, 0, 1.0, 0.0, 0.0, 0.0, 0.54545456, 0.4
FALSE, 0, 0, 0, 2, 1.0, 1.0, 1.0, 0.0, 0.6315789, 0.5714286
TRUE, 1, 1, 0, 0, 0.5, 0.0, 0.0, 0.0, 0.5, 0.5
FALSE, 0, 0, 1, 1, 0.5, 0.5, 1.0, 1.0, 0.5, 0.5
TRUE, 2, 0, 0, 0, 1.0, 0.0, 0.0, 0.0, 0.54545456, 0.4
FALSE, 0, 0, 0, 2, 1.0, 1.0, 1.0, 0.0, 0.6315789, 0.5714286

