SHARED-CM1
TRUE, 16, 0, 0, 4, 1.0, 1.0, 1.0, 0.0, 0.85106385, 0.10958904
FALSE, 4, 0, 0, 16, 1.0, 1.0, 1.0, 0.0, 0.9248555, 0.3298969
TRUE, 19, 0, 0, 1, 1.0, 1.0, 1.0, 0.0, 0.6451613, 0.09090909
FALSE, 1, 0, 0, 19, 1.0, 1.0, 1.0, 0.0, 0.9290953, 0.6551724
TRUE, 18, 0, 0, 2, 1.0, 1.0, 1.0, 0.0, 0.7692308, 0.09756097
FALSE, 2, 0, 0, 18, 1.0, 1.0, 1.0, 0.0, 0.92783505, 0.49315068
TRUE, 18, 0, 0, 2, 1.0, 1.0, 1.0, 0.0, 0.7692308, 0.09756097
FALSE, 2, 0, 0, 18, 1.0, 1.0, 1.0, 0.0, 0.92783505, 0.49315068
TRUE, 17, 0, 0, 3, 1.0, 1.0, 1.0, 0.0, 0.82191783, 0.10344828
FALSE, 3, 0, 0, 17, 1.0, 1.0, 1.0, 0.0, 0.9264305, 0.39534885

SHARED-KC1
TRUE, 63, 1, 0, 21, 0.9882353, 1.0, 0.95454544, 0.0, 0.9655172, 0.030746706
FALSE, 21, 0, 1, 63, 0.9882353, 0.984375, 1.0, 0.045454547, 0.98054475, 0.08689655
TRUE, 73, 0, 0, 12, 1.0, 1.0, 1.0, 0.0, 0.9492787, 0.02663707
FALSE, 12, 0, 0, 73, 1.0, 1.0, 1.0, 0.0, 0.9817261, 0.1427175
TRUE, 76, 0, 0, 9, 1.0, 1.0, 1.0, 0.0, 0.9369259, 0.025604552
FALSE, 9, 0, 0, 76, 1.0, 1.0, 1.0, 0.0, 0.98198676, 0.18160096
TRUE, 75, 0, 0, 10, 1.0, 1.0, 1.0, 0.0, 0.94182825, 0.025940338
FALSE, 10, 0, 0, 75, 1.0, 1.0, 1.0, 0.0, 0.9819022, 0.16648169
TRUE, 72, 0, 0, 13, 1.0, 1.0, 1.0, 0.0, 0.9521758, 0.026998961
FALSE, 13, 0, 0, 72, 1.0, 1.0, 1.0, 0.0, 0.98163444, 0.13320999

SHARED-KC2
TRUE, 16, 4, 0, 1, 0.8095238, 1.0, 0.2, 0.0, 0.60714287, 0.09090909
FALSE, 1, 0, 4, 16, 0.8095238, 0.8, 1.0, 0.8, 0.78612715, 0.8648649
TRUE, 18, 1, 0, 2, 0.95238096, 1.0, 0.6666667, 0.0, 0.7692308, 0.09756097
FALSE, 2, 0, 1, 18, 0.95238096, 0.94736844, 1.0, 0.33333334, 0.92783505, 0.49315068
TRUE, 15, 3, 0, 3, 0.85714287, 1.0, 0.5, 0.0, 0.7826087, 0.11111111
FALSE, 3, 0, 3, 15, 0.85714287, 0.8333333, 1.0, 0.5, 0.82568806, 0.65217394
TRUE, 12, 7, 1, 1, 0.61904764, 0.5, 0.125, 0.07692308, 0.5531915, 0.0952381
FALSE, 1, 1, 7, 12, 0.61904764, 0.6315789, 0.9230769, 0.875, 0.6252505, 0.8983957
TRUE, 17, 3, 0, 1, 0.85714287, 1.0, 0.25, 0.0, 0.62068963, 0.09090909
FALSE, 1, 0, 3, 17, 0.85714287, 0.85, 1.0, 0.75, 0.83378744, 0.8360656

SHARED-KC3
TRUE, 17, 1, 0, 1, 0.94736844, 1.0, 0.5, 0.0, 0.64285713, 0.1
FALSE, 1, 0, 1, 17, 0.94736844, 0.9444444, 1.0, 0.5, 0.92168677, 0.65384614
TRUE, 16, 3, 0, 0, 0.84210527, 0.0, 0.0, 0.0, 0.6181818, 0.0952381
FALSE, 0, 0, 3, 16, 0.84210527, 0.84210527, 1.0, 1.0, 0.82549316, 0.8347826
TRUE, 18, 0, 0, 1, 1.0, 1.0, 1.0, 0.0, 0.6440678, 0.0952381
FALSE, 1, 0, 0, 18, 1.0, 1.0, 1.0, 0.0, 0.9255751, 0.6545454
TRUE, 19, 0, 0, 0, 1.0, 0.0, 0.0, 0.0, 0.6451613, 0.09090909
FALSE, 0, 0, 0, 19, 1.0, 1.0, 1.0, 0.0, 0.9290953, 0.6551724
TRUE, 17, 1, 0, 1, 0.94736844, 1.0, 0.5, 0.0, 0.64285713, 0.1
FALSE, 1, 0, 1, 17, 0.94736844, 0.9444444, 1.0, 0.5, 0.92168677, 0.65384614

SHARED-MW1
TRUE, 15, 0, 0, 1, 1.0, 1.0, 1.0, 0.0, 0.64, 0.11111111
FALSE, 1, 0, 0, 15, 1.0, 1.0, 1.0, 0.0, 0.9125475, 0.65217394
TRUE, 14, 0, 0, 2, 1.0, 1.0, 1.0, 0.0, 0.7619048, 0.121212125
FALSE, 2, 0, 0, 14, 1.0, 1.0, 1.0, 0.0, 0.91056913, 0.49122807
TRUE, 14, 0, 0, 3, 1.0, 1.0, 1.0, 0.0, 0.816, 0.12244898
FALSE, 3, 0, 0, 14, 1.0, 1.0, 1.0, 0.0, 0.9136276, 0.3943662
TRUE, 16, 0, 0, 1, 1.0, 1.0, 1.0, 0.0, 0.6415094, 0.10526316
FALSE, 1, 0, 0, 16, 1.0, 1.0, 1.0, 0.0, 0.9173693, 0.6530612
TRUE, 15, 0, 0, 2, 1.0, 1.0, 1.0, 0.0, 0.76404494, 0.114285715
FALSE, 2, 0, 0, 15, 1.0, 1.0, 1.0, 0.0, 0.9156194, 0.4918033

SHARED-MC2
TRUE, 4, 3, 0, 0, 0.5714286, 0.0, 0.0, 0.0, 0.5263158, 0.22222222
FALSE, 0, 0, 3, 4, 0.5714286, 0.5714286, 1.0, 1.0, 0.5633803, 0.7741935
TRUE, 4, 3, 0, 0, 0.5714286, 0.0, 0.0, 0.0, 0.5263158, 0.22222222
FALSE, 0, 0, 3, 4, 0.5714286, 0.5714286, 1.0, 1.0, 0.5633803, 0.7741935
TRUE, 4, 1, 1, 1, 0.71428573, 0.5, 0.5, 0.2, 0.5882353, 0.2857143
FALSE, 1, 1, 1, 4, 0.71428573, 0.8, 0.8, 0.5, 0.754717, 0.61538464
TRUE, 4, 1, 1, 1, 0.71428573, 0.5, 0.5, 0.2, 0.5882353, 0.2857143
FALSE, 1, 1, 1, 4, 0.71428573, 0.8, 0.8, 0.5, 0.754717, 0.61538464
TRUE, 4, 2, 0, 1, 0.71428573, 1.0, 0.33333334, 0.0, 0.5555556, 0.25
FALSE, 1, 0, 2, 4, 0.71428573, 0.6666667, 1.0, 0.6666667, 0.6451613, 0.72727275

SHARED-PC1
TRUE, 43, 2, 0, 0, 0.95555556, 0.0, 0.0, 0.0, 0.65185183, 0.04255319
FALSE, 0, 0, 2, 43, 0.95555556, 0.95555556, 1.0, 1.0, 0.9457636, 0.79262674
TRUE, 42, 3, 0, 0, 0.93333334, 0.0, 0.0, 0.0, 0.6466165, 0.04255319
FALSE, 0, 0, 3, 42, 0.93333334, 0.93333334, 1.0, 1.0, 0.9240215, 0.8484849
TRUE, 44, 1, 0, 0, 0.9777778, 0.0, 0.0, 0.0, 0.6569343, 0.04255319
FALSE, 0, 0, 1, 44, 0.9777778, 0.9777778, 1.0, 1.0, 0.9675055, 0.6616541
TRUE, 41, 4, 0, 0, 0.9111111, 0.0, 0.0, 0.0, 0.64122134, 0.04255319
FALSE, 0, 0, 4, 41, 0.9111111, 0.9111111, 1.0, 1.0, 0.90227926, 0.87935656
TRUE, 41, 4, 0, 0, 0.9111111, 0.0, 0.0, 0.0, 0.64122134, 0.04255319
FALSE, 0, 0, 4, 41, 0.9111111, 0.9111111, 1.0, 1.0, 0.90227926, 0.87935656

AR3
TRUE, 3, 0, 0, 0, 1.0, 0.0, 0.0, 0.0, 0.5714286, 0.33333334
FALSE, 0, 0, 0, 3, 1.0, 1.0, 1.0, 0.0, 0.7058824, 0.6
TRUE, 3, 0, 0, 0, 1.0, 0.0, 0.0, 0.0, 0.5714286, 0.33333334
FALSE, 0, 0, 0, 3, 1.0, 1.0, 1.0, 0.0, 0.7058824, 0.6
TRUE, 2, 1, 0, 0, 0.6666667, 0.0, 0.0, 0.0, 0.54545456, 0.4
FALSE, 0, 0, 1, 2, 0.6666667, 0.6666667, 1.0, 1.0, 0.6315789, 0.5714286
TRUE, 3, 0, 0, 0, 1.0, 0.0, 0.0, 0.0, 0.5714286, 0.33333334
FALSE, 0, 0, 0, 3, 1.0, 1.0, 1.0, 0.0, 0.7058824, 0.6
TRUE, 3, 0, 0, 0, 1.0, 0.0, 0.0, 0.0, 0.5714286, 0.33333334
FALSE, 0, 0, 0, 3, 1.0, 1.0, 1.0, 0.0, 0.7058824, 0.6

AR4
TRUE, 5, 0, 0, 0, 1.0, 0.0, 0.0, 0.0, 0.6, 0.25
FALSE, 0, 0, 0, 5, 1.0, 1.0, 1.0, 0.0, 0.7894737, 0.625
TRUE, 4, 1, 0, 0, 0.8, 0.0, 0.0, 0.0, 0.5882353, 0.2857143
FALSE, 0, 0, 1, 4, 0.8, 0.8, 1.0, 1.0, 0.754717, 0.61538464
TRUE, 5, 0, 0, 0, 1.0, 0.0, 0.0, 0.0, 0.6, 0.25
FALSE, 0, 0, 0, 5, 1.0, 1.0, 1.0, 0.0, 0.7894737, 0.625
TRUE, 5, 0, 0, 0, 1.0, 0.0, 0.0, 0.0, 0.6, 0.25
FALSE, 0, 0, 0, 5, 1.0, 1.0, 1.0, 0.0, 0.7894737, 0.625
TRUE, 5, 0, 0, 0, 1.0, 0.0, 0.0, 0.0, 0.6, 0.25
FALSE, 0, 0, 0, 5, 1.0, 1.0, 1.0, 0.0, 0.7894737, 0.625

AR5
TRUE, 1, 1, 0, 0, 0.5, 0.0, 0.0, 0.0, 0.5, 0.5
FALSE, 0, 0, 1, 1, 0.5, 0.5, 1.0, 1.0, 0.5, 0.5
TRUE, 1, 1, 0, 0, 0.5, 0.0, 0.0, 0.0, 0.5, 0.5
FALSE, 0, 0, 1, 1, 0.5, 0.5, 1.0, 1.0, 0.5, 0.5
TRUE, 1, 1, 0, 0, 0.5, 0.0, 0.0, 0.0, 0.5, 0.5
FALSE, 0, 0, 1, 1, 0.5, 0.5, 1.0, 1.0, 0.5, 0.5
TRUE, 1, 1, 0, 0, 0.5, 0.0, 0.0, 0.0, 0.5, 0.5
FALSE, 0, 0, 1, 1, 0.5, 0.5, 1.0, 1.0, 0.5, 0.5
TRUE, 1, 1, 0, 0, 0.5, 0.0, 0.0, 0.0, 0.5, 0.5
FALSE, 0, 0, 1, 1, 0.5, 0.5, 1.0, 1.0, 0.5, 0.5

