SHARED-CM1
TRUE, 18, 2, 0, 0, 0.9, 0.0, 0.0, 0.0, 0.6333333, 0.09090909
FALSE, 0, 0, 2, 18, 0.9, 0.9, 1.0, 1.0, 0.8814433, 0.7826087
TRUE, 18, 2, 0, 0, 0.9, 0.0, 0.0, 0.0, 0.6333333, 0.09090909
FALSE, 0, 0, 2, 18, 0.9, 0.9, 1.0, 1.0, 0.8814433, 0.7826087
TRUE, 18, 2, 0, 0, 0.9, 0.0, 0.0, 0.0, 0.6333333, 0.09090909
FALSE, 0, 0, 2, 18, 0.9, 0.9, 1.0, 1.0, 0.8814433, 0.7826087
TRUE, 16, 4, 0, 0, 0.8, 0.0, 0.0, 0.0, 0.60714287, 0.09090909
FALSE, 0, 0, 4, 16, 0.8, 0.8, 1.0, 1.0, 0.78612715, 0.8648649
TRUE, 18, 2, 0, 0, 0.9, 0.0, 0.0, 0.0, 0.6333333, 0.09090909
FALSE, 0, 0, 2, 18, 0.9, 0.9, 1.0, 1.0, 0.8814433, 0.7826087

SHARED-KC1
TRUE, 70, 6, 1, 8, 0.91764706, 0.8888889, 0.5714286, 0.014084507, 0.9030391, 0.02749141
FALSE, 8, 1, 6, 70, 0.91764706, 0.92105263, 0.9859155, 0.42857143, 0.9193467, 0.5974395
TRUE, 74, 7, 1, 3, 0.90588236, 0.75, 0.3, 0.013333334, 0.8206039, 0.025531914
FALSE, 3, 1, 7, 74, 0.90588236, 0.91358024, 0.9866667, 0.7, 0.909715, 0.81897235
TRUE, 69, 12, 2, 2, 0.8352941, 0.5, 0.14285715, 0.028169014, 0.6255507, 0.047058824
FALSE, 2, 2, 12, 69, 0.8352941, 0.8518519, 0.97183096, 0.85714287, 0.84349173, 0.9108911
TRUE, 75, 8, 1, 1, 0.89411765, 0.5, 0.11111111, 0.013157895, 0.6413502, 0.023529412
FALSE, 1, 1, 8, 75, 0.89411765, 0.90361446, 0.9868421, 0.8888889, 0.89884096, 0.93530786
TRUE, 72, 10, 2, 1, 0.85882354, 0.33333334, 0.09090909, 0.027027028, 0.48026314, 0.041666668
FALSE, 1, 2, 10, 72, 0.85882354, 0.8780488, 0.972973, 0.90909094, 0.86832976, 0.9399478

SHARED-KC2
TRUE, 18, 2, 0, 1, 0.9047619, 1.0, 0.33333334, 0.0, 0.6333333, 0.09090909
FALSE, 1, 0, 2, 18, 0.9047619, 0.9, 1.0, 0.6666667, 0.8814433, 0.7826087
TRUE, 13, 1, 5, 2, 0.71428573, 0.2857143, 0.6666667, 0.2777778, 0.40816328, 0.39215687
FALSE, 2, 5, 1, 13, 0.71428573, 0.9285714, 0.7222222, 0.33333334, 0.8074534, 0.45614034
TRUE, 16, 1, 0, 4, 0.95238096, 1.0, 0.8, 0.0, 0.85106385, 0.10958904
FALSE, 4, 0, 1, 16, 0.95238096, 0.9411765, 1.0, 0.2, 0.9248555, 0.3298969
TRUE, 14, 3, 2, 2, 0.7619048, 0.5, 0.4, 0.125, 0.6037736, 0.1904762
FALSE, 2, 2, 3, 14, 0.7619048, 0.8235294, 0.875, 0.6, 0.79151946, 0.7118644
TRUE, 18, 0, 2, 1, 0.9047619, 0.33333334, 1.0, 0.1, 0.48101267, 0.16666667
FALSE, 1, 2, 0, 18, 0.9047619, 1.0, 0.9, 0.0, 0.9035667, 0.64285713

SHARED-KC3
TRUE, 18, 1, 0, 0, 0.94736844, 0.0, 0.0, 0.0, 0.6440678, 0.0952381
FALSE, 0, 0, 1, 18, 0.94736844, 0.94736844, 1.0, 1.0, 0.9255751, 0.6545454
TRUE, 15, 4, 0, 0, 0.7894737, 0.0, 0.0, 0.0, 0.6037736, 0.0952381
FALSE, 0, 0, 4, 15, 0.7894737, 0.7894737, 1.0, 1.0, 0.77544427, 0.8633093
TRUE, 15, 4, 0, 0, 0.7894737, 0.0, 0.0, 0.0, 0.6037736, 0.0952381
FALSE, 0, 0, 4, 15, 0.7894737, 0.7894737, 1.0, 1.0, 0.77544427, 0.8633093
TRUE, 16, 3, 0, 0, 0.84210527, 0.0, 0.0, 0.0, 0.6181818, 0.0952381
FALSE, 0, 0, 3, 16, 0.84210527, 0.84210527, 1.0, 1.0, 0.82549316, 0.8347826
TRUE, 16, 3, 0, 0, 0.84210527, 0.0, 0.0, 0.0, 0.6181818, 0.0952381
FALSE, 0, 0, 3, 16, 0.84210527, 0.84210527, 1.0, 1.0, 0.82549316, 0.8347826

SHARED-MW1
TRUE, 15, 1, 0, 0, 0.9375, 0.0, 0.0, 0.0, 0.64, 0.11111111
FALSE, 0, 0, 1, 15, 0.9375, 0.9375, 1.0, 1.0, 0.9125475, 0.65217394
TRUE, 16, 0, 0, 0, 1.0, 0.0, 0.0, 0.0, 0.6415094, 0.10526316
FALSE, 0, 0, 0, 16, 1.0, 1.0, 1.0, 0.0, 0.9173693, 0.6530612
TRUE, 15, 2, 0, 0, 0.88235295, 0.0, 0.0, 0.0, 0.627451, 0.10526316
FALSE, 0, 0, 2, 15, 0.88235295, 0.88235295, 1.0, 1.0, 0.8617594, 0.77922076
TRUE, 16, 1, 0, 0, 0.9411765, 0.0, 0.0, 0.0, 0.6415094, 0.10526316
FALSE, 0, 0, 1, 16, 0.9411765, 0.9411765, 1.0, 1.0, 0.9173693, 0.6530612
TRUE, 17, 0, 0, 0, 1.0, 0.0, 0.0, 0.0, 0.64285713, 0.1
FALSE, 0, 0, 0, 17, 1.0, 1.0, 1.0, 0.0, 0.92168677, 0.65384614

SHARED-MC2
TRUE, 6, 1, 0, 0, 0.85714287, 0.0, 0.0, 0.0, 0.6086956, 0.22222222
FALSE, 0, 0, 1, 6, 0.85714287, 0.85714287, 1.0, 1.0, 0.815534, 0.6315789
TRUE, 5, 2, 0, 0, 0.71428573, 0.0, 0.0, 0.0, 0.5714286, 0.22222222
FALSE, 0, 0, 2, 5, 0.71428573, 0.71428573, 1.0, 1.0, 0.6896552, 0.7407407
TRUE, 5, 0, 1, 1, 0.85714287, 0.5, 1.0, 0.16666667, 0.6, 0.25
FALSE, 1, 1, 0, 5, 0.85714287, 1.0, 0.8333333, 0.0, 0.7894737, 0.625
TRUE, 3, 4, 0, 0, 0.42857143, 0.0, 0.0, 0.0, 0.47058824, 0.22222222
FALSE, 0, 0, 4, 3, 0.42857143, 0.42857143, 1.0, 1.0, 0.43636364, 0.7741935
TRUE, 5, 2, 0, 0, 0.71428573, 0.0, 0.0, 0.0, 0.5714286, 0.22222222
FALSE, 0, 0, 2, 5, 0.71428573, 0.71428573, 1.0, 1.0, 0.6896552, 0.7407407

SHARED-PC1
TRUE, 42, 3, 0, 0, 0.93333334, 0.0, 0.0, 0.0, 0.6466165, 0.04255319
FALSE, 0, 0, 3, 42, 0.93333334, 0.93333334, 1.0, 1.0, 0.9240215, 0.8484849
TRUE, 41, 4, 0, 0, 0.9111111, 0.0, 0.0, 0.0, 0.64122134, 0.04255319
FALSE, 0, 0, 4, 41, 0.9111111, 0.9111111, 1.0, 1.0, 0.90227926, 0.87935656
TRUE, 42, 3, 0, 0, 0.93333334, 0.0, 0.0, 0.0, 0.6466165, 0.04255319
FALSE, 0, 0, 3, 42, 0.93333334, 0.93333334, 1.0, 1.0, 0.9240215, 0.8484849
TRUE, 44, 1, 0, 0, 0.9777778, 0.0, 0.0, 0.0, 0.6569343, 0.04255319
FALSE, 0, 0, 1, 44, 0.9777778, 0.9777778, 1.0, 1.0, 0.9675055, 0.6616541
TRUE, 44, 1, 0, 0, 0.9777778, 0.0, 0.0, 0.0, 0.6569343, 0.04255319
FALSE, 0, 0, 1, 44, 0.9777778, 0.9777778, 1.0, 1.0, 0.9675055, 0.6616541

AR3
TRUE, 3, 0, 0, 0, 1.0, 0.0, 0.0, 0.0, 0.5714286, 0.33333334
FALSE, 0, 0, 0, 3, 1.0, 1.0, 1.0, 0.0, 0.7058824, 0.6
TRUE, 2, 1, 0, 0, 0.6666667, 0.0, 0.0, 0.0, 0.54545456, 0.4
FALSE, 0, 0, 1, 2, 0.6666667, 0.6666667, 1.0, 1.0, 0.6315789, 0.5714286
TRUE, 3, 0, 0, 0, 1.0, 0.0, 0.0, 0.0, 0.5714286, 0.33333334
FALSE, 0, 0, 0, 3, 1.0, 1.0, 1.0, 0.0, 0.7058824, 0.6
TRUE, 2, 1, 0, 0, 0.6666667, 0.0, 0.0, 0.0, 0.54545456, 0.4
FALSE, 0, 0, 1, 2, 0.6666667, 0.6666667, 1.0, 1.0, 0.6315789, 0.5714286
TRUE, 3, 0, 0, 0, 1.0, 0.0, 0.0, 0.0, 0.5714286, 0.33333334
FALSE, 0, 0, 0, 3, 1.0, 1.0, 1.0, 0.0, 0.7058824, 0.6

AR4
TRUE, 5, 0, 0, 0, 1.0, 0.0, 0.0, 0.0, 0.6, 0.25
FALSE, 0, 0, 0, 5, 1.0, 1.0, 1.0, 0.0, 0.7894737, 0.625
TRUE, 4, 0, 0, 1, 1.0, 1.0, 1.0, 0.0, 0.5882353, 0.2857143
FALSE, 1, 0, 0, 4, 1.0, 1.0, 1.0, 0.0, 0.754717, 0.61538464
TRUE, 4, 1, 0, 0, 0.8, 0.0, 0.0, 0.0, 0.5882353, 0.2857143
FALSE, 0, 0, 1, 4, 0.8, 0.8, 1.0, 1.0, 0.754717, 0.61538464
TRUE, 5, 0, 0, 0, 1.0, 0.0, 0.0, 0.0, 0.6, 0.25
FALSE, 0, 0, 0, 5, 1.0, 1.0, 1.0, 0.0, 0.7894737, 0.625
TRUE, 4, 1, 0, 0, 0.8, 0.0, 0.0, 0.0, 0.5882353, 0.2857143
FALSE, 0, 0, 1, 4, 0.8, 0.8, 1.0, 1.0, 0.754717, 0.61538464

AR5
TRUE, 1, 1, 0, 0, 0.5, 0.0, 0.0, 0.0, 0.5, 0.5
FALSE, 0, 0, 1, 1, 0.5, 0.5, 1.0, 1.0, 0.5, 0.5
TRUE, 2, 0, 0, 0, 1.0, 0.0, 0.0, 0.0, 0.54545456, 0.4
FALSE, 0, 0, 0, 2, 1.0, 1.0, 1.0, 0.0, 0.6315789, 0.5714286
TRUE, 2, 0, 0, 0, 1.0, 0.0, 0.0, 0.0, 0.54545456, 0.4
FALSE, 0, 0, 0, 2, 1.0, 1.0, 1.0, 0.0, 0.6315789, 0.5714286
TRUE, 2, 0, 0, 0, 1.0, 0.0, 0.0, 0.0, 0.54545456, 0.4
FALSE, 0, 0, 0, 2, 1.0, 1.0, 1.0, 0.0, 0.6315789, 0.5714286
TRUE, 2, 0, 0, 0, 1.0, 0.0, 0.0, 0.0, 0.54545456, 0.4
FALSE, 0, 0, 0, 2, 1.0, 1.0, 1.0, 0.0, 0.6315789, 0.5714286

