SHARED-CM1
TRUE, 19, 1, 0, 0, 0.95, 0.0, 0.0, 0.0, 0.6451613, 0.09090909
FALSE, 0, 0, 1, 19, 0.95, 0.95, 1.0, 1.0, 0.9290953, 0.6551724
TRUE, 20, 0, 0, 0, 1.0, 0.0, 0.0, 0.0, 0.64615387, 0.08695652
FALSE, 0, 0, 0, 20, 1.0, 1.0, 1.0, 0.0, 0.93229747, 0.6557377
TRUE, 20, 0, 0, 0, 1.0, 0.0, 0.0, 0.0, 0.64615387, 0.08695652
FALSE, 0, 0, 0, 20, 1.0, 1.0, 1.0, 0.0, 0.93229747, 0.6557377
TRUE, 19, 1, 0, 0, 0.95, 0.0, 0.0, 0.0, 0.6451613, 0.09090909
FALSE, 0, 0, 1, 19, 0.95, 0.95, 1.0, 1.0, 0.9290953, 0.6551724
TRUE, 17, 3, 0, 0, 0.85, 0.0, 0.0, 0.0, 0.62068963, 0.09090909
FALSE, 0, 0, 3, 17, 0.85, 0.85, 1.0, 1.0, 0.83378744, 0.8360656

SHARED-KC1
TRUE, 69, 9, 2, 5, 0.87058824, 0.71428573, 0.35714287, 0.028169014, 0.7847296, 0.05221932
FALSE, 5, 2, 9, 69, 0.87058824, 0.88461536, 0.97183096, 0.64285713, 0.8775458, 0.7738318
TRUE, 74, 6, 0, 5, 0.92941177, 1.0, 0.45454547, 0.0, 0.8738938, 0.025906736
FALSE, 5, 0, 6, 74, 0.92941177, 0.925, 1.0, 0.54545456, 0.92179126, 0.70253164
TRUE, 69, 10, 3, 3, 0.84705883, 0.5, 0.23076923, 0.041666668, 0.62882096, 0.07058824
FALSE, 3, 3, 10, 69, 0.84705883, 0.87341774, 0.9583333, 0.7692308, 0.8600364, 0.8534323
TRUE, 69, 10, 1, 5, 0.87058824, 0.8333333, 0.33333334, 0.014285714, 0.8515535, 0.02739726
FALSE, 5, 1, 10, 69, 0.87058824, 0.87341774, 0.98571426, 0.6666667, 0.8720007, 0.79538906
TRUE, 71, 13, 0, 1, 0.84705883, 1.0, 0.071428575, 0.0, 0.62608695, 0.023255814
FALSE, 1, 0, 13, 71, 0.84705883, 0.8452381, 1.0, 0.9285714, 0.8412045, 0.9564767

SHARED-KC2
TRUE, 14, 1, 4, 2, 0.7619048, 0.33333334, 0.6666667, 0.22222222, 0.46376812, 0.33333334
FALSE, 2, 4, 1, 14, 0.7619048, 0.93333334, 0.7777778, 0.33333334, 0.8389513, 0.46666667
TRUE, 15, 0, 1, 5, 0.95238096, 0.8333333, 1.0, 0.0625, 0.8695652, 0.11627907
FALSE, 5, 1, 0, 15, 0.95238096, 1.0, 0.9375, 0.0, 0.9230769, 0.28301886
TRUE, 17, 1, 1, 2, 0.9047619, 0.6666667, 0.6666667, 0.055555556, 0.7676768, 0.102564104
FALSE, 2, 1, 1, 17, 0.9047619, 0.9444444, 0.9444444, 0.33333334, 0.9241774, 0.49275362
TRUE, 15, 1, 0, 5, 0.95238096, 1.0, 0.8333333, 0.0, 0.8695652, 0.11627907
FALSE, 5, 0, 1, 15, 0.95238096, 0.9375, 1.0, 0.16666667, 0.9230769, 0.28301886
TRUE, 16, 1, 2, 2, 0.85714287, 0.5, 0.6666667, 0.11111111, 0.6315789, 0.1904762
FALSE, 2, 2, 1, 16, 0.85714287, 0.9411765, 0.8888889, 0.33333334, 0.89719623, 0.4848485

SHARED-KC3
TRUE, 17, 2, 0, 0, 0.8947368, 0.0, 0.0, 0.0, 0.6315789, 0.0952381
FALSE, 0, 0, 2, 17, 0.8947368, 0.8947368, 1.0, 1.0, 0.8755365, 0.7816092
TRUE, 16, 3, 0, 0, 0.84210527, 0.0, 0.0, 0.0, 0.6181818, 0.0952381
FALSE, 0, 0, 3, 16, 0.84210527, 0.84210527, 1.0, 1.0, 0.82549316, 0.8347826
TRUE, 16, 3, 0, 0, 0.84210527, 0.0, 0.0, 0.0, 0.6181818, 0.0952381
FALSE, 0, 0, 3, 16, 0.84210527, 0.84210527, 1.0, 1.0, 0.82549316, 0.8347826
TRUE, 15, 4, 0, 0, 0.7894737, 0.0, 0.0, 0.0, 0.6037736, 0.0952381
FALSE, 0, 0, 4, 15, 0.7894737, 0.7894737, 1.0, 1.0, 0.77544427, 0.8633093
TRUE, 17, 2, 0, 0, 0.8947368, 0.0, 0.0, 0.0, 0.6315789, 0.0952381
FALSE, 0, 0, 2, 17, 0.8947368, 0.8947368, 1.0, 1.0, 0.8755365, 0.7816092

SHARED-MW1
TRUE, 15, 1, 0, 0, 0.9375, 0.0, 0.0, 0.0, 0.64, 0.11111111
FALSE, 0, 0, 1, 15, 0.9375, 0.9375, 1.0, 1.0, 0.9125475, 0.65217394
TRUE, 16, 0, 0, 0, 1.0, 0.0, 0.0, 0.0, 0.6415094, 0.10526316
FALSE, 0, 0, 0, 16, 1.0, 1.0, 1.0, 0.0, 0.9173693, 0.6530612
TRUE, 15, 2, 0, 0, 0.88235295, 0.0, 0.0, 0.0, 0.627451, 0.10526316
FALSE, 0, 0, 2, 15, 0.88235295, 0.88235295, 1.0, 1.0, 0.8617594, 0.77922076
TRUE, 16, 1, 0, 0, 0.9411765, 0.0, 0.0, 0.0, 0.6415094, 0.10526316
FALSE, 0, 0, 1, 16, 0.9411765, 0.9411765, 1.0, 1.0, 0.9173693, 0.6530612
TRUE, 16, 1, 0, 0, 0.9411765, 0.0, 0.0, 0.0, 0.6415094, 0.10526316
FALSE, 0, 0, 1, 16, 0.9411765, 0.9411765, 1.0, 1.0, 0.9173693, 0.6530612

SHARED-MC2
TRUE, 6, 1, 0, 0, 0.85714287, 0.0, 0.0, 0.0, 0.6086956, 0.22222222
FALSE, 0, 0, 1, 6, 0.85714287, 0.85714287, 1.0, 1.0, 0.815534, 0.6315789
TRUE, 6, 0, 0, 1, 1.0, 1.0, 1.0, 0.0, 0.6086956, 0.22222222
FALSE, 1, 0, 0, 6, 1.0, 1.0, 1.0, 0.0, 0.815534, 0.6315789
TRUE, 5, 0, 0, 2, 1.0, 1.0, 1.0, 0.0, 0.71794873, 0.26666668
FALSE, 2, 0, 0, 5, 1.0, 1.0, 1.0, 0.0, 0.8045977, 0.47619048
TRUE, 7, 0, 0, 0, 1.0, 0.0, 0.0, 0.0, 0.61538464, 0.2
FALSE, 0, 0, 0, 7, 1.0, 1.0, 1.0, 0.0, 0.8358209, 0.6363636
TRUE, 6, 1, 0, 0, 0.85714287, 0.0, 0.0, 0.0, 0.6086956, 0.22222222
FALSE, 0, 0, 1, 6, 0.85714287, 0.85714287, 1.0, 1.0, 0.815534, 0.6315789

SHARED-PC1
TRUE, 39, 6, 0, 0, 0.8666667, 0.0, 0.0, 0.0, 0.62992126, 0.04255319
FALSE, 0, 0, 6, 39, 0.8666667, 0.8666667, 1.0, 1.0, 0.8587944, 0.9122807
TRUE, 43, 2, 0, 0, 0.95555556, 0.0, 0.0, 0.0, 0.65185183, 0.04255319
FALSE, 0, 0, 2, 43, 0.95555556, 0.95555556, 1.0, 1.0, 0.9457636, 0.79262674
TRUE, 42, 3, 0, 0, 0.93333334, 0.0, 0.0, 0.0, 0.6466165, 0.04255319
FALSE, 0, 0, 3, 42, 0.93333334, 0.93333334, 1.0, 1.0, 0.9240215, 0.8484849
TRUE, 40, 4, 0, 1, 0.9111111, 1.0, 0.2, 0.0, 0.640625, 0.04347826
FALSE, 1, 0, 4, 40, 0.9111111, 0.90909094, 1.0, 0.8, 0.90010977, 0.8791209
TRUE, 44, 1, 0, 0, 0.9777778, 0.0, 0.0, 0.0, 0.6569343, 0.04255319
FALSE, 0, 0, 1, 44, 0.9777778, 0.9777778, 1.0, 1.0, 0.9675055, 0.6616541

AR3
TRUE, 3, 0, 0, 0, 1.0, 0.0, 0.0, 0.0, 0.5714286, 0.33333334
FALSE, 0, 0, 0, 3, 1.0, 1.0, 1.0, 0.0, 0.7058824, 0.6
TRUE, 3, 0, 0, 0, 1.0, 0.0, 0.0, 0.0, 0.5714286, 0.33333334
FALSE, 0, 0, 0, 3, 1.0, 1.0, 1.0, 0.0, 0.7058824, 0.6
TRUE, 2, 1, 0, 0, 0.6666667, 0.0, 0.0, 0.0, 0.54545456, 0.4
FALSE, 0, 0, 1, 2, 0.6666667, 0.6666667, 1.0, 1.0, 0.6315789, 0.5714286
TRUE, 2, 1, 0, 0, 0.6666667, 0.0, 0.0, 0.0, 0.54545456, 0.4
FALSE, 0, 0, 1, 2, 0.6666667, 0.6666667, 1.0, 1.0, 0.6315789, 0.5714286
TRUE, 3, 0, 0, 0, 1.0, 0.0, 0.0, 0.0, 0.5714286, 0.33333334
FALSE, 0, 0, 0, 3, 1.0, 1.0, 1.0, 0.0, 0.7058824, 0.6

AR4
TRUE, 5, 0, 0, 0, 1.0, 0.0, 0.0, 0.0, 0.6, 0.25
FALSE, 0, 0, 0, 5, 1.0, 1.0, 1.0, 0.0, 0.7894737, 0.625
TRUE, 5, 0, 0, 0, 1.0, 0.0, 0.0, 0.0, 0.6, 0.25
FALSE, 0, 0, 0, 5, 1.0, 1.0, 1.0, 0.0, 0.7894737, 0.625
TRUE, 3, 2, 0, 0, 0.6, 0.0, 0.0, 0.0, 0.53333336, 0.2857143
FALSE, 0, 0, 2, 3, 0.6, 0.6, 1.0, 1.0, 0.58536583, 0.7058824
TRUE, 3, 2, 0, 0, 0.6, 0.0, 0.0, 0.0, 0.53333336, 0.2857143
FALSE, 0, 0, 2, 3, 0.6, 0.6, 1.0, 1.0, 0.58536583, 0.7058824
TRUE, 4, 1, 0, 0, 0.8, 0.0, 0.0, 0.0, 0.5882353, 0.2857143
FALSE, 0, 0, 1, 4, 0.8, 0.8, 1.0, 1.0, 0.754717, 0.61538464

AR5
TRUE, 1, 1, 0, 0, 0.5, 0.0, 0.0, 0.0, 0.5, 0.5
FALSE, 0, 0, 1, 1, 0.5, 0.5, 1.0, 1.0, 0.5, 0.5
TRUE, 1, 1, 0, 0, 0.5, 0.0, 0.0, 0.0, 0.5, 0.5
FALSE, 0, 0, 1, 1, 0.5, 0.5, 1.0, 1.0, 0.5, 0.5
TRUE, 2, 0, 0, 0, 1.0, 0.0, 0.0, 0.0, 0.54545456, 0.4
FALSE, 0, 0, 0, 2, 1.0, 1.0, 1.0, 0.0, 0.6315789, 0.5714286
TRUE, 2, 0, 0, 0, 1.0, 0.0, 0.0, 0.0, 0.54545456, 0.4
FALSE, 0, 0, 0, 2, 1.0, 1.0, 1.0, 0.0, 0.6315789, 0.5714286
TRUE, 1, 1, 0, 0, 0.5, 0.0, 0.0, 0.0, 0.5, 0.5
FALSE, 0, 0, 1, 1, 0.5, 0.5, 1.0, 1.0, 0.5, 0.5

