Naive-Bayes train-shared test turkish
((TRUE,16,1,39,7,.88,.71,.15,.78,.49) (FALSE,7,39,1,16,.29,.13,.94,.17,.49))
((TRUE,22,0,65,20,1.00,.75,.24,.86,.47) (FALSE,20,65,0,22,.25,.00,1.00,.00,.47))
((TRUE,7,0,21,8,1.00,.75,.28,.86,.47) (FALSE,8,21,0,7,.25,.00,1.00,.00,.47))

Naive-Bayes train-turkish test shared 
((TRUE,1017,68,15,9,.12,.01,.38,.03,.38) (FALSE,9,15,68,1017,.99,.88,.94,.93,.38))
((TRUE,1685,245,96,81,.25,.05,.46,.09,.47) (FALSE,81,96,245,1685,.95,.75,.87,.84,.47))
((TRUE,414,96,1,11,.10,.002,.92,.005,.37)(FALSE,11,1,96,414,1.00,.90,.81,.94,.37))
((TRUE,372,26,43,17,.40,.10,.28,.16,.57) (FALSE,17,43,26,372,.90,.60,.93,.72,.57))
((TRUE,413,36,36,13,.27,.08,.27,.12,.48) (FALSE,13,36,36,413,.92,.73,.92,.82,.48))
((TRUE,305,13,67,18,.58,.18,.21,.27,.68) (FALSE,18,67,13,305,.82,.42,.96,.55,.68))
((TRUE,94,34,15,18,.35,.14,.55,.20,.53) (FALSE,18,15,34,94,.86,.65,.73,.74,.53))
