SHARED-CM1
TRUE, 20, 0, 0, 0, 1.0, 0.0, 0.0, 0.0, 0.64615387, 0.08695652
FALSE, 0, 0, 0, 20, 1.0, 1.0, 1.0, 0.0, 0.93229747, 0.6557377
TRUE, 17, 1, 2, 0, 0.85, 0.0, 0.0, 0.10526316, 0.48, 0.17391305
FALSE, 0, 2, 1, 17, 0.85, 0.9444444, 0.8947368, 1.0, 0.8986784, 0.6415094
TRUE, 16, 4, 0, 0, 0.8, 0.0, 0.0, 0.0, 0.60714287, 0.09090909
FALSE, 0, 0, 4, 16, 0.8, 0.8, 1.0, 1.0, 0.78612715, 0.8648649
TRUE, 19, 1, 0, 0, 0.95, 0.0, 0.0, 0.0, 0.6451613, 0.09090909
FALSE, 0, 0, 1, 19, 0.95, 0.95, 1.0, 1.0, 0.9290953, 0.6551724
TRUE, 15, 5, 0, 0, 0.75, 0.0, 0.0, 0.0, 0.5925926, 0.09090909
FALSE, 0, 0, 5, 15, 0.75, 0.75, 1.0, 1.0, 0.73846155, 0.88235295

SHARED-KC1
TRUE, 49, 3, 21, 12, 0.7176471, 0.36363637, 0.8, 0.3, 0.4826904, 0.43636364
FALSE, 12, 21, 3, 49, 0.7176471, 0.9423077, 0.7, 0.2, 0.81477445, 0.31111112
TRUE, 53, 4, 20, 8, 0.7176471, 0.2857143, 0.6666667, 0.2739726, 0.4087102, 0.3883495
FALSE, 8, 20, 4, 53, 0.7176471, 0.9298246, 0.72602737, 0.33333334, 0.81007266, 0.45689654
TRUE, 51, 5, 24, 5, 0.65882355, 0.1724138, 0.5, 0.32, 0.27330405, 0.3902439
FALSE, 5, 24, 5, 51, 0.65882355, 0.91071427, 0.68, 0.5, 0.7645563, 0.5762712
TRUE, 55, 1, 19, 10, 0.7647059, 0.3448276, 0.90909094, 0.25675675, 0.47531992, 0.4004215
FALSE, 10, 19, 1, 55, 0.7647059, 0.98214287, 0.7432432, 0.09090909, 0.8598918, 0.16200295
TRUE, 49, 10, 16, 10, 0.69411767, 0.3846154, 0.5, 0.24615385, 0.49496645, 0.3298969
FALSE, 10, 16, 10, 49, 0.69411767, 0.8305085, 0.75384617, 0.5, 0.7562124, 0.601227

SHARED-KC2
TRUE, 14, 2, 4, 1, 0.71428573, 0.2, 0.33333334, 0.22222222, 0.3125, 0.26666668
FALSE, 1, 4, 2, 14, 0.71428573, 0.875, 0.7777778, 0.6666667, 0.78651685, 0.71794873
TRUE, 13, 1, 1, 6, 0.9047619, 0.85714287, 0.85714287, 0.071428575, 0.88030887, 0.13186814
FALSE, 6, 1, 1, 13, 0.9047619, 0.9285714, 0.9285714, 0.14285715, 0.9165121, 0.24761905
TRUE, 11, 2, 3, 5, 0.7619048, 0.625, 0.71428573, 0.21428572, 0.6866953, 0.32967034
FALSE, 5, 3, 2, 11, 0.7619048, 0.84615386, 0.78571427, 0.2857143, 0.8018223, 0.41904762
TRUE, 13, 3, 1, 4, 0.8095238, 0.8, 0.5714286, 0.071428575, 0.80473375, 0.12698413
FALSE, 4, 1, 3, 13, 0.8095238, 0.8125, 0.9285714, 0.42857143, 0.81100917, 0.5864662
TRUE, 14, 1, 3, 3, 0.8095238, 0.5, 0.75, 0.1764706, 0.6181818, 0.2857143
FALSE, 3, 3, 1, 14, 0.8095238, 0.93333334, 0.8235294, 0.25, 0.867031, 0.38356164

SHARED-KC3
TRUE, 17, 2, 0, 0, 0.8947368, 0.0, 0.0, 0.0, 0.6315789, 0.0952381
FALSE, 0, 0, 2, 17, 0.8947368, 0.8947368, 1.0, 1.0, 0.8755365, 0.7816092
TRUE, 16, 3, 0, 0, 0.84210527, 0.0, 0.0, 0.0, 0.6181818, 0.0952381
FALSE, 0, 0, 3, 16, 0.84210527, 0.84210527, 1.0, 1.0, 0.82549316, 0.8347826
TRUE, 17, 1, 0, 1, 0.94736844, 1.0, 0.5, 0.0, 0.64285713, 0.1
FALSE, 1, 0, 1, 17, 0.94736844, 0.9444444, 1.0, 0.5, 0.92168677, 0.65384614
TRUE, 15, 1, 2, 1, 0.84210527, 0.33333334, 0.5, 0.11764706, 0.47761193, 0.1904762
FALSE, 1, 2, 1, 15, 0.84210527, 0.9375, 0.88235295, 0.5, 0.88724583, 0.63829786
TRUE, 17, 1, 0, 1, 0.94736844, 1.0, 0.5, 0.0, 0.64285713, 0.1
FALSE, 1, 0, 1, 17, 0.94736844, 0.9444444, 1.0, 0.5, 0.92168677, 0.65384614

SHARED-MW1
TRUE, 14, 2, 0, 0, 0.875, 0.0, 0.0, 0.0, 0.625, 0.11111111
FALSE, 0, 0, 2, 14, 0.875, 0.875, 1.0, 1.0, 0.85365856, 0.7777778
TRUE, 13, 3, 0, 0, 0.8125, 0.0, 0.0, 0.0, 0.6086956, 0.11111111
FALSE, 0, 0, 3, 13, 0.8125, 0.8125, 1.0, 1.0, 0.7947598, 0.82978725
TRUE, 15, 2, 0, 0, 0.88235295, 0.0, 0.0, 0.0, 0.627451, 0.10526316
FALSE, 0, 0, 2, 15, 0.88235295, 0.88235295, 1.0, 1.0, 0.8617594, 0.77922076
TRUE, 15, 2, 0, 0, 0.88235295, 0.0, 0.0, 0.0, 0.627451, 0.10526316
FALSE, 0, 0, 2, 15, 0.88235295, 0.88235295, 1.0, 1.0, 0.8617594, 0.77922076
TRUE, 15, 1, 1, 0, 0.88235295, 0.0, 0.0, 0.0625, 0.64, 0.11111111
FALSE, 0, 1, 1, 15, 0.88235295, 0.9375, 0.9375, 1.0, 0.9125475, 0.65217394

SHARED-MC2
TRUE, 5, 0, 0, 2, 1.0, 1.0, 1.0, 0.0, 0.71794873, 0.26666668
FALSE, 2, 0, 0, 5, 1.0, 1.0, 1.0, 0.0, 0.8045977, 0.47619048
TRUE, 3, 4, 0, 0, 0.42857143, 0.0, 0.0, 0.0, 0.47058824, 0.22222222
FALSE, 0, 0, 4, 3, 0.42857143, 0.42857143, 1.0, 1.0, 0.43636364, 0.7741935
TRUE, 5, 1, 0, 1, 0.85714287, 1.0, 0.5, 0.0, 0.6, 0.25
FALSE, 1, 0, 1, 5, 0.85714287, 0.8333333, 1.0, 0.5, 0.7894737, 0.625
TRUE, 3, 1, 2, 1, 0.5714286, 0.33333334, 0.5, 0.4, 0.42105263, 0.44444445
FALSE, 1, 2, 1, 3, 0.5714286, 0.75, 0.6, 0.5, 0.6486486, 0.54545456
TRUE, 3, 2, 1, 1, 0.5714286, 0.5, 0.33333334, 0.25, 0.53333336, 0.2857143
FALSE, 1, 1, 2, 3, 0.5714286, 0.6, 0.75, 0.6666667, 0.58536583, 0.7058824

SHARED-PC1
TRUE, 39, 6, 0, 0, 0.8666667, 0.0, 0.0, 0.0, 0.62992126, 0.04255319
FALSE, 0, 0, 6, 39, 0.8666667, 0.8666667, 1.0, 1.0, 0.8587944, 0.9122807
TRUE, 40, 5, 0, 0, 0.8888889, 0.0, 0.0, 0.0, 0.6356589, 0.04255319
FALSE, 0, 0, 5, 40, 0.8888889, 0.8888889, 1.0, 1.0, 0.8805369, 0.8988764
TRUE, 39, 1, 3, 2, 0.9111111, 0.4, 0.6666667, 0.071428575, 0.5559322, 0.12903225
FALSE, 2, 3, 1, 39, 0.9111111, 0.975, 0.9285714, 0.33333334, 0.9419735, 0.49056605
TRUE, 41, 3, 0, 1, 0.93333334, 1.0, 0.25, 0.0, 0.64615387, 0.04347826
FALSE, 1, 0, 3, 41, 0.93333334, 0.9318182, 1.0, 0.75, 0.9223353, 0.84827584
TRUE, 43, 2, 0, 0, 0.95555556, 0.0, 0.0, 0.0, 0.65185183, 0.04255319
FALSE, 0, 0, 2, 43, 0.95555556, 0.95555556, 1.0, 1.0, 0.9457636, 0.79262674

AR3
TRUE, 3, 0, 0, 0, 1.0, 0.0, 0.0, 0.0, 0.5714286, 0.33333334
FALSE, 0, 0, 0, 3, 1.0, 1.0, 1.0, 0.0, 0.7058824, 0.6
TRUE, 2, 1, 0, 0, 0.6666667, 0.0, 0.0, 0.0, 0.54545456, 0.4
FALSE, 0, 0, 1, 2, 0.6666667, 0.6666667, 1.0, 1.0, 0.6315789, 0.5714286
TRUE, 2, 1, 0, 0, 0.6666667, 0.0, 0.0, 0.0, 0.54545456, 0.4
FALSE, 0, 0, 1, 2, 0.6666667, 0.6666667, 1.0, 1.0, 0.6315789, 0.5714286
TRUE, 2, 1, 0, 0, 0.6666667, 0.0, 0.0, 0.0, 0.54545456, 0.4
FALSE, 0, 0, 1, 2, 0.6666667, 0.6666667, 1.0, 1.0, 0.6315789, 0.5714286
TRUE, 3, 0, 0, 0, 1.0, 0.0, 0.0, 0.0, 0.5714286, 0.33333334
FALSE, 0, 0, 0, 3, 1.0, 1.0, 1.0, 0.0, 0.7058824, 0.6

AR4
TRUE, 4, 1, 0, 0, 0.8, 0.0, 0.0, 0.0, 0.5882353, 0.2857143
FALSE, 0, 0, 1, 4, 0.8, 0.8, 1.0, 1.0, 0.754717, 0.61538464
TRUE, 5, 0, 0, 0, 1.0, 0.0, 0.0, 0.0, 0.6, 0.25
FALSE, 0, 0, 0, 5, 1.0, 1.0, 1.0, 0.0, 0.7894737, 0.625
TRUE, 5, 0, 0, 0, 1.0, 0.0, 0.0, 0.0, 0.6, 0.25
FALSE, 0, 0, 0, 5, 1.0, 1.0, 1.0, 0.0, 0.7894737, 0.625
TRUE, 3, 1, 1, 0, 0.6, 0.0, 0.0, 0.25, 0.5714286, 0.33333334
FALSE, 0, 1, 1, 3, 0.6, 0.75, 0.75, 1.0, 0.7058824, 0.6
TRUE, 3, 1, 1, 0, 0.6, 0.0, 0.0, 0.25, 0.5714286, 0.33333334
FALSE, 0, 1, 1, 3, 0.6, 0.75, 0.75, 1.0, 0.7058824, 0.6

AR5
TRUE, 1, 1, 0, 0, 0.5, 0.0, 0.0, 0.0, 0.5, 0.5
FALSE, 0, 0, 1, 1, 0.5, 0.5, 1.0, 1.0, 0.5, 0.5
TRUE, 2, 0, 0, 0, 1.0, 0.0, 0.0, 0.0, 0.54545456, 0.4
FALSE, 0, 0, 0, 2, 1.0, 1.0, 1.0, 0.0, 0.6315789, 0.5714286
TRUE, 2, 0, 0, 0, 1.0, 0.0, 0.0, 0.0, 0.54545456, 0.4
FALSE, 0, 0, 0, 2, 1.0, 1.0, 1.0, 0.0, 0.6315789, 0.5714286
TRUE, 2, 0, 0, 0, 1.0, 0.0, 0.0, 0.0, 0.54545456, 0.4
FALSE, 0, 0, 0, 2, 1.0, 1.0, 1.0, 0.0, 0.6315789, 0.5714286
TRUE, 2, 0, 0, 0, 1.0, 0.0, 0.0, 0.0, 0.54545456, 0.4
FALSE, 0, 0, 0, 2, 1.0, 1.0, 1.0, 0.0, 0.6315789, 0.5714286

