SHARED-CM1
TRUE, 16, 4, 0, 0, 0.8, 0.0, 0.0, 0.0, 0.60714287, 0.09090909
FALSE, 0, 0, 4, 16, 0.8, 0.8, 1.0, 1.0, 0.78612715, 0.8648649
TRUE, 17, 3, 0, 0, 0.85, 0.0, 0.0, 0.0, 0.62068963, 0.09090909
FALSE, 0, 0, 3, 17, 0.85, 0.85, 1.0, 1.0, 0.83378744, 0.8360656
TRUE, 17, 3, 0, 0, 0.85, 0.0, 0.0, 0.0, 0.62068963, 0.09090909
FALSE, 0, 0, 3, 17, 0.85, 0.85, 1.0, 1.0, 0.83378744, 0.8360656
TRUE, 18, 2, 0, 0, 0.9, 0.0, 0.0, 0.0, 0.6333333, 0.09090909
FALSE, 0, 0, 2, 18, 0.9, 0.9, 1.0, 1.0, 0.8814433, 0.7826087
TRUE, 20, 0, 0, 0, 1.0, 0.0, 0.0, 0.0, 0.64615387, 0.08695652
FALSE, 0, 0, 0, 20, 1.0, 1.0, 1.0, 0.0, 0.93229747, 0.6557377

SHARED-KC1
TRUE, 76, 9, 0, 0, 0.89411765, 0.0, 0.0, 0.0, 0.6390042, 0.022988506
FALSE, 0, 0, 9, 76, 0.89411765, 0.89411765, 1.0, 1.0, 0.8895645, 0.94150037
TRUE, 74, 11, 0, 0, 0.87058824, 0.0, 0.0, 0.0, 0.6329114, 0.022988506
FALSE, 0, 0, 11, 74, 0.87058824, 0.87058824, 1.0, 1.0, 0.8663077, 0.95037943
TRUE, 71, 14, 0, 0, 0.8352941, 0.0, 0.0, 0.0, 0.6233766, 0.022988506
FALSE, 0, 0, 14, 71, 0.8352941, 0.8352941, 1.0, 1.0, 0.83142227, 0.9589966
TRUE, 72, 13, 0, 0, 0.84705883, 0.0, 0.0, 0.0, 0.62660944, 0.022988506
FALSE, 0, 0, 13, 72, 0.84705883, 0.84705883, 1.0, 1.0, 0.8430508, 0.95656615
TRUE, 71, 14, 0, 0, 0.8352941, 0.0, 0.0, 0.0, 0.6233766, 0.022988506
FALSE, 0, 0, 14, 71, 0.8352941, 0.8352941, 1.0, 1.0, 0.83142227, 0.9589966

SHARED-KC2
TRUE, 14, 1, 3, 3, 0.8095238, 0.5, 0.75, 0.1764706, 0.6181818, 0.2857143
FALSE, 3, 3, 1, 14, 0.8095238, 0.93333334, 0.8235294, 0.25, 0.867031, 0.38356164
TRUE, 15, 4, 1, 1, 0.7619048, 0.5, 0.2, 0.0625, 0.6037736, 0.0952381
FALSE, 1, 1, 4, 15, 0.7619048, 0.7894737, 0.9375, 0.8, 0.77544427, 0.8633093
TRUE, 15, 2, 3, 1, 0.7619048, 0.25, 0.33333334, 0.16666667, 0.3764706, 0.22222222
FALSE, 1, 3, 2, 15, 0.7619048, 0.88235295, 0.8333333, 0.6666667, 0.8177172, 0.7407407
TRUE, 13, 0, 4, 4, 0.8095238, 0.5, 1.0, 0.23529412, 0.60714287, 0.36363637
FALSE, 4, 4, 0, 13, 0.8095238, 1.0, 0.7647059, 0.0, 0.84351146, 0.31707317
TRUE, 14, 3, 2, 2, 0.7619048, 0.5, 0.4, 0.125, 0.6037736, 0.1904762
FALSE, 2, 2, 3, 14, 0.7619048, 0.8235294, 0.875, 0.6, 0.79151946, 0.7118644

SHARED-KC3
TRUE, 19, 0, 0, 0, 1.0, 0.0, 0.0, 0.0, 0.6451613, 0.09090909
FALSE, 0, 0, 0, 19, 1.0, 1.0, 1.0, 0.0, 0.9290953, 0.6551724
TRUE, 16, 1, 0, 2, 0.94736844, 1.0, 0.6666667, 0.0, 0.7659575, 0.10810811
FALSE, 2, 0, 1, 16, 0.94736844, 0.9411765, 1.0, 0.33333334, 0.9201278, 0.4923077
TRUE, 17, 2, 0, 0, 0.8947368, 0.0, 0.0, 0.0, 0.6315789, 0.0952381
FALSE, 0, 0, 2, 17, 0.8947368, 0.8947368, 1.0, 1.0, 0.8755365, 0.7816092
TRUE, 18, 1, 0, 0, 0.94736844, 0.0, 0.0, 0.0, 0.6440678, 0.0952381
FALSE, 0, 0, 1, 18, 0.94736844, 0.94736844, 1.0, 1.0, 0.9255751, 0.6545454
TRUE, 16, 2, 1, 0, 0.84210527, 0.0, 0.0, 0.05882353, 0.6296296, 0.1
FALSE, 0, 1, 2, 16, 0.84210527, 0.8888889, 0.9411765, 1.0, 0.8690096, 0.7804878

SHARED-MW1
TRUE, 16, 0, 0, 0, 1.0, 0.0, 0.0, 0.0, 0.6415094, 0.10526316
FALSE, 0, 0, 0, 16, 1.0, 1.0, 1.0, 0.0, 0.9173693, 0.6530612
TRUE, 15, 1, 0, 0, 0.9375, 0.0, 0.0, 0.0, 0.64, 0.11111111
FALSE, 0, 0, 1, 15, 0.9375, 0.9375, 1.0, 1.0, 0.9125475, 0.65217394
TRUE, 15, 2, 0, 0, 0.88235295, 0.0, 0.0, 0.0, 0.627451, 0.10526316
FALSE, 0, 0, 2, 15, 0.88235295, 0.88235295, 1.0, 1.0, 0.8617594, 0.77922076
TRUE, 15, 2, 0, 0, 0.88235295, 0.0, 0.0, 0.0, 0.627451, 0.10526316
FALSE, 0, 0, 2, 15, 0.88235295, 0.88235295, 1.0, 1.0, 0.8617594, 0.77922076
TRUE, 16, 1, 0, 0, 0.9411765, 0.0, 0.0, 0.0, 0.6415094, 0.10526316
FALSE, 0, 0, 1, 16, 0.9411765, 0.9411765, 1.0, 1.0, 0.9173693, 0.6530612

SHARED-MC2
TRUE, 4, 1, 0, 2, 0.85714287, 1.0, 0.6666667, 0.0, 0.7058824, 0.30769232
FALSE, 2, 0, 1, 4, 0.85714287, 0.8, 1.0, 0.33333334, 0.7741935, 0.47058824
TRUE, 3, 4, 0, 0, 0.42857143, 0.0, 0.0, 0.0, 0.47058824, 0.22222222
FALSE, 0, 0, 4, 3, 0.42857143, 0.42857143, 1.0, 1.0, 0.43636364, 0.7741935
TRUE, 3, 2, 1, 1, 0.5714286, 0.5, 0.33333334, 0.25, 0.53333336, 0.2857143
FALSE, 1, 1, 2, 3, 0.5714286, 0.6, 0.75, 0.6666667, 0.58536583, 0.7058824
TRUE, 6, 1, 0, 0, 0.85714287, 0.0, 0.0, 0.0, 0.6086956, 0.22222222
FALSE, 0, 0, 1, 6, 0.85714287, 0.85714287, 1.0, 1.0, 0.815534, 0.6315789
TRUE, 6, 1, 0, 0, 0.85714287, 0.0, 0.0, 0.0, 0.6086956, 0.22222222
FALSE, 0, 0, 1, 6, 0.85714287, 0.85714287, 1.0, 1.0, 0.815534, 0.6315789

SHARED-PC1
TRUE, 42, 3, 0, 0, 0.93333334, 0.0, 0.0, 0.0, 0.6466165, 0.04255319
FALSE, 0, 0, 3, 42, 0.93333334, 0.93333334, 1.0, 1.0, 0.9240215, 0.8484849
TRUE, 41, 4, 0, 0, 0.9111111, 0.0, 0.0, 0.0, 0.64122134, 0.04255319
FALSE, 0, 0, 4, 41, 0.9111111, 0.9111111, 1.0, 1.0, 0.90227926, 0.87935656
TRUE, 38, 2, 5, 0, 0.84444445, 0.0, 0.0, 0.11627907, 0.27857143, 0.1724138
FALSE, 0, 5, 2, 38, 0.84444445, 0.95, 0.88372093, 1.0, 0.8960097, 0.76
TRUE, 40, 3, 2, 0, 0.8888889, 0.0, 0.0, 0.04761905, 0.4852071, 0.08
FALSE, 0, 2, 3, 40, 0.8888889, 0.9302326, 0.95238096, 1.0, 0.91035247, 0.83916086
TRUE, 44, 1, 0, 0, 0.9777778, 0.0, 0.0, 0.0, 0.6569343, 0.04255319
FALSE, 0, 0, 1, 44, 0.9777778, 0.9777778, 1.0, 1.0, 0.9675055, 0.6616541

AR3
TRUE, 3, 0, 0, 0, 1.0, 0.0, 0.0, 0.0, 0.5714286, 0.33333334
FALSE, 0, 0, 0, 3, 1.0, 1.0, 1.0, 0.0, 0.7058824, 0.6
TRUE, 3, 0, 0, 0, 1.0, 0.0, 0.0, 0.0, 0.5714286, 0.33333334
FALSE, 0, 0, 0, 3, 1.0, 1.0, 1.0, 0.0, 0.7058824, 0.6
TRUE, 3, 0, 0, 0, 1.0, 0.0, 0.0, 0.0, 0.5714286, 0.33333334
FALSE, 0, 0, 0, 3, 1.0, 1.0, 1.0, 0.0, 0.7058824, 0.6
TRUE, 3, 0, 0, 0, 1.0, 0.0, 0.0, 0.0, 0.5714286, 0.33333334
FALSE, 0, 0, 0, 3, 1.0, 1.0, 1.0, 0.0, 0.7058824, 0.6
TRUE, 2, 1, 0, 0, 0.6666667, 0.0, 0.0, 0.0, 0.54545456, 0.4
FALSE, 0, 0, 1, 2, 0.6666667, 0.6666667, 1.0, 1.0, 0.6315789, 0.5714286

AR4
TRUE, 3, 2, 0, 0, 0.6, 0.0, 0.0, 0.0, 0.53333336, 0.2857143
FALSE, 0, 0, 2, 3, 0.6, 0.6, 1.0, 1.0, 0.58536583, 0.7058824
TRUE, 5, 0, 0, 0, 1.0, 0.0, 0.0, 0.0, 0.6, 0.25
FALSE, 0, 0, 0, 5, 1.0, 1.0, 1.0, 0.0, 0.7894737, 0.625
TRUE, 4, 1, 0, 0, 0.8, 0.0, 0.0, 0.0, 0.5882353, 0.2857143
FALSE, 0, 0, 1, 4, 0.8, 0.8, 1.0, 1.0, 0.754717, 0.61538464
TRUE, 3, 2, 0, 0, 0.6, 0.0, 0.0, 0.0, 0.53333336, 0.2857143
FALSE, 0, 0, 2, 3, 0.6, 0.6, 1.0, 1.0, 0.58536583, 0.7058824
TRUE, 4, 1, 0, 0, 0.8, 0.0, 0.0, 0.0, 0.5882353, 0.2857143
FALSE, 0, 0, 1, 4, 0.8, 0.8, 1.0, 1.0, 0.754717, 0.61538464

AR5
TRUE, 1, 1, 0, 0, 0.5, 0.0, 0.0, 0.0, 0.5, 0.5
FALSE, 0, 0, 1, 1, 0.5, 0.5, 1.0, 1.0, 0.5, 0.5
TRUE, 1, 1, 0, 0, 0.5, 0.0, 0.0, 0.0, 0.5, 0.5
FALSE, 0, 0, 1, 1, 0.5, 0.5, 1.0, 1.0, 0.5, 0.5
TRUE, 2, 0, 0, 0, 1.0, 0.0, 0.0, 0.0, 0.54545456, 0.4
FALSE, 0, 0, 0, 2, 1.0, 1.0, 1.0, 0.0, 0.6315789, 0.5714286
TRUE, 1, 1, 0, 0, 0.5, 0.0, 0.0, 0.0, 0.5, 0.5
FALSE, 0, 0, 1, 1, 0.5, 0.5, 1.0, 1.0, 0.5, 0.5
TRUE, 2, 0, 0, 0, 1.0, 0.0, 0.0, 0.0, 0.54545456, 0.4
FALSE, 0, 0, 0, 2, 1.0, 1.0, 1.0, 0.0, 0.6315789, 0.5714286

