SHARED-CM1
TRUE, 18, 1, 1, 0, 0.9, 0.0, 0.0, 0.05263158, 0.6440678, 0.0952381
FALSE, 0, 1, 1, 18, 0.9, 0.94736844, 0.94736844, 1.0, 0.9255751, 0.6545454
TRUE, 17, 1, 2, 0, 0.85, 0.0, 0.0, 0.10526316, 0.48, 0.17391305
FALSE, 0, 2, 1, 17, 0.85, 0.9444444, 0.8947368, 1.0, 0.8986784, 0.6415094
TRUE, 15, 3, 2, 0, 0.75, 0.0, 0.0, 0.11764706, 0.46376812, 0.16
FALSE, 0, 2, 3, 15, 0.75, 0.8333333, 0.88235295, 1.0, 0.7960199, 0.8108108
TRUE, 19, 1, 0, 0, 0.95, 0.0, 0.0, 0.0, 0.6451613, 0.09090909
FALSE, 0, 0, 1, 19, 0.95, 0.95, 1.0, 1.0, 0.9290953, 0.6551724
TRUE, 16, 3, 1, 0, 0.8, 0.0, 0.0, 0.05882353, 0.6181818, 0.0952381
FALSE, 0, 1, 3, 16, 0.8, 0.84210527, 0.9411765, 1.0, 0.82549316, 0.8347826

SHARED-KC1
TRUE, 44, 6, 31, 4, 0.5647059, 0.114285715, 0.4, 0.41333333, 0.19009902, 0.40655738
FALSE, 4, 31, 6, 44, 0.5647059, 0.88, 0.58666664, 0.6, 0.68794787, 0.59325844
TRUE, 52, 4, 22, 7, 0.69411767, 0.2413793, 0.6363636, 0.2972973, 0.35819602, 0.40526316
FALSE, 7, 22, 4, 52, 0.69411767, 0.9285714, 0.7027027, 0.36363637, 0.79440707, 0.47926268
TRUE, 42, 7, 26, 10, 0.6117647, 0.2777778, 0.5882353, 0.38235295, 0.382072, 0.46345812
FALSE, 10, 26, 7, 42, 0.6117647, 0.85714287, 0.61764705, 0.4117647, 0.7139588, 0.49411765
TRUE, 48, 7, 22, 8, 0.65882355, 0.26666668, 0.53333336, 0.31428573, 0.37966102, 0.3955056
FALSE, 8, 22, 7, 48, 0.65882355, 0.8727273, 0.6857143, 0.46666667, 0.750838, 0.5553719
TRUE, 54, 4, 20, 7, 0.7176471, 0.25925925, 0.6363636, 0.27027026, 0.3809099, 0.3794038
FALSE, 7, 20, 4, 54, 0.7176471, 0.9310345, 0.7297297, 0.36363637, 0.8105315, 0.48539326

SHARED-KC2
TRUE, 15, 2, 4, 0, 0.71428573, 0.0, 0.0, 0.21052632, 0.3137255, 0.2580645
FALSE, 0, 4, 2, 15, 0.71428573, 0.88235295, 0.7894737, 1.0, 0.7973422, 0.72289157
TRUE, 15, 1, 3, 2, 0.8095238, 0.4, 0.6666667, 0.16666667, 0.53543305, 0.26666668
FALSE, 2, 3, 1, 15, 0.8095238, 0.9375, 0.8333333, 0.33333334, 0.86882454, 0.47619048
TRUE, 17, 2, 2, 0, 0.8095238, 0.0, 0.0, 0.10526316, 0.47368422, 0.16
FALSE, 0, 2, 2, 17, 0.8095238, 0.8947368, 0.8947368, 1.0, 0.8547486, 0.76404494
TRUE, 18, 0, 0, 3, 1.0, 1.0, 1.0, 0.0, 0.8235294, 0.09836066
FALSE, 3, 0, 0, 18, 1.0, 1.0, 1.0, 0.0, 0.9298893, 0.3956044
TRUE, 13, 2, 3, 3, 0.7619048, 0.5, 0.6, 0.1875, 0.6037736, 0.2857143
FALSE, 3, 3, 2, 13, 0.7619048, 0.8666667, 0.8125, 0.4, 0.8109162, 0.53608245

SHARED-KC3
TRUE, 15, 4, 0, 0, 0.7894737, 0.0, 0.0, 0.0, 0.6037736, 0.0952381
FALSE, 0, 0, 4, 15, 0.7894737, 0.7894737, 1.0, 1.0, 0.77544427, 0.8633093
TRUE, 16, 3, 0, 0, 0.84210527, 0.0, 0.0, 0.0, 0.6181818, 0.0952381
FALSE, 0, 0, 3, 16, 0.84210527, 0.84210527, 1.0, 1.0, 0.82549316, 0.8347826
TRUE, 17, 0, 2, 0, 0.8947368, 0.0, 0.0, 0.10526316, 0.48, 0.17391305
FALSE, 0, 2, 0, 17, 0.8947368, 1.0, 0.8947368, 0.0, 0.8986784, 0.6415094
TRUE, 16, 2, 1, 0, 0.84210527, 0.0, 0.0, 0.05882353, 0.6296296, 0.1
FALSE, 0, 1, 2, 16, 0.84210527, 0.8888889, 0.9411765, 1.0, 0.8690096, 0.7804878
TRUE, 15, 3, 1, 0, 0.7894737, 0.0, 0.0, 0.0625, 0.61538464, 0.1
FALSE, 0, 1, 3, 15, 0.7894737, 0.8333333, 0.9375, 1.0, 0.81632656, 0.8333333

SHARED-MW1
TRUE, 12, 4, 0, 0, 0.75, 0.0, 0.0, 0.0, 0.59090906, 0.11111111
FALSE, 0, 0, 4, 12, 0.75, 0.75, 1.0, 1.0, 0.7358491, 0.85714287
TRUE, 14, 2, 0, 0, 0.875, 0.0, 0.0, 0.0, 0.625, 0.11111111
FALSE, 0, 0, 2, 14, 0.875, 0.875, 1.0, 1.0, 0.85365856, 0.7777778
TRUE, 14, 2, 1, 0, 0.8235294, 0.0, 0.0, 0.06666667, 0.625, 0.11111111
FALSE, 0, 1, 2, 14, 0.8235294, 0.875, 0.93333334, 1.0, 0.85365856, 0.7777778
TRUE, 16, 1, 0, 0, 0.9411765, 0.0, 0.0, 0.0, 0.6415094, 0.10526316
FALSE, 0, 0, 1, 16, 0.9411765, 0.9411765, 1.0, 1.0, 0.9173693, 0.6530612
TRUE, 15, 2, 0, 0, 0.88235295, 0.0, 0.0, 0.0, 0.627451, 0.10526316
FALSE, 0, 0, 2, 15, 0.88235295, 0.88235295, 1.0, 1.0, 0.8617594, 0.77922076

SHARED-MC2
TRUE, 5, 0, 1, 1, 0.85714287, 0.5, 1.0, 0.16666667, 0.6, 0.25
FALSE, 1, 1, 0, 5, 0.85714287, 1.0, 0.8333333, 0.0, 0.7894737, 0.625
TRUE, 5, 0, 2, 0, 0.71428573, 0.0, 0.0, 0.2857143, 0.44444445, 0.36363637
FALSE, 0, 2, 0, 5, 0.71428573, 1.0, 0.71428573, 0.0, 0.7407407, 0.5882353
TRUE, 5, 1, 0, 1, 0.85714287, 1.0, 0.5, 0.0, 0.6, 0.25
FALSE, 1, 0, 1, 5, 0.85714287, 0.8333333, 1.0, 0.5, 0.7894737, 0.625
TRUE, 5, 1, 1, 0, 0.71428573, 0.0, 0.0, 0.16666667, 0.6, 0.25
FALSE, 0, 1, 1, 5, 0.71428573, 0.8333333, 0.8333333, 1.0, 0.7894737, 0.625
TRUE, 3, 1, 2, 1, 0.5714286, 0.33333334, 0.5, 0.4, 0.42105263, 0.44444445
FALSE, 1, 2, 1, 3, 0.5714286, 0.75, 0.6, 0.5, 0.6486486, 0.54545456

SHARED-PC1
TRUE, 42, 2, 1, 0, 0.93333334, 0.0, 0.0, 0.023255814, 0.6515151, 0.04347826
FALSE, 0, 1, 2, 42, 0.93333334, 0.95454544, 0.9767442, 1.0, 0.94456065, 0.7924528
TRUE, 42, 1, 1, 1, 0.95555556, 0.5, 0.5, 0.023255814, 0.65648854, 0.044444446
FALSE, 1, 1, 1, 42, 0.95555556, 0.9767442, 0.9767442, 0.5, 0.9660337, 0.6614173
TRUE, 36, 2, 7, 0, 0.8, 0.0, 0.0, 0.1627907, 0.21637426, 0.21875
FALSE, 0, 7, 2, 36, 0.8, 0.94736844, 0.8372093, 1.0, 0.8700196, 0.742268
TRUE, 41, 3, 0, 1, 0.93333334, 1.0, 0.25, 0.0, 0.64615387, 0.04347826
FALSE, 1, 0, 3, 41, 0.93333334, 0.9318182, 1.0, 0.75, 0.9223353, 0.84827584
TRUE, 41, 4, 0, 0, 0.9111111, 0.0, 0.0, 0.0, 0.64122134, 0.04255319
FALSE, 0, 0, 4, 41, 0.9111111, 0.9111111, 1.0, 1.0, 0.90227926, 0.87935656

AR3
TRUE, 2, 1, 0, 0, 0.6666667, 0.0, 0.0, 0.0, 0.54545456, 0.4
FALSE, 0, 0, 1, 2, 0.6666667, 0.6666667, 1.0, 1.0, 0.6315789, 0.5714286
TRUE, 3, 0, 0, 0, 1.0, 0.0, 0.0, 0.0, 0.5714286, 0.33333334
FALSE, 0, 0, 0, 3, 1.0, 1.0, 1.0, 0.0, 0.7058824, 0.6
TRUE, 2, 1, 0, 0, 0.6666667, 0.0, 0.0, 0.0, 0.54545456, 0.4
FALSE, 0, 0, 1, 2, 0.6666667, 0.6666667, 1.0, 1.0, 0.6315789, 0.5714286
TRUE, 3, 0, 0, 0, 1.0, 0.0, 0.0, 0.0, 0.5714286, 0.33333334
FALSE, 0, 0, 0, 3, 1.0, 1.0, 1.0, 0.0, 0.7058824, 0.6
TRUE, 3, 0, 0, 0, 1.0, 0.0, 0.0, 0.0, 0.5714286, 0.33333334
FALSE, 0, 0, 0, 3, 1.0, 1.0, 1.0, 0.0, 0.7058824, 0.6

AR4
TRUE, 4, 0, 1, 0, 0.8, 0.0, 0.0, 0.2, 0.5882353, 0.2857143
FALSE, 0, 1, 0, 4, 0.8, 1.0, 0.8, 0.0, 0.754717, 0.61538464
TRUE, 4, 1, 0, 0, 0.8, 0.0, 0.0, 0.0, 0.5882353, 0.2857143
FALSE, 0, 0, 1, 4, 0.8, 0.8, 1.0, 1.0, 0.754717, 0.61538464
TRUE, 3, 0, 2, 0, 0.6, 0.0, 0.0, 0.4, 0.42105263, 0.44444445
FALSE, 0, 2, 0, 3, 0.6, 1.0, 0.6, 0.0, 0.6486486, 0.54545456
TRUE, 3, 2, 0, 0, 0.6, 0.0, 0.0, 0.0, 0.53333336, 0.2857143
FALSE, 0, 0, 2, 3, 0.6, 0.6, 1.0, 1.0, 0.58536583, 0.7058824
TRUE, 4, 1, 0, 0, 0.8, 0.0, 0.0, 0.0, 0.5882353, 0.2857143
FALSE, 0, 0, 1, 4, 0.8, 0.8, 1.0, 1.0, 0.754717, 0.61538464

AR5
TRUE, 2, 0, 0, 0, 1.0, 0.0, 0.0, 0.0, 0.54545456, 0.4
FALSE, 0, 0, 0, 2, 1.0, 1.0, 1.0, 0.0, 0.6315789, 0.5714286
TRUE, 2, 0, 0, 0, 1.0, 0.0, 0.0, 0.0, 0.54545456, 0.4
FALSE, 0, 0, 0, 2, 1.0, 1.0, 1.0, 0.0, 0.6315789, 0.5714286
TRUE, 2, 0, 0, 0, 1.0, 0.0, 0.0, 0.0, 0.54545456, 0.4
FALSE, 0, 0, 0, 2, 1.0, 1.0, 1.0, 0.0, 0.6315789, 0.5714286
TRUE, 2, 0, 0, 0, 1.0, 0.0, 0.0, 0.0, 0.54545456, 0.4
FALSE, 0, 0, 0, 2, 1.0, 1.0, 1.0, 0.0, 0.6315789, 0.5714286
TRUE, 1, 1, 0, 0, 0.5, 0.0, 0.0, 0.0, 0.5, 0.5
FALSE, 0, 0, 1, 1, 0.5, 0.5, 1.0, 1.0, 0.5, 0.5

