SHARED-CM1
TRUE, 19, 1, 0, 0, 0.95, 0.0, 0.0, 0.0, 0.6451613, 0.09090909
FALSE, 0, 0, 1, 19, 0.95, 0.95, 1.0, 1.0, 0.9290953, 0.6551724
TRUE, 19, 1, 0, 0, 0.95, 0.0, 0.0, 0.0, 0.6451613, 0.09090909
FALSE, 0, 0, 1, 19, 0.95, 0.95, 1.0, 1.0, 0.9290953, 0.6551724
TRUE, 17, 3, 0, 0, 0.85, 0.0, 0.0, 0.0, 0.62068963, 0.09090909
FALSE, 0, 0, 3, 17, 0.85, 0.85, 1.0, 1.0, 0.83378744, 0.8360656
TRUE, 19, 1, 0, 0, 0.95, 0.0, 0.0, 0.0, 0.6451613, 0.09090909
FALSE, 0, 0, 1, 19, 0.95, 0.95, 1.0, 1.0, 0.9290953, 0.6551724
TRUE, 17, 1, 2, 0, 0.85, 0.0, 0.0, 0.10526316, 0.48, 0.17391305
FALSE, 0, 2, 1, 17, 0.85, 0.9444444, 0.8947368, 1.0, 0.8986784, 0.6415094

SHARED-KC1
TRUE, 65, 2, 12, 6, 0.8352941, 0.33333334, 0.75, 0.15584415, 0.47651008, 0.2580645
FALSE, 6, 12, 2, 65, 0.8352941, 0.9701493, 0.84415585, 0.25, 0.8976853, 0.38575667
TRUE, 51, 6, 18, 10, 0.7176471, 0.35714287, 0.625, 0.26086956, 0.47693512, 0.36809817
FALSE, 10, 18, 6, 51, 0.7176471, 0.8947368, 0.73913044, 0.375, 0.79646695, 0.49756098
TRUE, 50, 3, 26, 6, 0.65882355, 0.1875, 0.6666667, 0.34210527, 0.29192007, 0.45217392
FALSE, 6, 26, 3, 50, 0.65882355, 0.9433962, 0.65789473, 0.33333334, 0.7758382, 0.44247788
TRUE, 63, 3, 14, 5, 0.8, 0.2631579, 0.625, 0.18181819, 0.3960396, 0.28169015
FALSE, 5, 14, 3, 63, 0.8, 0.95454544, 0.8181818, 0.375, 0.8704663, 0.51428574
TRUE, 53, 5, 22, 5, 0.68235296, 0.18518518, 0.5, 0.29333332, 0.2913109, 0.3697479
FALSE, 5, 22, 5, 53, 0.68235296, 0.9137931, 0.70666665, 0.5, 0.7812937, 0.58563536

SHARED-KC2
TRUE, 11, 1, 4, 5, 0.7619048, 0.5555556, 0.8333333, 0.26666668, 0.64257026, 0.4040404
FALSE, 5, 4, 1, 11, 0.7619048, 0.9166667, 0.73333335, 0.16666667, 0.8321513, 0.27160493
TRUE, 11, 4, 4, 2, 0.61904764, 0.33333334, 0.33333334, 0.26666668, 0.43333334, 0.2962963
FALSE, 2, 4, 4, 11, 0.61904764, 0.73333335, 0.73333335, 0.6666667, 0.6713615, 0.6984127
TRUE, 12, 2, 4, 3, 0.71428573, 0.42857143, 0.6, 0.25, 0.53571427, 0.3529412
FALSE, 3, 4, 2, 12, 0.71428573, 0.85714287, 0.75, 0.4, 0.77922076, 0.5217391
TRUE, 13, 4, 1, 3, 0.7619048, 0.75, 0.42857143, 0.071428575, 0.7559055, 0.12244898
FALSE, 3, 1, 4, 13, 0.7619048, 0.7647059, 0.9285714, 0.5714286, 0.76330274, 0.707483
TRUE, 14, 2, 2, 3, 0.8095238, 0.6, 0.6, 0.125, 0.6891892, 0.20689656
FALSE, 3, 2, 2, 14, 0.8095238, 0.875, 0.875, 0.4, 0.8409894, 0.54901963

SHARED-KC3
TRUE, 16, 1, 1, 1, 0.8947368, 0.5, 0.5, 0.05882353, 0.6415094, 0.10526316
FALSE, 1, 1, 1, 16, 0.8947368, 0.9411765, 0.9411765, 0.5, 0.9173693, 0.6530612
TRUE, 17, 1, 1, 0, 0.8947368, 0.0, 0.0, 0.055555556, 0.64285713, 0.1
FALSE, 0, 1, 1, 17, 0.8947368, 0.9444444, 0.9444444, 1.0, 0.92168677, 0.65384614
TRUE, 15, 2, 2, 0, 0.7894737, 0.0, 0.0, 0.11764706, 0.47058824, 0.17391305
FALSE, 0, 2, 2, 15, 0.7894737, 0.88235295, 0.88235295, 1.0, 0.83916086, 0.75949365
TRUE, 16, 1, 2, 0, 0.84210527, 0.0, 0.0, 0.11111111, 0.47887325, 0.18181819
FALSE, 0, 2, 1, 16, 0.84210527, 0.9411765, 0.8888889, 1.0, 0.89326763, 0.64
TRUE, 13, 3, 3, 0, 0.68421054, 0.0, 0.0, 0.1875, 0.36842105, 0.21428572
FALSE, 0, 3, 3, 13, 0.68421054, 0.8125, 0.8125, 1.0, 0.75206614, 0.78

SHARED-MW1
TRUE, 14, 2, 0, 0, 0.875, 0.0, 0.0, 0.0, 0.625, 0.11111111
FALSE, 0, 0, 2, 14, 0.875, 0.875, 1.0, 1.0, 0.85365856, 0.7777778
TRUE, 14, 2, 0, 0, 0.875, 0.0, 0.0, 0.0, 0.625, 0.11111111
FALSE, 0, 0, 2, 14, 0.875, 0.875, 1.0, 1.0, 0.85365856, 0.7777778
TRUE, 15, 2, 0, 0, 0.88235295, 0.0, 0.0, 0.0, 0.627451, 0.10526316
FALSE, 0, 0, 2, 15, 0.88235295, 0.88235295, 1.0, 1.0, 0.8617594, 0.77922076
TRUE, 14, 3, 0, 0, 0.8235294, 0.0, 0.0, 0.0, 0.6122449, 0.10526316
FALSE, 0, 0, 3, 14, 0.8235294, 0.8235294, 1.0, 1.0, 0.80614203, 0.83168316
TRUE, 15, 2, 0, 0, 0.88235295, 0.0, 0.0, 0.0, 0.627451, 0.10526316
FALSE, 0, 0, 2, 15, 0.88235295, 0.88235295, 1.0, 1.0, 0.8617594, 0.77922076

SHARED-MC2
TRUE, 6, 0, 1, 0, 0.85714287, 0.0, 0.0, 0.14285715, 0.6086956, 0.22222222
FALSE, 0, 1, 0, 6, 0.85714287, 1.0, 0.85714287, 0.0, 0.815534, 0.6315789
TRUE, 5, 2, 0, 0, 0.71428573, 0.0, 0.0, 0.0, 0.5714286, 0.22222222
FALSE, 0, 0, 2, 5, 0.71428573, 0.71428573, 1.0, 1.0, 0.6896552, 0.7407407
TRUE, 4, 2, 1, 0, 0.5714286, 0.0, 0.0, 0.2, 0.5555556, 0.25
FALSE, 0, 1, 2, 4, 0.5714286, 0.6666667, 0.8, 1.0, 0.6451613, 0.72727275
TRUE, 4, 0, 2, 1, 0.71428573, 0.33333334, 1.0, 0.33333334, 0.4347826, 0.4
FALSE, 1, 2, 0, 4, 0.71428573, 1.0, 0.6666667, 0.0, 0.7017544, 0.5714286
TRUE, 5, 1, 1, 0, 0.71428573, 0.0, 0.0, 0.16666667, 0.6, 0.25
FALSE, 0, 1, 1, 5, 0.71428573, 0.8333333, 0.8333333, 1.0, 0.7894737, 0.625

SHARED-PC1
TRUE, 42, 2, 1, 0, 0.93333334, 0.0, 0.0, 0.023255814, 0.6515151, 0.04347826
FALSE, 0, 1, 2, 42, 0.93333334, 0.95454544, 0.9767442, 1.0, 0.94456065, 0.7924528
TRUE, 39, 4, 2, 0, 0.8666667, 0.0, 0.0, 0.048780486, 0.48192772, 0.078431375
FALSE, 0, 2, 4, 39, 0.8666667, 0.90697676, 0.9512195, 1.0, 0.88787705, 0.8690808
TRUE, 40, 3, 2, 0, 0.8888889, 0.0, 0.0, 0.04761905, 0.4852071, 0.08
FALSE, 0, 2, 3, 40, 0.8888889, 0.9302326, 0.95238096, 1.0, 0.91035247, 0.83916086
TRUE, 39, 1, 5, 0, 0.8666667, 0.0, 0.0, 0.11363637, 0.27972028, 0.18518518
FALSE, 0, 5, 1, 39, 0.8666667, 0.975, 0.8863636, 1.0, 0.9192693, 0.6393443
TRUE, 39, 2, 4, 0, 0.8666667, 0.0, 0.0, 0.093023255, 0.32520324, 0.14545454
FALSE, 0, 4, 2, 39, 0.8666667, 0.9512195, 0.90697676, 1.0, 0.90856147, 0.7684729

AR3
TRUE, 2, 1, 0, 0, 0.6666667, 0.0, 0.0, 0.0, 0.54545456, 0.4
FALSE, 0, 0, 1, 2, 0.6666667, 0.6666667, 1.0, 1.0, 0.6315789, 0.5714286
TRUE, 3, 0, 0, 0, 1.0, 0.0, 0.0, 0.0, 0.5714286, 0.33333334
FALSE, 0, 0, 0, 3, 1.0, 1.0, 1.0, 0.0, 0.7058824, 0.6
TRUE, 3, 0, 0, 0, 1.0, 0.0, 0.0, 0.0, 0.5714286, 0.33333334
FALSE, 0, 0, 0, 3, 1.0, 1.0, 1.0, 0.0, 0.7058824, 0.6
TRUE, 3, 0, 0, 0, 1.0, 0.0, 0.0, 0.0, 0.5714286, 0.33333334
FALSE, 0, 0, 0, 3, 1.0, 1.0, 1.0, 0.0, 0.7058824, 0.6
TRUE, 2, 1, 0, 0, 0.6666667, 0.0, 0.0, 0.0, 0.54545456, 0.4
FALSE, 0, 0, 1, 2, 0.6666667, 0.6666667, 1.0, 1.0, 0.6315789, 0.5714286

AR4
TRUE, 3, 2, 0, 0, 0.6, 0.0, 0.0, 0.0, 0.53333336, 0.2857143
FALSE, 0, 0, 2, 3, 0.6, 0.6, 1.0, 1.0, 0.58536583, 0.7058824
TRUE, 4, 1, 0, 0, 0.8, 0.0, 0.0, 0.0, 0.5882353, 0.2857143
FALSE, 0, 0, 1, 4, 0.8, 0.8, 1.0, 1.0, 0.754717, 0.61538464
TRUE, 4, 1, 0, 0, 0.8, 0.0, 0.0, 0.0, 0.5882353, 0.2857143
FALSE, 0, 0, 1, 4, 0.8, 0.8, 1.0, 1.0, 0.754717, 0.61538464
TRUE, 3, 2, 0, 0, 0.6, 0.0, 0.0, 0.0, 0.53333336, 0.2857143
FALSE, 0, 0, 2, 3, 0.6, 0.6, 1.0, 1.0, 0.58536583, 0.7058824
TRUE, 3, 2, 0, 0, 0.6, 0.0, 0.0, 0.0, 0.53333336, 0.2857143
FALSE, 0, 0, 2, 3, 0.6, 0.6, 1.0, 1.0, 0.58536583, 0.7058824

AR5
TRUE, 2, 0, 0, 0, 1.0, 0.0, 0.0, 0.0, 0.54545456, 0.4
FALSE, 0, 0, 0, 2, 1.0, 1.0, 1.0, 0.0, 0.6315789, 0.5714286
TRUE, 1, 1, 0, 0, 0.5, 0.0, 0.0, 0.0, 0.5, 0.5
FALSE, 0, 0, 1, 1, 0.5, 0.5, 1.0, 1.0, 0.5, 0.5
TRUE, 2, 0, 0, 0, 1.0, 0.0, 0.0, 0.0, 0.54545456, 0.4
FALSE, 0, 0, 0, 2, 1.0, 1.0, 1.0, 0.0, 0.6315789, 0.5714286
TRUE, 1, 1, 0, 0, 0.5, 0.0, 0.0, 0.0, 0.5, 0.5
FALSE, 0, 0, 1, 1, 0.5, 0.5, 1.0, 1.0, 0.5, 0.5
TRUE, 1, 1, 0, 0, 0.5, 0.0, 0.0, 0.0, 0.5, 0.5
FALSE, 0, 0, 1, 1, 0.5, 0.5, 1.0, 1.0, 0.5, 0.5

