SHARED-CM1
TRUE, 20, 0, 0, 0, 1.0, 0.0, 0.0, 0.0, 0.64615387, 0.08695652
FALSE, 0, 0, 0, 20, 1.0, 1.0, 1.0, 0.0, 0.93229747, 0.6557377
TRUE, 15, 5, 0, 0, 0.75, 0.0, 0.0, 0.0, 0.5925926, 0.09090909
FALSE, 0, 0, 5, 15, 0.75, 0.75, 1.0, 1.0, 0.73846155, 0.88235295
TRUE, 16, 4, 0, 0, 0.8, 0.0, 0.0, 0.0, 0.60714287, 0.09090909
FALSE, 0, 0, 4, 16, 0.8, 0.8, 1.0, 1.0, 0.78612715, 0.8648649
TRUE, 17, 3, 0, 0, 0.85, 0.0, 0.0, 0.0, 0.62068963, 0.09090909
FALSE, 0, 0, 3, 17, 0.85, 0.85, 1.0, 1.0, 0.83378744, 0.8360656
TRUE, 20, 0, 0, 0, 1.0, 0.0, 0.0, 0.0, 0.64615387, 0.08695652
FALSE, 0, 0, 0, 20, 1.0, 1.0, 1.0, 0.0, 0.93229747, 0.6557377

SHARED-KC1
TRUE, 72, 0, 0, 13, 1.0, 1.0, 1.0, 0.0, 0.9521758, 0.026998961
FALSE, 13, 0, 0, 72, 1.0, 1.0, 1.0, 0.0, 0.98163444, 0.13320999
TRUE, 72, 0, 0, 13, 1.0, 1.0, 1.0, 0.0, 0.9521758, 0.026998961
FALSE, 13, 0, 0, 72, 1.0, 1.0, 1.0, 0.0, 0.98163444, 0.13320999
TRUE, 69, 0, 0, 16, 1.0, 1.0, 1.0, 0.0, 0.95875925, 0.028144239
FALSE, 16, 0, 0, 69, 1.0, 1.0, 1.0, 0.0, 0.98134357, 0.11102172
TRUE, 73, 0, 0, 12, 1.0, 1.0, 1.0, 0.0, 0.9492787, 0.02663707
FALSE, 12, 0, 0, 73, 1.0, 1.0, 1.0, 0.0, 0.9817261, 0.1427175
TRUE, 75, 1, 0, 9, 0.9882353, 1.0, 0.9, 0.0, 0.936803, 0.0259366
FALSE, 9, 0, 1, 75, 0.9882353, 0.9868421, 1.0, 0.1, 0.9817672, 0.18159807

SHARED-KC2
TRUE, 16, 3, 1, 1, 0.8095238, 0.5, 0.25, 0.05882353, 0.6181818, 0.0952381
FALSE, 1, 1, 3, 16, 0.8095238, 0.84210527, 0.9411765, 0.75, 0.82549316, 0.8347826
TRUE, 17, 2, 1, 1, 0.85714287, 0.5, 0.33333334, 0.055555556, 0.6315789, 0.0952381
FALSE, 1, 1, 2, 17, 0.85714287, 0.8947368, 0.9444444, 0.6666667, 0.8755365, 0.7816092
TRUE, 14, 5, 0, 2, 0.7619048, 1.0, 0.2857143, 0.0, 0.6956522, 0.10810811
FALSE, 2, 0, 5, 14, 0.7619048, 0.7368421, 1.0, 0.71428573, 0.73202616, 0.80924857
TRUE, 16, 2, 0, 3, 0.9047619, 1.0, 0.6, 0.0, 0.8028169, 0.10714286
FALSE, 3, 0, 2, 16, 0.9047619, 0.8888889, 1.0, 0.4, 0.8760807, 0.5614035
TRUE, 16, 2, 2, 1, 0.8095238, 0.33333334, 0.33333334, 0.11111111, 0.4722222, 0.16666667
FALSE, 1, 2, 2, 16, 0.8095238, 0.8888889, 0.8888889, 0.6666667, 0.847352, 0.7619048

SHARED-KC3
TRUE, 18, 1, 0, 0, 0.94736844, 0.0, 0.0, 0.0, 0.6440678, 0.0952381
FALSE, 0, 0, 1, 18, 0.94736844, 0.94736844, 1.0, 1.0, 0.9255751, 0.6545454
TRUE, 17, 1, 0, 1, 0.94736844, 1.0, 0.5, 0.0, 0.64285713, 0.1
FALSE, 1, 0, 1, 17, 0.94736844, 0.9444444, 1.0, 0.5, 0.92168677, 0.65384614
TRUE, 17, 2, 0, 0, 0.8947368, 0.0, 0.0, 0.0, 0.6315789, 0.0952381
FALSE, 0, 0, 2, 17, 0.8947368, 0.8947368, 1.0, 1.0, 0.8755365, 0.7816092
TRUE, 17, 2, 0, 0, 0.8947368, 0.0, 0.0, 0.0, 0.6315789, 0.0952381
FALSE, 0, 0, 2, 17, 0.8947368, 0.8947368, 1.0, 1.0, 0.8755365, 0.7816092
TRUE, 18, 1, 0, 0, 0.94736844, 0.0, 0.0, 0.0, 0.6440678, 0.0952381
FALSE, 0, 0, 1, 18, 0.94736844, 0.94736844, 1.0, 1.0, 0.9255751, 0.6545454

SHARED-MW1
TRUE, 14, 2, 0, 0, 0.875, 0.0, 0.0, 0.0, 0.625, 0.11111111
FALSE, 0, 0, 2, 14, 0.875, 0.875, 1.0, 1.0, 0.85365856, 0.7777778
TRUE, 15, 1, 0, 0, 0.9375, 0.0, 0.0, 0.0, 0.64, 0.11111111
FALSE, 0, 0, 1, 15, 0.9375, 0.9375, 1.0, 1.0, 0.9125475, 0.65217394
TRUE, 15, 2, 0, 0, 0.88235295, 0.0, 0.0, 0.0, 0.627451, 0.10526316
FALSE, 0, 0, 2, 15, 0.88235295, 0.88235295, 1.0, 1.0, 0.8617594, 0.77922076
TRUE, 17, 0, 0, 0, 1.0, 0.0, 0.0, 0.0, 0.64285713, 0.1
FALSE, 0, 0, 0, 17, 1.0, 1.0, 1.0, 0.0, 0.92168677, 0.65384614
TRUE, 16, 1, 0, 0, 0.9411765, 0.0, 0.0, 0.0, 0.6415094, 0.10526316
FALSE, 0, 0, 1, 16, 0.9411765, 0.9411765, 1.0, 1.0, 0.9173693, 0.6530612

SHARED-MC2
TRUE, 4, 0, 1, 2, 0.85714287, 0.6666667, 1.0, 0.2, 0.7058824, 0.30769232
FALSE, 2, 1, 0, 4, 0.85714287, 1.0, 0.8, 0.0, 0.7741935, 0.47058824
TRUE, 5, 2, 0, 0, 0.71428573, 0.0, 0.0, 0.0, 0.5714286, 0.22222222
FALSE, 0, 0, 2, 5, 0.71428573, 0.71428573, 1.0, 1.0, 0.6896552, 0.7407407
TRUE, 4, 2, 1, 0, 0.5714286, 0.0, 0.0, 0.2, 0.5555556, 0.25
FALSE, 0, 1, 2, 4, 0.5714286, 0.6666667, 0.8, 1.0, 0.6451613, 0.72727275
TRUE, 3, 4, 0, 0, 0.42857143, 0.0, 0.0, 0.0, 0.47058824, 0.22222222
FALSE, 0, 0, 4, 3, 0.42857143, 0.42857143, 1.0, 1.0, 0.43636364, 0.7741935
TRUE, 5, 1, 1, 0, 0.71428573, 0.0, 0.0, 0.16666667, 0.6, 0.25
FALSE, 0, 1, 1, 5, 0.71428573, 0.8333333, 0.8333333, 1.0, 0.7894737, 0.625

SHARED-PC1
TRUE, 41, 4, 0, 0, 0.9111111, 0.0, 0.0, 0.0, 0.64122134, 0.04255319
FALSE, 0, 0, 4, 41, 0.9111111, 0.9111111, 1.0, 1.0, 0.90227926, 0.87935656
TRUE, 41, 3, 0, 1, 0.93333334, 1.0, 0.25, 0.0, 0.64615387, 0.04347826
FALSE, 1, 0, 3, 41, 0.93333334, 0.9318182, 1.0, 0.75, 0.9223353, 0.84827584
TRUE, 40, 4, 1, 0, 0.8888889, 0.0, 0.0, 0.024390243, 0.640625, 0.04347826
FALSE, 0, 1, 4, 40, 0.8888889, 0.90909094, 0.9756098, 1.0, 0.90010977, 0.8791209
TRUE, 42, 2, 1, 0, 0.93333334, 0.0, 0.0, 0.023255814, 0.6515151, 0.04347826
FALSE, 0, 1, 2, 42, 0.93333334, 0.95454544, 0.9767442, 1.0, 0.94456065, 0.7924528
TRUE, 41, 4, 0, 0, 0.9111111, 0.0, 0.0, 0.0, 0.64122134, 0.04255319
FALSE, 0, 0, 4, 41, 0.9111111, 0.9111111, 1.0, 1.0, 0.90227926, 0.87935656

AR3
TRUE, 3, 0, 0, 0, 1.0, 0.0, 0.0, 0.0, 0.5714286, 0.33333334
FALSE, 0, 0, 0, 3, 1.0, 1.0, 1.0, 0.0, 0.7058824, 0.6
TRUE, 3, 0, 0, 0, 1.0, 0.0, 0.0, 0.0, 0.5714286, 0.33333334
FALSE, 0, 0, 0, 3, 1.0, 1.0, 1.0, 0.0, 0.7058824, 0.6
TRUE, 3, 0, 0, 0, 1.0, 0.0, 0.0, 0.0, 0.5714286, 0.33333334
FALSE, 0, 0, 0, 3, 1.0, 1.0, 1.0, 0.0, 0.7058824, 0.6
TRUE, 3, 0, 0, 0, 1.0, 0.0, 0.0, 0.0, 0.5714286, 0.33333334
FALSE, 0, 0, 0, 3, 1.0, 1.0, 1.0, 0.0, 0.7058824, 0.6
TRUE, 3, 0, 0, 0, 1.0, 0.0, 0.0, 0.0, 0.5714286, 0.33333334
FALSE, 0, 0, 0, 3, 1.0, 1.0, 1.0, 0.0, 0.7058824, 0.6

AR4
TRUE, 4, 1, 0, 0, 0.8, 0.0, 0.0, 0.0, 0.5882353, 0.2857143
FALSE, 0, 0, 1, 4, 0.8, 0.8, 1.0, 1.0, 0.754717, 0.61538464
TRUE, 3, 2, 0, 0, 0.6, 0.0, 0.0, 0.0, 0.53333336, 0.2857143
FALSE, 0, 0, 2, 3, 0.6, 0.6, 1.0, 1.0, 0.58536583, 0.7058824
TRUE, 3, 2, 0, 0, 0.6, 0.0, 0.0, 0.0, 0.53333336, 0.2857143
FALSE, 0, 0, 2, 3, 0.6, 0.6, 1.0, 1.0, 0.58536583, 0.7058824
TRUE, 4, 1, 0, 0, 0.8, 0.0, 0.0, 0.0, 0.5882353, 0.2857143
FALSE, 0, 0, 1, 4, 0.8, 0.8, 1.0, 1.0, 0.754717, 0.61538464
TRUE, 4, 1, 0, 0, 0.8, 0.0, 0.0, 0.0, 0.5882353, 0.2857143
FALSE, 0, 0, 1, 4, 0.8, 0.8, 1.0, 1.0, 0.754717, 0.61538464

AR5
TRUE, 2, 0, 0, 0, 1.0, 0.0, 0.0, 0.0, 0.54545456, 0.4
FALSE, 0, 0, 0, 2, 1.0, 1.0, 1.0, 0.0, 0.6315789, 0.5714286
TRUE, 1, 0, 1, 0, 0.5, 0.0, 0.0, 0.5, 0.5, 0.5
FALSE, 0, 1, 0, 1, 0.5, 1.0, 0.5, 0.0, 0.5, 0.5
TRUE, 2, 0, 0, 0, 1.0, 0.0, 0.0, 0.0, 0.54545456, 0.4
FALSE, 0, 0, 0, 2, 1.0, 1.0, 1.0, 0.0, 0.6315789, 0.5714286
TRUE, 2, 0, 0, 0, 1.0, 0.0, 0.0, 0.0, 0.54545456, 0.4
FALSE, 0, 0, 0, 2, 1.0, 1.0, 1.0, 0.0, 0.6315789, 0.5714286
TRUE, 1, 1, 0, 0, 0.5, 0.0, 0.0, 0.0, 0.5, 0.5
FALSE, 0, 0, 1, 1, 0.5, 0.5, 1.0, 1.0, 0.5, 0.5

