SHARED-CM1
TRUE, 18, 0, 2, 0, 0.9, 0.0, 0.0, 0.1, 0.48101267, 0.16666667
FALSE, 0, 2, 0, 18, 0.9, 1.0, 0.9, 0.0, 0.9035667, 0.64285713
TRUE, 20, 0, 0, 0, 1.0, 0.0, 0.0, 0.0, 0.64615387, 0.08695652
FALSE, 0, 0, 0, 20, 1.0, 1.0, 1.0, 0.0, 0.93229747, 0.6557377
TRUE, 18, 1, 1, 0, 0.9, 0.0, 0.0, 0.05263158, 0.6440678, 0.0952381
FALSE, 0, 1, 1, 18, 0.9, 0.94736844, 0.94736844, 1.0, 0.9255751, 0.6545454
TRUE, 18, 1, 1, 0, 0.9, 0.0, 0.0, 0.05263158, 0.6440678, 0.0952381
FALSE, 0, 1, 1, 18, 0.9, 0.94736844, 0.94736844, 1.0, 0.9255751, 0.6545454
TRUE, 17, 3, 0, 0, 0.85, 0.0, 0.0, 0.0, 0.62068963, 0.09090909
FALSE, 0, 0, 3, 17, 0.85, 0.85, 1.0, 1.0, 0.83378744, 0.8360656

SHARED-KC1
TRUE, 51, 4, 21, 9, 0.7058824, 0.3, 0.6923077, 0.29166666, 0.42105263, 0.41042346
FALSE, 9, 21, 4, 51, 0.7058824, 0.92727274, 0.7083333, 0.30769232, 0.8015717, 0.42902207
TRUE, 59, 3, 16, 7, 0.7764706, 0.3043478, 0.7, 0.21333334, 0.43729296, 0.3270073
FALSE, 7, 16, 3, 59, 0.7764706, 0.9516129, 0.7866667, 0.3, 0.8551664, 0.43435583
TRUE, 44, 4, 27, 10, 0.63529414, 0.27027026, 0.71428573, 0.3802817, 0.37921348, 0.49632353
FALSE, 10, 27, 4, 44, 0.63529414, 0.9166667, 0.6197183, 0.2857143, 0.7504738, 0.3911111
TRUE, 44, 5, 24, 12, 0.65882355, 0.33333334, 0.7058824, 0.3529412, 0.44268775, 0.47058824
FALSE, 12, 24, 5, 44, 0.65882355, 0.8979592, 0.64705884, 0.29411766, 0.76002467, 0.40441176
TRUE, 47, 5, 21, 12, 0.69411767, 0.36363637, 0.7058824, 0.30882353, 0.47724974, 0.42966753
FALSE, 12, 21, 5, 47, 0.69411767, 0.90384614, 0.6911765, 0.29411766, 0.7852188, 0.41264266

SHARED-KC2
TRUE, 14, 2, 4, 1, 0.71428573, 0.2, 0.33333334, 0.22222222, 0.3125, 0.26666668
FALSE, 1, 4, 2, 14, 0.71428573, 0.875, 0.7777778, 0.6666667, 0.78651685, 0.71794873
TRUE, 13, 1, 4, 3, 0.7619048, 0.42857143, 0.75, 0.23529412, 0.5485714, 0.35820895
FALSE, 3, 4, 1, 13, 0.7619048, 0.9285714, 0.7647059, 0.25, 0.8370221, 0.3768116
TRUE, 15, 3, 0, 3, 0.85714287, 1.0, 0.5, 0.0, 0.7826087, 0.11111111
FALSE, 3, 0, 3, 15, 0.85714287, 0.8333333, 1.0, 0.5, 0.82568806, 0.65217394
TRUE, 14, 0, 5, 2, 0.7619048, 0.2857143, 1.0, 0.2631579, 0.41025642, 0.3773585
FALSE, 2, 5, 0, 14, 0.7619048, 1.0, 0.7368421, 0.0, 0.81751823, 0.45901638
TRUE, 11, 4, 3, 3, 0.6666667, 0.5, 0.42857143, 0.21428572, 0.5714286, 0.2857143
FALSE, 3, 3, 4, 11, 0.6666667, 0.73333335, 0.78571427, 0.5714286, 0.6984127, 0.6616541

SHARED-KC3
TRUE, 18, 1, 0, 0, 0.94736844, 0.0, 0.0, 0.0, 0.6440678, 0.0952381
FALSE, 0, 0, 1, 18, 0.94736844, 0.94736844, 1.0, 1.0, 0.9255751, 0.6545454
TRUE, 15, 2, 1, 1, 0.84210527, 0.5, 0.33333334, 0.0625, 0.627451, 0.10526316
FALSE, 1, 1, 2, 15, 0.84210527, 0.88235295, 0.9375, 0.6666667, 0.8617594, 0.77922076
TRUE, 17, 0, 2, 0, 0.8947368, 0.0, 0.0, 0.10526316, 0.48, 0.17391305
FALSE, 0, 2, 0, 17, 0.8947368, 1.0, 0.8947368, 0.0, 0.8986784, 0.6415094
TRUE, 15, 4, 0, 0, 0.7894737, 0.0, 0.0, 0.0, 0.6037736, 0.0952381
FALSE, 0, 0, 4, 15, 0.7894737, 0.7894737, 1.0, 1.0, 0.77544427, 0.8633093
TRUE, 18, 0, 0, 1, 1.0, 1.0, 1.0, 0.0, 0.6440678, 0.0952381
FALSE, 1, 0, 0, 18, 1.0, 1.0, 1.0, 0.0, 0.9255751, 0.6545454

SHARED-MW1
TRUE, 14, 2, 0, 0, 0.875, 0.0, 0.0, 0.0, 0.625, 0.11111111
FALSE, 0, 0, 2, 14, 0.875, 0.875, 1.0, 1.0, 0.85365856, 0.7777778
TRUE, 16, 0, 0, 0, 1.0, 0.0, 0.0, 0.0, 0.6415094, 0.10526316
FALSE, 0, 0, 0, 16, 1.0, 1.0, 1.0, 0.0, 0.9173693, 0.6530612
TRUE, 14, 1, 2, 0, 0.8235294, 0.0, 0.0, 0.125, 0.47619048, 0.2
FALSE, 0, 2, 1, 14, 0.8235294, 0.93333334, 0.875, 1.0, 0.8805031, 0.6363636
TRUE, 17, 0, 0, 0, 1.0, 0.0, 0.0, 0.0, 0.64285713, 0.1
FALSE, 0, 0, 0, 17, 1.0, 1.0, 1.0, 0.0, 0.92168677, 0.65384614
TRUE, 16, 1, 0, 0, 0.9411765, 0.0, 0.0, 0.0, 0.6415094, 0.10526316
FALSE, 0, 0, 1, 16, 0.9411765, 0.9411765, 1.0, 1.0, 0.9173693, 0.6530612

SHARED-MC2
TRUE, 4, 2, 0, 1, 0.71428573, 1.0, 0.33333334, 0.0, 0.5555556, 0.25
FALSE, 1, 0, 2, 4, 0.71428573, 0.6666667, 1.0, 0.6666667, 0.6451613, 0.72727275
TRUE, 5, 0, 1, 1, 0.85714287, 0.5, 1.0, 0.16666667, 0.6, 0.25
FALSE, 1, 1, 0, 5, 0.85714287, 1.0, 0.8333333, 0.0, 0.7894737, 0.625
TRUE, 3, 1, 2, 1, 0.5714286, 0.33333334, 0.5, 0.4, 0.42105263, 0.44444445
FALSE, 1, 2, 1, 3, 0.5714286, 0.75, 0.6, 0.5, 0.6486486, 0.54545456
TRUE, 4, 2, 1, 0, 0.5714286, 0.0, 0.0, 0.2, 0.5555556, 0.25
FALSE, 0, 1, 2, 4, 0.5714286, 0.6666667, 0.8, 1.0, 0.6451613, 0.72727275
TRUE, 5, 1, 0, 1, 0.85714287, 1.0, 0.5, 0.0, 0.6, 0.25
FALSE, 1, 0, 1, 5, 0.85714287, 0.8333333, 1.0, 0.5, 0.7894737, 0.625

SHARED-PC1
TRUE, 43, 2, 0, 0, 0.95555556, 0.0, 0.0, 0.0, 0.65185183, 0.04255319
FALSE, 0, 0, 2, 43, 0.95555556, 0.95555556, 1.0, 1.0, 0.9457636, 0.79262674
TRUE, 41, 2, 2, 0, 0.9111111, 0.0, 0.0, 0.046511628, 0.4883721, 0.08163265
FALSE, 0, 2, 2, 41, 0.9111111, 0.95348835, 0.95348835, 1.0, 0.9328277, 0.784689
TRUE, 42, 3, 0, 0, 0.93333334, 0.0, 0.0, 0.0, 0.6466165, 0.04255319
FALSE, 0, 0, 3, 42, 0.93333334, 0.93333334, 1.0, 1.0, 0.9240215, 0.8484849
TRUE, 40, 1, 4, 0, 0.8888889, 0.0, 0.0, 0.09090909, 0.32669324, 0.15384616
FALSE, 0, 4, 1, 40, 0.8888889, 0.9756098, 0.90909094, 1.0, 0.93155354, 0.6451613
TRUE, 41, 4, 0, 0, 0.9111111, 0.0, 0.0, 0.0, 0.64122134, 0.04255319
FALSE, 0, 0, 4, 41, 0.9111111, 0.9111111, 1.0, 1.0, 0.90227926, 0.87935656

AR3
TRUE, 3, 0, 0, 0, 1.0, 0.0, 0.0, 0.0, 0.5714286, 0.33333334
FALSE, 0, 0, 0, 3, 1.0, 1.0, 1.0, 0.0, 0.7058824, 0.6
TRUE, 3, 0, 0, 0, 1.0, 0.0, 0.0, 0.0, 0.5714286, 0.33333334
FALSE, 0, 0, 0, 3, 1.0, 1.0, 1.0, 0.0, 0.7058824, 0.6
TRUE, 3, 0, 0, 0, 1.0, 0.0, 0.0, 0.0, 0.5714286, 0.33333334
FALSE, 0, 0, 0, 3, 1.0, 1.0, 1.0, 0.0, 0.7058824, 0.6
TRUE, 3, 0, 0, 0, 1.0, 0.0, 0.0, 0.0, 0.5714286, 0.33333334
FALSE, 0, 0, 0, 3, 1.0, 1.0, 1.0, 0.0, 0.7058824, 0.6
TRUE, 2, 1, 0, 0, 0.6666667, 0.0, 0.0, 0.0, 0.54545456, 0.4
FALSE, 0, 0, 1, 2, 0.6666667, 0.6666667, 1.0, 1.0, 0.6315789, 0.5714286

AR4
TRUE, 4, 1, 0, 0, 0.8, 0.0, 0.0, 0.0, 0.5882353, 0.2857143
FALSE, 0, 0, 1, 4, 0.8, 0.8, 1.0, 1.0, 0.754717, 0.61538464
TRUE, 5, 0, 0, 0, 1.0, 0.0, 0.0, 0.0, 0.6, 0.25
FALSE, 0, 0, 0, 5, 1.0, 1.0, 1.0, 0.0, 0.7894737, 0.625
TRUE, 2, 0, 3, 0, 0.4, 0.0, 0.0, 0.6, 0.31578946, 0.54545456
FALSE, 0, 3, 0, 2, 0.4, 1.0, 0.4, 0.0, 0.5217391, 0.44444445
TRUE, 4, 1, 0, 0, 0.8, 0.0, 0.0, 0.0, 0.5882353, 0.2857143
FALSE, 0, 0, 1, 4, 0.8, 0.8, 1.0, 1.0, 0.754717, 0.61538464
TRUE, 5, 0, 0, 0, 1.0, 0.0, 0.0, 0.0, 0.6, 0.25
FALSE, 0, 0, 0, 5, 1.0, 1.0, 1.0, 0.0, 0.7894737, 0.625

AR5
TRUE, 2, 0, 0, 0, 1.0, 0.0, 0.0, 0.0, 0.54545456, 0.4
FALSE, 0, 0, 0, 2, 1.0, 1.0, 1.0, 0.0, 0.6315789, 0.5714286
TRUE, 2, 0, 0, 0, 1.0, 0.0, 0.0, 0.0, 0.54545456, 0.4
FALSE, 0, 0, 0, 2, 1.0, 1.0, 1.0, 0.0, 0.6315789, 0.5714286
TRUE, 2, 0, 0, 0, 1.0, 0.0, 0.0, 0.0, 0.54545456, 0.4
FALSE, 0, 0, 0, 2, 1.0, 1.0, 1.0, 0.0, 0.6315789, 0.5714286
TRUE, 2, 0, 0, 0, 1.0, 0.0, 0.0, 0.0, 0.54545456, 0.4
FALSE, 0, 0, 0, 2, 1.0, 1.0, 1.0, 0.0, 0.6315789, 0.5714286
TRUE, 1, 1, 0, 0, 0.5, 0.0, 0.0, 0.0, 0.5, 0.5
FALSE, 0, 0, 1, 1, 0.5, 0.5, 1.0, 1.0, 0.5, 0.5

