SHARED-CM1
TRUE, 1, 0, 19, 0, 0.05, 0.0, 0.0, 0.95, 0.06451613, 0.6551724
FALSE, 0, 19, 0, 1, 0.05, 1.0, 0.05, 0.0, 0.15384616, 0.09090909
TRUE, 3, 0, 14, 3, 0.3, 0.1764706, 1.0, 0.8235294, 0.21818182, 0.78504676
FALSE, 3, 14, 0, 3, 0.3, 1.0, 0.1764706, 0.0, 0.41379312, 0.20689656
TRUE, 14, 0, 5, 1, 0.75, 0.16666667, 1.0, 0.2631579, 0.27027026, 0.3448276
FALSE, 1, 5, 0, 14, 0.75, 1.0, 0.7368421, 0.0, 0.80924857, 0.59574467
TRUE, 3, 0, 16, 1, 0.2, 0.05882353, 1.0, 0.84210527, 0.08988764, 0.627451
FALSE, 1, 16, 0, 3, 0.2, 1.0, 0.15789473, 0.0, 0.30379745, 0.24
TRUE, 5, 0, 11, 4, 0.45, 0.26666668, 1.0, 0.6875, 0.32876712, 0.7394958
FALSE, 4, 11, 0, 5, 0.45, 1.0, 0.3125, 0.0, 0.5660377, 0.24390244

SHARED-KC1
TRUE, 23, 3, 43, 16, 0.45882353, 0.27118644, 0.84210527, 0.6515151, 0.34089047, 0.7346503
FALSE, 16, 43, 3, 23, 0.45882353, 0.88461536, 0.34848484, 0.15789473, 0.6042439, 0.21732284
TRUE, 39, 1, 31, 14, 0.62352943, 0.31111112, 0.93333334, 0.44285715, 0.4151049, 0.60069203
FALSE, 14, 31, 1, 39, 0.62352943, 0.975, 0.55714285, 0.06666667, 0.7606256, 0.11908397
TRUE, 37, 0, 34, 14, 0.6, 0.29166666, 1.0, 0.47887325, 0.39101863, 0.63297874
FALSE, 14, 34, 0, 37, 0.6, 1.0, 0.52112675, 0.0, 0.73710936, 0.11821086
TRUE, 43, 0, 34, 8, 0.6, 0.1904762, 1.0, 0.44155845, 0.28833923, 0.59002167
FALSE, 8, 34, 0, 43, 0.6, 1.0, 0.5584416, 0.0, 0.7381353, 0.18534483
TRUE, 31, 1, 38, 15, 0.5411765, 0.28301886, 0.9375, 0.5507246, 0.37166712, 0.6938527
FALSE, 15, 38, 1, 31, 0.5411765, 0.96875, 0.44927537, 0.0625, 0.69442415, 0.10973451

SHARED-KC2
TRUE, 6, 0, 9, 6, 0.5714286, 0.4, 1.0, 0.6, 0.46153846, 0.7058824
FALSE, 6, 9, 0, 6, 0.5714286, 1.0, 0.4, 0.0, 0.6666667, 0.21052632
TRUE, 1, 0, 15, 5, 0.2857143, 0.25, 1.0, 0.9375, 0.26086956, 0.88235295
FALSE, 5, 15, 0, 1, 0.2857143, 1.0, 0.0625, 0.0, 0.3529412, 0.09090909
TRUE, 3, 0, 16, 2, 0.23809524, 0.11111111, 1.0, 0.84210527, 0.14925373, 0.74418604
FALSE, 2, 16, 0, 3, 0.23809524, 1.0, 0.15789473, 0.0, 0.3488372, 0.21428572
TRUE, 8, 4, 7, 2, 0.47619048, 0.22222222, 0.33333334, 0.46666667, 0.3030303, 0.3888889
FALSE, 2, 7, 4, 8, 0.47619048, 0.6666667, 0.53333336, 0.6666667, 0.5555556, 0.5925926
TRUE, 9, 0, 9, 3, 0.5714286, 0.25, 1.0, 0.5, 0.34285715, 0.6
FALSE, 3, 9, 0, 9, 0.5714286, 1.0, 0.5, 0.0, 0.6792453, 0.33333334

SHARED-KC3
TRUE, 5, 0, 12, 2, 0.36842105, 0.14285715, 1.0, 0.7058824, 0.20289855, 0.6857143
FALSE, 2, 12, 0, 5, 0.36842105, 1.0, 0.29411766, 0.0, 0.49295774, 0.3125
TRUE, 3, 0, 15, 1, 0.21052632, 0.0625, 1.0, 0.8333333, 0.0952381, 0.625
FALSE, 1, 15, 0, 3, 0.21052632, 1.0, 0.16666667, 0.0, 0.31578946, 0.25
TRUE, 4, 0, 14, 1, 0.2631579, 0.06666667, 1.0, 0.7777778, 0.10526316, 0.6086956
FALSE, 1, 14, 0, 4, 0.2631579, 1.0, 0.22222222, 0.0, 0.3809524, 0.30769232
TRUE, 5, 0, 12, 2, 0.36842105, 0.14285715, 1.0, 0.7058824, 0.20289855, 0.6857143
FALSE, 2, 12, 0, 5, 0.36842105, 1.0, 0.29411766, 0.0, 0.49295774, 0.3125
TRUE, 5, 1, 11, 2, 0.36842105, 0.15384616, 0.6666667, 0.6875, 0.21705426, 0.6769231
FALSE, 2, 11, 1, 5, 0.36842105, 0.8333333, 0.3125, 0.33333334, 0.5109489, 0.32258064

SHARED-MW1
TRUE, 3, 0, 11, 2, 0.3125, 0.15384616, 1.0, 0.78571427, 0.2020202, 0.72131145
FALSE, 2, 11, 0, 3, 0.3125, 1.0, 0.21428572, 0.0, 0.4225352, 0.26086956
TRUE, 6, 0, 10, 0, 0.375, 0.0, 0.0, 0.625, 0.14736842, 0.5555556
FALSE, 0, 10, 0, 6, 0.375, 1.0, 0.375, 0.0, 0.53503186, 0.42857143
TRUE, 9, 0, 8, 0, 0.5294118, 0.0, 0.0, 0.47058824, 0.18348624, 0.4848485
FALSE, 0, 8, 0, 9, 0.5294118, 1.0, 0.5294118, 0.0, 0.6642066, 0.51428574
TRUE, 4, 0, 12, 1, 0.29411766, 0.07692308, 1.0, 0.75, 0.12048193, 0.6
FALSE, 1, 12, 0, 4, 0.29411766, 1.0, 0.25, 0.0, 0.41237113, 0.33333334
TRUE, 8, 1, 7, 1, 0.5294118, 0.125, 0.5, 0.46666667, 0.20224719, 0.4827586
FALSE, 1, 7, 1, 8, 0.5294118, 0.8888889, 0.53333336, 0.5, 0.6635945, 0.516129

SHARED-MC2
TRUE, 0, 0, 4, 3, 0.42857143, 0.42857143, 1.0, 1.0, 0.43636364, 0.7741935
FALSE, 3, 4, 0, 0, 0.42857143, 0.0, 0.0, 0.0, 0.47058824, 0.22222222
TRUE, 0, 0, 6, 1, 0.14285715, 0.14285715, 1.0, 1.0, 0.17391305, 0.6315789
FALSE, 1, 6, 0, 0, 0.14285715, 0.0, 0.0, 0.0, 0.30769232, 0.22222222
TRUE, 2, 0, 4, 1, 0.42857143, 0.2, 1.0, 0.6666667, 0.26086956, 0.5714286
FALSE, 1, 4, 0, 2, 0.42857143, 1.0, 0.33333334, 0.0, 0.48, 0.4
TRUE, 1, 1, 4, 1, 0.2857143, 0.2, 0.5, 0.8, 0.23529412, 0.61538464
FALSE, 1, 4, 1, 1, 0.2857143, 0.5, 0.2, 0.5, 0.36363637, 0.2857143
TRUE, 0, 0, 5, 2, 0.2857143, 0.2857143, 1.0, 1.0, 0.30769232, 0.7407407
FALSE, 2, 5, 0, 0, 0.2857143, 0.0, 0.0, 0.0, 0.4, 0.22222222

SHARED-PC1
TRUE, 0, 0, 41, 4, 0.08888889, 0.08888889, 1.0, 1.0, 0.0968523, 0.87935656
FALSE, 4, 41, 0, 0, 0.08888889, 0.0, 0.0, 0.0, 0.1754386, 0.04255319
TRUE, 4, 0, 38, 3, 0.15555556, 0.07317073, 1.0, 0.9047619, 0.09882353, 0.8201439
FALSE, 3, 38, 0, 4, 0.15555556, 1.0, 0.0952381, 0.0, 0.25570777, 0.13793103
TRUE, 5, 0, 37, 3, 0.17777778, 0.075, 1.0, 0.88095236, 0.104803495, 0.810219
FALSE, 3, 37, 0, 5, 0.17777778, 1.0, 0.11904762, 0.0, 0.2877698, 0.16129032
TRUE, 2, 1, 39, 3, 0.11111111, 0.071428575, 0.75, 0.9512195, 0.08695652, 0.83870965
FALSE, 3, 39, 1, 2, 0.11111111, 0.6666667, 0.048780486, 0.25, 0.1904762, 0.08163265
TRUE, 1, 0, 43, 1, 0.044444446, 0.022727273, 1.0, 0.97727275, 0.029850746, 0.6615385
FALSE, 1, 43, 0, 1, 0.044444446, 1.0, 0.022727273, 0.0, 0.08, 0.04347826

AR3
TRUE, 0, 0, 3, 0, 0.0, 0.0, 0.0, 1.0, 0.2857143, 0.6
FALSE, 0, 3, 0, 0, 0.0, 0.0, 0.0, 0.0, 0.4, 0.33333334
TRUE, 0, 0, 3, 0, 0.0, 0.0, 0.0, 1.0, 0.2857143, 0.6
FALSE, 0, 3, 0, 0, 0.0, 0.0, 0.0, 0.0, 0.4, 0.33333334
TRUE, 2, 0, 1, 0, 0.6666667, 0.0, 0.0, 0.33333334, 0.54545456, 0.4
FALSE, 0, 1, 0, 2, 0.6666667, 1.0, 0.6666667, 0.0, 0.6315789, 0.5714286
TRUE, 1, 0, 2, 0, 0.33333334, 0.0, 0.0, 0.6666667, 0.36363637, 0.5714286
FALSE, 0, 2, 0, 1, 0.33333334, 1.0, 0.33333334, 0.0, 0.44444445, 0.4
TRUE, 0, 0, 2, 1, 0.33333334, 0.33333334, 1.0, 1.0, 0.36363637, 0.5714286
FALSE, 1, 2, 0, 0, 0.33333334, 0.0, 0.0, 0.0, 0.44444445, 0.4

AR4
TRUE, 4, 1, 0, 0, 0.8, 0.0, 0.0, 0.0, 0.5882353, 0.2857143
FALSE, 0, 0, 1, 4, 0.8, 0.8, 1.0, 1.0, 0.754717, 0.61538464
TRUE, 5, 0, 0, 0, 1.0, 0.0, 0.0, 0.0, 0.6, 0.25
FALSE, 0, 0, 0, 5, 1.0, 1.0, 1.0, 0.0, 0.7894737, 0.625
TRUE, 3, 2, 0, 0, 0.6, 0.0, 0.0, 0.0, 0.53333336, 0.2857143
FALSE, 0, 0, 2, 3, 0.6, 0.6, 1.0, 1.0, 0.58536583, 0.7058824
TRUE, 5, 0, 0, 0, 1.0, 0.0, 0.0, 0.0, 0.6, 0.25
FALSE, 0, 0, 0, 5, 1.0, 1.0, 1.0, 0.0, 0.7894737, 0.625
TRUE, 4, 1, 0, 0, 0.8, 0.0, 0.0, 0.0, 0.5882353, 0.2857143
FALSE, 0, 0, 1, 4, 0.8, 0.8, 1.0, 1.0, 0.754717, 0.61538464

AR5
TRUE, 2, 0, 0, 0, 1.0, 0.0, 0.0, 0.0, 0.54545456, 0.4
FALSE, 0, 0, 0, 2, 1.0, 1.0, 1.0, 0.0, 0.6315789, 0.5714286
TRUE, 2, 0, 0, 0, 1.0, 0.0, 0.0, 0.0, 0.54545456, 0.4
FALSE, 0, 0, 0, 2, 1.0, 1.0, 1.0, 0.0, 0.6315789, 0.5714286
TRUE, 1, 1, 0, 0, 0.5, 0.0, 0.0, 0.0, 0.5, 0.5
FALSE, 0, 0, 1, 1, 0.5, 0.5, 1.0, 1.0, 0.5, 0.5
TRUE, 2, 0, 0, 0, 1.0, 0.0, 0.0, 0.0, 0.54545456, 0.4
FALSE, 0, 0, 0, 2, 1.0, 1.0, 1.0, 0.0, 0.6315789, 0.5714286
TRUE, 1, 0, 1, 0, 0.5, 0.0, 0.0, 0.5, 0.5, 0.5
FALSE, 0, 1, 0, 1, 0.5, 1.0, 0.5, 0.0, 0.5, 0.5

