SHARED-CM1
TRUE, 19, 1, 0, 0, 0.95, 0.0, 0.0, 0.0, 0.6451613, 0.09090909
FALSE, 0, 0, 1, 19, 0.95, 0.95, 1.0, 1.0, 0.9290953, 0.6551724
TRUE, 19, 1, 0, 0, 0.95, 0.0, 0.0, 0.0, 0.6451613, 0.09090909
FALSE, 0, 0, 1, 19, 0.95, 0.95, 1.0, 1.0, 0.9290953, 0.6551724
TRUE, 16, 3, 1, 0, 0.8, 0.0, 0.0, 0.05882353, 0.6181818, 0.0952381
FALSE, 0, 1, 3, 16, 0.8, 0.84210527, 0.9411765, 1.0, 0.82549316, 0.8347826
TRUE, 17, 2, 1, 0, 0.85, 0.0, 0.0, 0.055555556, 0.6315789, 0.0952381
FALSE, 0, 1, 2, 17, 0.85, 0.8947368, 0.9444444, 1.0, 0.8755365, 0.7816092
TRUE, 20, 0, 0, 0, 1.0, 0.0, 0.0, 0.0, 0.64615387, 0.08695652
FALSE, 0, 0, 0, 20, 1.0, 1.0, 1.0, 0.0, 0.93229747, 0.6557377

SHARED-KC1
TRUE, 48, 1, 27, 9, 0.67058825, 0.25, 0.9, 0.36, 0.36421725, 0.51428574
FALSE, 9, 27, 1, 48, 0.67058825, 0.97959185, 0.64, 0.1, 0.7961589, 0.17297298
TRUE, 55, 1, 20, 9, 0.7529412, 0.31034482, 0.9, 0.26666668, 0.4395269, 0.41142857
FALSE, 9, 20, 1, 55, 0.7529412, 0.98214287, 0.73333335, 0.1, 0.85240346, 0.176
TRUE, 49, 5, 22, 9, 0.68235296, 0.29032257, 0.64285713, 0.30985916, 0.40733516, 0.4181626
FALSE, 9, 22, 5, 49, 0.68235296, 0.9074074, 0.69014084, 0.35714287, 0.7789503, 0.47070125
TRUE, 53, 2, 21, 9, 0.7294118, 0.3, 0.8181818, 0.2837838, 0.42514285, 0.4214047
FALSE, 9, 21, 2, 53, 0.7294118, 0.96363634, 0.7162162, 0.18181819, 0.83032215, 0.29001367
TRUE, 47, 3, 21, 14, 0.7176471, 0.4, 0.8235294, 0.30882353, 0.5136842, 0.44919786
FALSE, 14, 21, 3, 47, 0.7176471, 0.94, 0.6911765, 0.1764706, 0.8139106, 0.28115654

SHARED-KC2
TRUE, 14, 1, 3, 3, 0.8095238, 0.5, 0.75, 0.1764706, 0.6181818, 0.2857143
FALSE, 3, 3, 1, 14, 0.8095238, 0.93333334, 0.8235294, 0.25, 0.867031, 0.38356164
TRUE, 15, 1, 1, 4, 0.9047619, 0.8, 0.8, 0.0625, 0.849162, 0.11594203
FALSE, 4, 1, 1, 15, 0.9047619, 0.9375, 0.9375, 0.2, 0.9208401, 0.32967034
TRUE, 15, 1, 4, 1, 0.7619048, 0.2, 0.5, 0.21052632, 0.31683168, 0.2962963
FALSE, 1, 4, 1, 15, 0.7619048, 0.9375, 0.7894737, 0.5, 0.8406305, 0.6122449
TRUE, 14, 1, 3, 3, 0.8095238, 0.5, 0.75, 0.1764706, 0.6181818, 0.2857143
FALSE, 3, 3, 1, 14, 0.8095238, 0.93333334, 0.8235294, 0.25, 0.867031, 0.38356164
TRUE, 11, 2, 4, 4, 0.71428573, 0.5, 0.6666667, 0.26666668, 0.5882353, 0.3809524
FALSE, 4, 4, 2, 11, 0.71428573, 0.84615386, 0.73333335, 0.33333334, 0.7746479, 0.45833334

SHARED-KC3
TRUE, 16, 0, 3, 0, 0.84210527, 0.0, 0.0, 0.15789473, 0.38202247, 0.24
FALSE, 0, 3, 0, 16, 0.84210527, 1.0, 0.84210527, 0.0, 0.8704, 0.627451
TRUE, 16, 1, 2, 0, 0.84210527, 0.0, 0.0, 0.11111111, 0.47887325, 0.18181819
FALSE, 0, 2, 1, 16, 0.84210527, 0.9411765, 0.8888889, 1.0, 0.89326763, 0.64
TRUE, 18, 0, 0, 1, 1.0, 1.0, 1.0, 0.0, 0.6440678, 0.0952381
FALSE, 1, 0, 0, 18, 1.0, 1.0, 1.0, 0.0, 0.9255751, 0.6545454
TRUE, 15, 4, 0, 0, 0.7894737, 0.0, 0.0, 0.0, 0.6037736, 0.0952381
FALSE, 0, 0, 4, 15, 0.7894737, 0.7894737, 1.0, 1.0, 0.77544427, 0.8633093
TRUE, 18, 1, 0, 0, 0.94736844, 0.0, 0.0, 0.0, 0.6440678, 0.0952381
FALSE, 0, 0, 1, 18, 0.94736844, 0.94736844, 1.0, 1.0, 0.9255751, 0.6545454

SHARED-MW1
TRUE, 15, 1, 0, 0, 0.9375, 0.0, 0.0, 0.0, 0.64, 0.11111111
FALSE, 0, 0, 1, 15, 0.9375, 0.9375, 1.0, 1.0, 0.9125475, 0.65217394
TRUE, 16, 0, 0, 0, 1.0, 0.0, 0.0, 0.0, 0.6415094, 0.10526316
FALSE, 0, 0, 0, 16, 1.0, 1.0, 1.0, 0.0, 0.9173693, 0.6530612
TRUE, 16, 1, 0, 0, 0.9411765, 0.0, 0.0, 0.0, 0.6415094, 0.10526316
FALSE, 0, 0, 1, 16, 0.9411765, 0.9411765, 1.0, 1.0, 0.9173693, 0.6530612
TRUE, 16, 0, 1, 0, 0.9411765, 0.0, 0.0, 0.05882353, 0.6415094, 0.10526316
FALSE, 0, 1, 0, 16, 0.9411765, 1.0, 0.9411765, 0.0, 0.9173693, 0.6530612
TRUE, 17, 0, 0, 0, 1.0, 0.0, 0.0, 0.0, 0.64285713, 0.1
FALSE, 0, 0, 0, 17, 1.0, 1.0, 1.0, 0.0, 0.92168677, 0.65384614

SHARED-MC2
TRUE, 4, 1, 0, 2, 0.85714287, 1.0, 0.6666667, 0.0, 0.7058824, 0.30769232
FALSE, 2, 0, 1, 4, 0.85714287, 0.8, 1.0, 0.33333334, 0.7741935, 0.47058824
TRUE, 5, 1, 0, 1, 0.85714287, 1.0, 0.5, 0.0, 0.6, 0.25
FALSE, 1, 0, 1, 5, 0.85714287, 0.8333333, 1.0, 0.5, 0.7894737, 0.625
TRUE, 3, 3, 0, 1, 0.5714286, 1.0, 0.25, 0.0, 0.5, 0.25
FALSE, 1, 0, 3, 3, 0.5714286, 0.5, 1.0, 0.75, 0.5, 0.75
TRUE, 6, 0, 0, 1, 1.0, 1.0, 1.0, 0.0, 0.6086956, 0.22222222
FALSE, 1, 0, 0, 6, 1.0, 1.0, 1.0, 0.0, 0.815534, 0.6315789
TRUE, 3, 1, 3, 0, 0.42857143, 0.0, 0.0, 0.5, 0.33333334, 0.5
FALSE, 0, 3, 1, 3, 0.42857143, 0.75, 0.5, 1.0, 0.6, 0.5

SHARED-PC1
TRUE, 42, 3, 0, 0, 0.93333334, 0.0, 0.0, 0.0, 0.6466165, 0.04255319
FALSE, 0, 0, 3, 42, 0.93333334, 0.93333334, 1.0, 1.0, 0.9240215, 0.8484849
TRUE, 41, 4, 0, 0, 0.9111111, 0.0, 0.0, 0.0, 0.64122134, 0.04255319
FALSE, 0, 0, 4, 41, 0.9111111, 0.9111111, 1.0, 1.0, 0.90227926, 0.87935656
TRUE, 38, 1, 4, 2, 0.8888889, 0.33333334, 0.6666667, 0.0952381, 0.4848485, 0.16666667
FALSE, 2, 4, 1, 38, 0.8888889, 0.974359, 0.9047619, 0.33333334, 0.9296636, 0.4871795
TRUE, 43, 1, 1, 0, 0.95555556, 0.0, 0.0, 0.022727273, 0.6567164, 0.04347826
FALSE, 0, 1, 1, 43, 0.95555556, 0.97727275, 0.97727275, 1.0, 0.9667859, 0.6615385
TRUE, 41, 3, 1, 0, 0.9111111, 0.0, 0.0, 0.023809524, 0.64615387, 0.04347826
FALSE, 0, 1, 3, 41, 0.9111111, 0.9318182, 0.97619045, 1.0, 0.9223353, 0.84827584

AR3
TRUE, 3, 0, 0, 0, 1.0, 0.0, 0.0, 0.0, 0.5714286, 0.33333334
FALSE, 0, 0, 0, 3, 1.0, 1.0, 1.0, 0.0, 0.7058824, 0.6
TRUE, 3, 0, 0, 0, 1.0, 0.0, 0.0, 0.0, 0.5714286, 0.33333334
FALSE, 0, 0, 0, 3, 1.0, 1.0, 1.0, 0.0, 0.7058824, 0.6
TRUE, 3, 0, 0, 0, 1.0, 0.0, 0.0, 0.0, 0.5714286, 0.33333334
FALSE, 0, 0, 0, 3, 1.0, 1.0, 1.0, 0.0, 0.7058824, 0.6
TRUE, 2, 1, 0, 0, 0.6666667, 0.0, 0.0, 0.0, 0.54545456, 0.4
FALSE, 0, 0, 1, 2, 0.6666667, 0.6666667, 1.0, 1.0, 0.6315789, 0.5714286
TRUE, 3, 0, 0, 0, 1.0, 0.0, 0.0, 0.0, 0.5714286, 0.33333334
FALSE, 0, 0, 0, 3, 1.0, 1.0, 1.0, 0.0, 0.7058824, 0.6

AR4
TRUE, 3, 2, 0, 0, 0.6, 0.0, 0.0, 0.0, 0.53333336, 0.2857143
FALSE, 0, 0, 2, 3, 0.6, 0.6, 1.0, 1.0, 0.58536583, 0.7058824
TRUE, 3, 2, 0, 0, 0.6, 0.0, 0.0, 0.0, 0.53333336, 0.2857143
FALSE, 0, 0, 2, 3, 0.6, 0.6, 1.0, 1.0, 0.58536583, 0.7058824
TRUE, 4, 1, 0, 0, 0.8, 0.0, 0.0, 0.0, 0.5882353, 0.2857143
FALSE, 0, 0, 1, 4, 0.8, 0.8, 1.0, 1.0, 0.754717, 0.61538464
TRUE, 5, 0, 0, 0, 1.0, 0.0, 0.0, 0.0, 0.6, 0.25
FALSE, 0, 0, 0, 5, 1.0, 1.0, 1.0, 0.0, 0.7894737, 0.625
TRUE, 4, 1, 0, 0, 0.8, 0.0, 0.0, 0.0, 0.5882353, 0.2857143
FALSE, 0, 0, 1, 4, 0.8, 0.8, 1.0, 1.0, 0.754717, 0.61538464

AR5
TRUE, 1, 1, 0, 0, 0.5, 0.0, 0.0, 0.0, 0.5, 0.5
FALSE, 0, 0, 1, 1, 0.5, 0.5, 1.0, 1.0, 0.5, 0.5
TRUE, 1, 1, 0, 0, 0.5, 0.0, 0.0, 0.0, 0.5, 0.5
FALSE, 0, 0, 1, 1, 0.5, 0.5, 1.0, 1.0, 0.5, 0.5
TRUE, 1, 1, 0, 0, 0.5, 0.0, 0.0, 0.0, 0.5, 0.5
FALSE, 0, 0, 1, 1, 0.5, 0.5, 1.0, 1.0, 0.5, 0.5
TRUE, 2, 0, 0, 0, 1.0, 0.0, 0.0, 0.0, 0.54545456, 0.4
FALSE, 0, 0, 0, 2, 1.0, 1.0, 1.0, 0.0, 0.6315789, 0.5714286
TRUE, 2, 0, 0, 0, 1.0, 0.0, 0.0, 0.0, 0.54545456, 0.4
FALSE, 0, 0, 0, 2, 1.0, 1.0, 1.0, 0.0, 0.6315789, 0.5714286

