SHARED-CM1
TRUE, 0, 0, 2, 18, 0.9, 0.9, 1.0, 1.0, 0.8814433, 0.7826087
FALSE, 18, 2, 0, 0, 0.9, 0.0, 0.0, 0.0, 0.6333333, 0.09090909
TRUE, 0, 0, 1, 19, 0.95, 0.95, 1.0, 1.0, 0.9290953, 0.6551724
FALSE, 19, 1, 0, 0, 0.95, 0.0, 0.0, 0.0, 0.6451613, 0.09090909
TRUE, 0, 0, 3, 17, 0.85, 0.85, 1.0, 1.0, 0.83378744, 0.8360656
FALSE, 17, 3, 0, 0, 0.85, 0.0, 0.0, 0.0, 0.62068963, 0.09090909
TRUE, 0, 0, 2, 18, 0.9, 0.9, 1.0, 1.0, 0.8814433, 0.7826087
FALSE, 18, 2, 0, 0, 0.9, 0.0, 0.0, 0.0, 0.6333333, 0.09090909
TRUE, 0, 0, 2, 18, 0.9, 0.9, 1.0, 1.0, 0.8814433, 0.7826087
FALSE, 18, 2, 0, 0, 0.9, 0.0, 0.0, 0.0, 0.6333333, 0.09090909

SHARED-KC1
TRUE, 0, 0, 21, 64, 0.7529412, 0.7529412, 1.0, 1.0, 0.75002253, 0.9693473
FALSE, 64, 21, 0, 0, 0.7529412, 0.0, 0.0, 0.0, 0.59907836, 0.022988506
TRUE, 0, 0, 12, 73, 0.85882354, 0.85882354, 1.0, 1.0, 0.8546792, 0.9537289
FALSE, 73, 12, 0, 0, 0.85882354, 0.0, 0.0, 0.0, 0.6297872, 0.022988506
TRUE, 0, 0, 13, 72, 0.84705883, 0.84705883, 1.0, 1.0, 0.8430508, 0.95656615
FALSE, 72, 13, 0, 0, 0.84705883, 0.0, 0.0, 0.0, 0.62660944, 0.022988506
TRUE, 0, 0, 17, 68, 0.8, 0.8, 1.0, 1.0, 0.7965368, 0.964539
FALSE, 68, 17, 0, 0, 0.8, 0.0, 0.0, 0.0, 0.61333334, 0.022988506
TRUE, 0, 0, 15, 70, 0.8235294, 0.8235294, 1.0, 1.0, 0.8197938, 0.9610984
FALSE, 70, 15, 0, 0, 0.8235294, 0.0, 0.0, 0.0, 0.6200873, 0.022988506

SHARED-KC2
TRUE, 0, 0, 8, 13, 0.61904764, 0.61904764, 1.0, 1.0, 0.613828, 0.90829694
FALSE, 13, 8, 0, 0, 0.61904764, 0.0, 0.0, 0.0, 0.54901963, 0.08695652
TRUE, 0, 0, 6, 15, 0.71428573, 0.71428573, 1.0, 1.0, 0.7048458, 0.8955224
FALSE, 15, 6, 0, 0, 0.71428573, 0.0, 0.0, 0.0, 0.58181816, 0.08695652
TRUE, 2, 0, 4, 15, 0.8095238, 0.7894737, 1.0, 0.6666667, 0.78101075, 0.77922076
FALSE, 15, 4, 0, 2, 0.8095238, 1.0, 0.33333334, 0.0, 0.7157895, 0.10526316
TRUE, 1, 7, 3, 10, 0.52380955, 0.7692308, 0.5882353, 0.75, 0.62322944, 0.6593407
FALSE, 10, 3, 7, 1, 0.52380955, 0.125, 0.25, 0.4117647, 0.20183486, 0.31111112
TRUE, 2, 0, 4, 15, 0.8095238, 0.7894737, 1.0, 0.6666667, 0.78101075, 0.77922076
FALSE, 15, 4, 0, 2, 0.8095238, 1.0, 0.33333334, 0.0, 0.7157895, 0.10526316

SHARED-KC3
TRUE, 0, 0, 2, 17, 0.8947368, 0.8947368, 1.0, 1.0, 0.8755365, 0.7816092
FALSE, 17, 2, 0, 0, 0.8947368, 0.0, 0.0, 0.0, 0.6315789, 0.0952381
TRUE, 0, 0, 6, 13, 0.68421054, 0.68421054, 1.0, 1.0, 0.6753247, 0.8914286
FALSE, 13, 6, 0, 0, 0.68421054, 0.0, 0.0, 0.0, 0.5714286, 0.0952381
TRUE, 0, 0, 2, 17, 0.8947368, 0.8947368, 1.0, 1.0, 0.8755365, 0.7816092
FALSE, 17, 2, 0, 0, 0.8947368, 0.0, 0.0, 0.0, 0.6315789, 0.0952381
TRUE, 0, 0, 3, 16, 0.84210527, 0.84210527, 1.0, 1.0, 0.82549316, 0.8347826
FALSE, 16, 3, 0, 0, 0.84210527, 0.0, 0.0, 0.0, 0.6181818, 0.0952381
TRUE, 0, 0, 3, 16, 0.84210527, 0.84210527, 1.0, 1.0, 0.82549316, 0.8347826
FALSE, 16, 3, 0, 0, 0.84210527, 0.0, 0.0, 0.0, 0.6181818, 0.0952381

SHARED-MW1
TRUE, 0, 0, 1, 15, 0.9375, 0.9375, 1.0, 1.0, 0.9125475, 0.65217394
FALSE, 15, 1, 0, 0, 0.9375, 0.0, 0.0, 0.0, 0.64, 0.11111111
TRUE, 0, 0, 1, 15, 0.9375, 0.9375, 1.0, 1.0, 0.9125475, 0.65217394
FALSE, 15, 1, 0, 0, 0.9375, 0.0, 0.0, 0.0, 0.64, 0.11111111
TRUE, 0, 0, 0, 17, 1.0, 1.0, 1.0, 0.0, 0.92168677, 0.65384614
FALSE, 17, 0, 0, 0, 1.0, 0.0, 0.0, 0.0, 0.64285713, 0.1
TRUE, 0, 0, 2, 15, 0.88235295, 0.88235295, 1.0, 1.0, 0.8617594, 0.77922076
FALSE, 15, 2, 0, 0, 0.88235295, 0.0, 0.0, 0.0, 0.627451, 0.10526316
TRUE, 0, 0, 2, 15, 0.88235295, 0.88235295, 1.0, 1.0, 0.8617594, 0.77922076
FALSE, 15, 2, 0, 0, 0.88235295, 0.0, 0.0, 0.0, 0.627451, 0.10526316

SHARED-MC2
TRUE, 0, 0, 2, 5, 0.71428573, 0.71428573, 1.0, 1.0, 0.6896552, 0.7407407
FALSE, 5, 2, 0, 0, 0.71428573, 0.0, 0.0, 0.0, 0.5714286, 0.22222222
TRUE, 0, 1, 3, 3, 0.42857143, 0.5, 0.75, 1.0, 0.5, 0.75
FALSE, 3, 3, 1, 0, 0.42857143, 0.0, 0.0, 0.25, 0.5, 0.25
TRUE, 0, 2, 1, 4, 0.5714286, 0.8, 0.6666667, 1.0, 0.7017544, 0.5714286
FALSE, 4, 1, 2, 0, 0.5714286, 0.0, 0.0, 0.33333334, 0.4347826, 0.4
TRUE, 0, 1, 2, 4, 0.5714286, 0.6666667, 0.8, 1.0, 0.6451613, 0.72727275
FALSE, 4, 2, 1, 0, 0.5714286, 0.0, 0.0, 0.2, 0.5555556, 0.25
TRUE, 1, 1, 3, 2, 0.42857143, 0.4, 0.6666667, 0.75, 0.41379312, 0.7058824
FALSE, 2, 3, 1, 1, 0.42857143, 0.5, 0.25, 0.33333334, 0.46153846, 0.2857143

SHARED-PC1
TRUE, 0, 1, 7, 37, 0.82222223, 0.84090906, 0.9736842, 1.0, 0.83343214, 0.92170817
FALSE, 37, 7, 1, 0, 0.82222223, 0.0, 0.0, 0.02631579, 0.6229508, 0.04347826
TRUE, 0, 3, 3, 39, 0.8666667, 0.9285714, 0.9285714, 1.0, 0.8981002, 0.82978725
FALSE, 39, 3, 3, 0, 0.8666667, 0.0, 0.0, 0.071428575, 0.3883495, 0.11111111
TRUE, 0, 1, 3, 41, 0.9111111, 0.9318182, 0.97619045, 1.0, 0.9223353, 0.84827584
FALSE, 41, 3, 1, 0, 0.9111111, 0.0, 0.0, 0.023809524, 0.64615387, 0.04347826
TRUE, 0, 0, 3, 42, 0.93333334, 0.93333334, 1.0, 1.0, 0.9240215, 0.8484849
FALSE, 42, 3, 0, 0, 0.93333334, 0.0, 0.0, 0.0, 0.6466165, 0.04255319
TRUE, 0, 3, 3, 39, 0.8666667, 0.9285714, 0.9285714, 1.0, 0.8981002, 0.82978725
FALSE, 39, 3, 3, 0, 0.8666667, 0.0, 0.0, 0.071428575, 0.3883495, 0.11111111

AR3
TRUE, 0, 0, 0, 3, 1.0, 1.0, 1.0, 0.0, 0.7058824, 0.6
FALSE, 3, 0, 0, 0, 1.0, 0.0, 0.0, 0.0, 0.5714286, 0.33333334
TRUE, 0, 0, 0, 3, 1.0, 1.0, 1.0, 0.0, 0.7058824, 0.6
FALSE, 3, 0, 0, 0, 1.0, 0.0, 0.0, 0.0, 0.5714286, 0.33333334
TRUE, 0, 1, 0, 2, 0.6666667, 1.0, 0.6666667, 0.0, 0.6315789, 0.5714286
FALSE, 2, 0, 1, 0, 0.6666667, 0.0, 0.0, 0.33333334, 0.54545456, 0.4
TRUE, 0, 0, 1, 2, 0.6666667, 0.6666667, 1.0, 1.0, 0.6315789, 0.5714286
FALSE, 2, 1, 0, 0, 0.6666667, 0.0, 0.0, 0.0, 0.54545456, 0.4
TRUE, 0, 0, 1, 2, 0.6666667, 0.6666667, 1.0, 1.0, 0.6315789, 0.5714286
FALSE, 2, 1, 0, 0, 0.6666667, 0.0, 0.0, 0.0, 0.54545456, 0.4

AR4
TRUE, 0, 0, 1, 4, 0.8, 0.8, 1.0, 1.0, 0.754717, 0.61538464
FALSE, 4, 1, 0, 0, 0.8, 0.0, 0.0, 0.0, 0.5882353, 0.2857143
TRUE, 0, 0, 0, 5, 1.0, 1.0, 1.0, 0.0, 0.7894737, 0.625
FALSE, 5, 0, 0, 0, 1.0, 0.0, 0.0, 0.0, 0.6, 0.25
TRUE, 0, 0, 0, 5, 1.0, 1.0, 1.0, 0.0, 0.7894737, 0.625
FALSE, 5, 0, 0, 0, 1.0, 0.0, 0.0, 0.0, 0.6, 0.25
TRUE, 0, 0, 0, 5, 1.0, 1.0, 1.0, 0.0, 0.7894737, 0.625
FALSE, 5, 0, 0, 0, 1.0, 0.0, 0.0, 0.0, 0.6, 0.25
TRUE, 0, 0, 1, 4, 0.8, 0.8, 1.0, 1.0, 0.754717, 0.61538464
FALSE, 4, 1, 0, 0, 0.8, 0.0, 0.0, 0.0, 0.5882353, 0.2857143

AR5
TRUE, 0, 0, 1, 1, 0.5, 0.5, 1.0, 1.0, 0.5, 0.5
FALSE, 1, 1, 0, 0, 0.5, 0.0, 0.0, 0.0, 0.5, 0.5
TRUE, 0, 0, 0, 2, 1.0, 1.0, 1.0, 0.0, 0.6315789, 0.5714286
FALSE, 2, 0, 0, 0, 1.0, 0.0, 0.0, 0.0, 0.54545456, 0.4
TRUE, 0, 0, 0, 2, 1.0, 1.0, 1.0, 0.0, 0.6315789, 0.5714286
FALSE, 2, 0, 0, 0, 1.0, 0.0, 0.0, 0.0, 0.54545456, 0.4
TRUE, 0, 0, 0, 2, 1.0, 1.0, 1.0, 0.0, 0.6315789, 0.5714286
FALSE, 2, 0, 0, 0, 1.0, 0.0, 0.0, 0.0, 0.54545456, 0.4
TRUE, 0, 0, 0, 2, 1.0, 1.0, 1.0, 0.0, 0.6315789, 0.5714286
FALSE, 2, 0, 0, 0, 1.0, 0.0, 0.0, 0.0, 0.54545456, 0.4

