SHARED-CM1
TRUE, 0, 0, 3, 17, 0.85, 0.85, 1.0, 1.0, 0.83378744, 0.8360656
FALSE, 17, 3, 0, 0, 0.85, 0.0, 0.0, 0.0, 0.62068963, 0.09090909
TRUE, 0, 0, 3, 17, 0.85, 0.85, 1.0, 1.0, 0.83378744, 0.8360656
FALSE, 17, 3, 0, 0, 0.85, 0.0, 0.0, 0.0, 0.62068963, 0.09090909
TRUE, 0, 0, 2, 18, 0.9, 0.9, 1.0, 1.0, 0.8814433, 0.7826087
FALSE, 18, 2, 0, 0, 0.9, 0.0, 0.0, 0.0, 0.6333333, 0.09090909
TRUE, 0, 0, 0, 20, 1.0, 1.0, 1.0, 0.0, 0.93229747, 0.6557377
FALSE, 20, 0, 0, 0, 1.0, 0.0, 0.0, 0.0, 0.64615387, 0.08695652
TRUE, 0, 0, 2, 18, 0.9, 0.9, 1.0, 1.0, 0.8814433, 0.7826087
FALSE, 18, 2, 0, 0, 0.9, 0.0, 0.0, 0.0, 0.6333333, 0.09090909

SHARED-KC1
TRUE, 0, 0, 12, 73, 0.85882354, 0.85882354, 1.0, 1.0, 0.8546792, 0.9537289
FALSE, 73, 12, 0, 0, 0.85882354, 0.0, 0.0, 0.0, 0.6297872, 0.022988506
TRUE, 0, 0, 14, 71, 0.8352941, 0.8352941, 1.0, 1.0, 0.83142227, 0.9589966
FALSE, 71, 14, 0, 0, 0.8352941, 0.0, 0.0, 0.0, 0.6233766, 0.022988506
TRUE, 0, 0, 14, 71, 0.8352941, 0.8352941, 1.0, 1.0, 0.83142227, 0.9589966
FALSE, 71, 14, 0, 0, 0.8352941, 0.0, 0.0, 0.0, 0.6233766, 0.022988506
TRUE, 0, 0, 14, 71, 0.8352941, 0.8352941, 1.0, 1.0, 0.83142227, 0.9589966
FALSE, 71, 14, 0, 0, 0.8352941, 0.0, 0.0, 0.0, 0.6233766, 0.022988506
TRUE, 0, 0, 17, 68, 0.8, 0.8, 1.0, 1.0, 0.7965368, 0.964539
FALSE, 68, 17, 0, 0, 0.8, 0.0, 0.0, 0.0, 0.61333334, 0.022988506

SHARED-KC2
TRUE, 0, 0, 5, 16, 0.7619048, 0.7619048, 1.0, 1.0, 0.7503448, 0.8839779
FALSE, 16, 5, 0, 0, 0.7619048, 0.0, 0.0, 0.0, 0.5964912, 0.08695652
TRUE, 1, 0, 3, 17, 0.85714287, 0.85, 1.0, 0.75, 0.83378744, 0.8360656
FALSE, 17, 3, 0, 1, 0.85714287, 1.0, 0.25, 0.0, 0.62068963, 0.09090909
TRUE, 0, 0, 5, 16, 0.7619048, 0.7619048, 1.0, 1.0, 0.7503448, 0.8839779
FALSE, 16, 5, 0, 0, 0.7619048, 0.0, 0.0, 0.0, 0.5964912, 0.08695652
TRUE, 3, 1, 2, 15, 0.85714287, 0.88235295, 0.9375, 0.4, 0.8695652, 0.5607477
FALSE, 15, 2, 1, 3, 0.85714287, 0.75, 0.6, 0.0625, 0.8, 0.11320755
TRUE, 1, 0, 2, 18, 0.9047619, 0.9, 1.0, 0.6666667, 0.8814433, 0.7826087
FALSE, 18, 2, 0, 1, 0.9047619, 1.0, 0.33333334, 0.0, 0.6333333, 0.09090909

SHARED-KC3
TRUE, 0, 1, 2, 16, 0.84210527, 0.8888889, 0.9411765, 1.0, 0.8690096, 0.7804878
FALSE, 16, 2, 1, 0, 0.84210527, 0.0, 0.0, 0.05882353, 0.6296296, 0.1
TRUE, 0, 0, 3, 16, 0.84210527, 0.84210527, 1.0, 1.0, 0.82549316, 0.8347826
FALSE, 16, 3, 0, 0, 0.84210527, 0.0, 0.0, 0.0, 0.6181818, 0.0952381
TRUE, 0, 0, 3, 16, 0.84210527, 0.84210527, 1.0, 1.0, 0.82549316, 0.8347826
FALSE, 16, 3, 0, 0, 0.84210527, 0.0, 0.0, 0.0, 0.6181818, 0.0952381
TRUE, 0, 0, 2, 17, 0.8947368, 0.8947368, 1.0, 1.0, 0.8755365, 0.7816092
FALSE, 17, 2, 0, 0, 0.8947368, 0.0, 0.0, 0.0, 0.6315789, 0.0952381
TRUE, 0, 0, 0, 19, 1.0, 1.0, 1.0, 0.0, 0.9290953, 0.6551724
FALSE, 19, 0, 0, 0, 1.0, 0.0, 0.0, 0.0, 0.6451613, 0.09090909

SHARED-MW1
TRUE, 0, 0, 2, 14, 0.875, 0.875, 1.0, 1.0, 0.85365856, 0.7777778
FALSE, 14, 2, 0, 0, 0.875, 0.0, 0.0, 0.0, 0.625, 0.11111111
TRUE, 0, 0, 2, 14, 0.875, 0.875, 1.0, 1.0, 0.85365856, 0.7777778
FALSE, 14, 2, 0, 0, 0.875, 0.0, 0.0, 0.0, 0.625, 0.11111111
TRUE, 0, 0, 1, 16, 0.9411765, 0.9411765, 1.0, 1.0, 0.9173693, 0.6530612
FALSE, 16, 1, 0, 0, 0.9411765, 0.0, 0.0, 0.0, 0.6415094, 0.10526316
TRUE, 0, 0, 1, 16, 0.9411765, 0.9411765, 1.0, 1.0, 0.9173693, 0.6530612
FALSE, 16, 1, 0, 0, 0.9411765, 0.0, 0.0, 0.0, 0.6415094, 0.10526316
TRUE, 0, 0, 3, 14, 0.8235294, 0.8235294, 1.0, 1.0, 0.80614203, 0.83168316
FALSE, 14, 3, 0, 0, 0.8235294, 0.0, 0.0, 0.0, 0.6122449, 0.10526316

SHARED-MC2
TRUE, 0, 1, 3, 3, 0.42857143, 0.5, 0.75, 1.0, 0.5, 0.75
FALSE, 3, 3, 1, 0, 0.42857143, 0.0, 0.0, 0.25, 0.5, 0.25
TRUE, 1, 0, 2, 4, 0.71428573, 0.6666667, 1.0, 0.6666667, 0.6451613, 0.72727275
FALSE, 4, 2, 0, 1, 0.71428573, 1.0, 0.33333334, 0.0, 0.5555556, 0.25
TRUE, 0, 3, 2, 2, 0.2857143, 0.5, 0.4, 1.0, 0.42857143, 0.5
FALSE, 2, 2, 3, 0, 0.2857143, 0.0, 0.0, 0.6, 0.3, 0.42857143
TRUE, 1, 0, 2, 4, 0.71428573, 0.6666667, 1.0, 0.6666667, 0.6451613, 0.72727275
FALSE, 4, 2, 0, 1, 0.71428573, 1.0, 0.33333334, 0.0, 0.5555556, 0.25
TRUE, 1, 0, 0, 6, 1.0, 1.0, 1.0, 0.0, 0.815534, 0.6315789
FALSE, 6, 0, 0, 1, 1.0, 1.0, 1.0, 0.0, 0.6086956, 0.22222222

SHARED-PC1
TRUE, 0, 0, 1, 44, 0.9777778, 0.9777778, 1.0, 1.0, 0.9675055, 0.6616541
FALSE, 44, 1, 0, 0, 0.9777778, 0.0, 0.0, 0.0, 0.6569343, 0.04255319
TRUE, 0, 4, 2, 39, 0.8666667, 0.9512195, 0.90697676, 1.0, 0.90856147, 0.7684729
FALSE, 39, 2, 4, 0, 0.8666667, 0.0, 0.0, 0.093023255, 0.32520324, 0.14545454
TRUE, 0, 1, 5, 39, 0.8666667, 0.8863636, 0.975, 1.0, 0.8778841, 0.8986175
FALSE, 39, 5, 1, 0, 0.8666667, 0.0, 0.0, 0.025, 0.63492066, 0.04347826
TRUE, 1, 1, 4, 39, 0.8888889, 0.90697676, 0.975, 0.8, 0.89784175, 0.8788732
FALSE, 39, 4, 1, 1, 0.8888889, 0.5, 0.2, 0.025, 0.64, 0.044444446
TRUE, 1, 1, 4, 39, 0.8888889, 0.90697676, 0.975, 0.8, 0.89784175, 0.8788732
FALSE, 39, 4, 1, 1, 0.8888889, 0.5, 0.2, 0.025, 0.64, 0.044444446

AR3
TRUE, 0, 0, 0, 3, 1.0, 1.0, 1.0, 0.0, 0.7058824, 0.6
FALSE, 3, 0, 0, 0, 1.0, 0.0, 0.0, 0.0, 0.5714286, 0.33333334
TRUE, 0, 0, 0, 3, 1.0, 1.0, 1.0, 0.0, 0.7058824, 0.6
FALSE, 3, 0, 0, 0, 1.0, 0.0, 0.0, 0.0, 0.5714286, 0.33333334
TRUE, 0, 0, 1, 2, 0.6666667, 0.6666667, 1.0, 1.0, 0.6315789, 0.5714286
FALSE, 2, 1, 0, 0, 0.6666667, 0.0, 0.0, 0.0, 0.54545456, 0.4
TRUE, 0, 0, 0, 3, 1.0, 1.0, 1.0, 0.0, 0.7058824, 0.6
FALSE, 3, 0, 0, 0, 1.0, 0.0, 0.0, 0.0, 0.5714286, 0.33333334
TRUE, 0, 0, 0, 3, 1.0, 1.0, 1.0, 0.0, 0.7058824, 0.6
FALSE, 3, 0, 0, 0, 1.0, 0.0, 0.0, 0.0, 0.5714286, 0.33333334

AR4
TRUE, 0, 0, 2, 3, 0.6, 0.6, 1.0, 1.0, 0.58536583, 0.7058824
FALSE, 3, 2, 0, 0, 0.6, 0.0, 0.0, 0.0, 0.53333336, 0.2857143
TRUE, 0, 0, 1, 4, 0.8, 0.8, 1.0, 1.0, 0.754717, 0.61538464
FALSE, 4, 1, 0, 0, 0.8, 0.0, 0.0, 0.0, 0.5882353, 0.2857143
TRUE, 0, 0, 1, 4, 0.8, 0.8, 1.0, 1.0, 0.754717, 0.61538464
FALSE, 4, 1, 0, 0, 0.8, 0.0, 0.0, 0.0, 0.5882353, 0.2857143
TRUE, 0, 0, 1, 4, 0.8, 0.8, 1.0, 1.0, 0.754717, 0.61538464
FALSE, 4, 1, 0, 0, 0.8, 0.0, 0.0, 0.0, 0.5882353, 0.2857143
TRUE, 0, 0, 1, 4, 0.8, 0.8, 1.0, 1.0, 0.754717, 0.61538464
FALSE, 4, 1, 0, 0, 0.8, 0.0, 0.0, 0.0, 0.5882353, 0.2857143

AR5
TRUE, 0, 0, 0, 2, 1.0, 1.0, 1.0, 0.0, 0.6315789, 0.5714286
FALSE, 2, 0, 0, 0, 1.0, 0.0, 0.0, 0.0, 0.54545456, 0.4
TRUE, 0, 0, 0, 2, 1.0, 1.0, 1.0, 0.0, 0.6315789, 0.5714286
FALSE, 2, 0, 0, 0, 1.0, 0.0, 0.0, 0.0, 0.54545456, 0.4
TRUE, 0, 0, 1, 1, 0.5, 0.5, 1.0, 1.0, 0.5, 0.5
FALSE, 1, 1, 0, 0, 0.5, 0.0, 0.0, 0.0, 0.5, 0.5
TRUE, 0, 0, 1, 1, 0.5, 0.5, 1.0, 1.0, 0.5, 0.5
FALSE, 1, 1, 0, 0, 0.5, 0.0, 0.0, 0.0, 0.5, 0.5
TRUE, 0, 0, 1, 1, 0.5, 0.5, 1.0, 1.0, 0.5, 0.5
FALSE, 1, 1, 0, 0, 0.5, 0.0, 0.0, 0.0, 0.5, 0.5

