SHARED-CM1
TRUE, 0, 0, 3, 17, 0.85, 0.85, 1.0, 1.0, 0.83378744, 0.8360656
FALSE, 17, 3, 0, 0, 0.85, 0.0, 0.0, 0.0, 0.62068963, 0.09090909
TRUE, 0, 0, 2, 18, 0.9, 0.9, 1.0, 1.0, 0.8814433, 0.7826087
FALSE, 18, 2, 0, 0, 0.9, 0.0, 0.0, 0.0, 0.6333333, 0.09090909
TRUE, 0, 0, 4, 16, 0.8, 0.8, 1.0, 1.0, 0.78612715, 0.8648649
FALSE, 16, 4, 0, 0, 0.8, 0.0, 0.0, 0.0, 0.60714287, 0.09090909
TRUE, 0, 0, 4, 16, 0.8, 0.8, 1.0, 1.0, 0.78612715, 0.8648649
FALSE, 16, 4, 0, 0, 0.8, 0.0, 0.0, 0.0, 0.60714287, 0.09090909
TRUE, 0, 0, 2, 18, 0.9, 0.9, 1.0, 1.0, 0.8814433, 0.7826087
FALSE, 18, 2, 0, 0, 0.9, 0.0, 0.0, 0.0, 0.6333333, 0.09090909

SHARED-KC1
TRUE, 0, 0, 14, 71, 0.8352941, 0.8352941, 1.0, 1.0, 0.83142227, 0.9589966
FALSE, 71, 14, 0, 0, 0.8352941, 0.0, 0.0, 0.0, 0.6233766, 0.022988506
TRUE, 0, 0, 16, 69, 0.8117647, 0.8117647, 1.0, 1.0, 0.8081653, 0.9629307
FALSE, 69, 16, 0, 0, 0.8117647, 0.0, 0.0, 0.0, 0.6167401, 0.022988506
TRUE, 0, 0, 13, 72, 0.84705883, 0.84705883, 1.0, 1.0, 0.8430508, 0.95656615
FALSE, 72, 13, 0, 0, 0.84705883, 0.0, 0.0, 0.0, 0.62660944, 0.022988506
TRUE, 0, 0, 20, 65, 0.7647059, 0.7647059, 1.0, 1.0, 0.76165116, 0.96834266
FALSE, 65, 20, 0, 0, 0.7647059, 0.0, 0.0, 0.0, 0.60273975, 0.022988506
TRUE, 0, 0, 14, 71, 0.8352941, 0.8352941, 1.0, 1.0, 0.83142227, 0.9589966
FALSE, 71, 14, 0, 0, 0.8352941, 0.0, 0.0, 0.0, 0.6233766, 0.022988506

SHARED-KC2
TRUE, 0, 0, 2, 19, 0.9047619, 0.9047619, 1.0, 1.0, 0.8868145, 0.78350514
FALSE, 19, 2, 0, 0, 0.9047619, 0.0, 0.0, 0.0, 0.63492066, 0.08695652
TRUE, 0, 1, 5, 15, 0.71428573, 0.75, 0.9375, 1.0, 0.73846155, 0.88235295
FALSE, 15, 5, 1, 0, 0.71428573, 0.0, 0.0, 0.0625, 0.5925926, 0.09090909
TRUE, 0, 0, 7, 14, 0.6666667, 0.6666667, 1.0, 1.0, 0.6593407, 0.9032258
FALSE, 14, 7, 0, 0, 0.6666667, 0.0, 0.0, 0.0, 0.5660377, 0.08695652
TRUE, 3, 0, 1, 17, 0.95238096, 0.9444444, 1.0, 0.25, 0.9264305, 0.39534885
FALSE, 17, 1, 0, 3, 0.95238096, 1.0, 0.75, 0.0, 0.82191783, 0.10344828
TRUE, 3, 0, 3, 15, 0.85714287, 0.8333333, 1.0, 0.5, 0.82568806, 0.65217394
FALSE, 15, 3, 0, 3, 0.85714287, 1.0, 0.5, 0.0, 0.7826087, 0.11111111

SHARED-KC3
TRUE, 0, 0, 2, 17, 0.8947368, 0.8947368, 1.0, 1.0, 0.8755365, 0.7816092
FALSE, 17, 2, 0, 0, 0.8947368, 0.0, 0.0, 0.0, 0.6315789, 0.0952381
TRUE, 0, 0, 2, 17, 0.8947368, 0.8947368, 1.0, 1.0, 0.8755365, 0.7816092
FALSE, 17, 2, 0, 0, 0.8947368, 0.0, 0.0, 0.0, 0.6315789, 0.0952381
TRUE, 0, 0, 3, 16, 0.84210527, 0.84210527, 1.0, 1.0, 0.82549316, 0.8347826
FALSE, 16, 3, 0, 0, 0.84210527, 0.0, 0.0, 0.0, 0.6181818, 0.0952381
TRUE, 0, 0, 2, 17, 0.8947368, 0.8947368, 1.0, 1.0, 0.8755365, 0.7816092
FALSE, 17, 2, 0, 0, 0.8947368, 0.0, 0.0, 0.0, 0.6315789, 0.0952381
TRUE, 0, 0, 2, 17, 0.8947368, 0.8947368, 1.0, 1.0, 0.8755365, 0.7816092
FALSE, 17, 2, 0, 0, 0.8947368, 0.0, 0.0, 0.0, 0.6315789, 0.0952381

SHARED-MW1
TRUE, 0, 0, 0, 16, 1.0, 1.0, 1.0, 0.0, 0.9173693, 0.6530612
FALSE, 16, 0, 0, 0, 1.0, 0.0, 0.0, 0.0, 0.6415094, 0.10526316
TRUE, 0, 0, 1, 15, 0.9375, 0.9375, 1.0, 1.0, 0.9125475, 0.65217394
FALSE, 15, 1, 0, 0, 0.9375, 0.0, 0.0, 0.0, 0.64, 0.11111111
TRUE, 0, 0, 0, 17, 1.0, 1.0, 1.0, 0.0, 0.92168677, 0.65384614
FALSE, 17, 0, 0, 0, 1.0, 0.0, 0.0, 0.0, 0.64285713, 0.1
TRUE, 0, 0, 2, 15, 0.88235295, 0.88235295, 1.0, 1.0, 0.8617594, 0.77922076
FALSE, 15, 2, 0, 0, 0.88235295, 0.0, 0.0, 0.0, 0.627451, 0.10526316
TRUE, 0, 0, 3, 14, 0.8235294, 0.8235294, 1.0, 1.0, 0.80614203, 0.83168316
FALSE, 14, 3, 0, 0, 0.8235294, 0.0, 0.0, 0.0, 0.6122449, 0.10526316

SHARED-MC2
TRUE, 0, 1, 2, 4, 0.5714286, 0.6666667, 0.8, 1.0, 0.6451613, 0.72727275
FALSE, 4, 2, 1, 0, 0.5714286, 0.0, 0.0, 0.2, 0.5555556, 0.25
TRUE, 1, 0, 2, 4, 0.71428573, 0.6666667, 1.0, 0.6666667, 0.6451613, 0.72727275
FALSE, 4, 2, 0, 1, 0.71428573, 1.0, 0.33333334, 0.0, 0.5555556, 0.25
TRUE, 0, 0, 3, 4, 0.5714286, 0.5714286, 1.0, 1.0, 0.5633803, 0.7741935
FALSE, 4, 3, 0, 0, 0.5714286, 0.0, 0.0, 0.0, 0.5263158, 0.22222222
TRUE, 0, 1, 3, 3, 0.42857143, 0.5, 0.75, 1.0, 0.5, 0.75
FALSE, 3, 3, 1, 0, 0.42857143, 0.0, 0.0, 0.25, 0.5, 0.25
TRUE, 0, 0, 2, 5, 0.71428573, 0.71428573, 1.0, 1.0, 0.6896552, 0.7407407
FALSE, 5, 2, 0, 0, 0.71428573, 0.0, 0.0, 0.0, 0.5714286, 0.22222222

SHARED-PC1
TRUE, 0, 1, 4, 40, 0.8888889, 0.90909094, 0.9756098, 1.0, 0.90010977, 0.8791209
FALSE, 40, 4, 1, 0, 0.8888889, 0.0, 0.0, 0.024390243, 0.640625, 0.04347826
TRUE, 0, 0, 10, 35, 0.7777778, 0.7777778, 1.0, 1.0, 0.77182233, 0.9395973
FALSE, 35, 10, 0, 0, 0.7777778, 0.0, 0.0, 0.0, 0.60504204, 0.04255319
TRUE, 0, 3, 3, 39, 0.8666667, 0.9285714, 0.9285714, 1.0, 0.8981002, 0.82978725
FALSE, 39, 3, 3, 0, 0.8666667, 0.0, 0.0, 0.071428575, 0.3883495, 0.11111111
TRUE, 0, 0, 4, 41, 0.9111111, 0.9111111, 1.0, 1.0, 0.90227926, 0.87935656
FALSE, 41, 4, 0, 0, 0.9111111, 0.0, 0.0, 0.0, 0.64122134, 0.04255319
TRUE, 0, 0, 1, 44, 0.9777778, 0.9777778, 1.0, 1.0, 0.9675055, 0.6616541
FALSE, 44, 1, 0, 0, 0.9777778, 0.0, 0.0, 0.0, 0.6569343, 0.04255319

AR3
TRUE, 0, 0, 1, 2, 0.6666667, 0.6666667, 1.0, 1.0, 0.6315789, 0.5714286
FALSE, 2, 1, 0, 0, 0.6666667, 0.0, 0.0, 0.0, 0.54545456, 0.4
TRUE, 0, 0, 0, 3, 1.0, 1.0, 1.0, 0.0, 0.7058824, 0.6
FALSE, 3, 0, 0, 0, 1.0, 0.0, 0.0, 0.0, 0.5714286, 0.33333334
TRUE, 0, 0, 0, 3, 1.0, 1.0, 1.0, 0.0, 0.7058824, 0.6
FALSE, 3, 0, 0, 0, 1.0, 0.0, 0.0, 0.0, 0.5714286, 0.33333334
TRUE, 0, 0, 0, 3, 1.0, 1.0, 1.0, 0.0, 0.7058824, 0.6
FALSE, 3, 0, 0, 0, 1.0, 0.0, 0.0, 0.0, 0.5714286, 0.33333334
TRUE, 0, 0, 1, 2, 0.6666667, 0.6666667, 1.0, 1.0, 0.6315789, 0.5714286
FALSE, 2, 1, 0, 0, 0.6666667, 0.0, 0.0, 0.0, 0.54545456, 0.4

AR4
TRUE, 0, 0, 1, 4, 0.8, 0.8, 1.0, 1.0, 0.754717, 0.61538464
FALSE, 4, 1, 0, 0, 0.8, 0.0, 0.0, 0.0, 0.5882353, 0.2857143
TRUE, 0, 0, 1, 4, 0.8, 0.8, 1.0, 1.0, 0.754717, 0.61538464
FALSE, 4, 1, 0, 0, 0.8, 0.0, 0.0, 0.0, 0.5882353, 0.2857143
TRUE, 0, 0, 1, 4, 0.8, 0.8, 1.0, 1.0, 0.754717, 0.61538464
FALSE, 4, 1, 0, 0, 0.8, 0.0, 0.0, 0.0, 0.5882353, 0.2857143
TRUE, 0, 0, 1, 4, 0.8, 0.8, 1.0, 1.0, 0.754717, 0.61538464
FALSE, 4, 1, 0, 0, 0.8, 0.0, 0.0, 0.0, 0.5882353, 0.2857143
TRUE, 0, 0, 1, 4, 0.8, 0.8, 1.0, 1.0, 0.754717, 0.61538464
FALSE, 4, 1, 0, 0, 0.8, 0.0, 0.0, 0.0, 0.5882353, 0.2857143

AR5
TRUE, 0, 0, 1, 1, 0.5, 0.5, 1.0, 1.0, 0.5, 0.5
FALSE, 1, 1, 0, 0, 0.5, 0.0, 0.0, 0.0, 0.5, 0.5
TRUE, 0, 0, 1, 1, 0.5, 0.5, 1.0, 1.0, 0.5, 0.5
FALSE, 1, 1, 0, 0, 0.5, 0.0, 0.0, 0.0, 0.5, 0.5
TRUE, 0, 0, 2, 0, 0.0, 0.0, 0.0, 1.0, 0.36363637, 0.5714286
FALSE, 0, 2, 0, 0, 0.0, 0.0, 0.0, 0.0, 0.44444445, 0.4
TRUE, 0, 0, 0, 2, 1.0, 1.0, 1.0, 0.0, 0.6315789, 0.5714286
FALSE, 2, 0, 0, 0, 1.0, 0.0, 0.0, 0.0, 0.54545456, 0.4
TRUE, 0, 1, 0, 1, 0.5, 1.0, 0.5, 0.0, 0.5, 0.5
FALSE, 1, 0, 1, 0, 0.5, 0.0, 0.0, 0.5, 0.5, 0.5

