SHARED-CM1
TRUE, 0, 0, 3, 17, 0.85, 0.85, 1.0, 1.0, 0.83378744, 0.8360656
FALSE, 17, 3, 0, 0, 0.85, 0.0, 0.0, 0.0, 0.62068963, 0.09090909
TRUE, 0, 0, 1, 19, 0.95, 0.95, 1.0, 1.0, 0.9290953, 0.6551724
FALSE, 19, 1, 0, 0, 0.95, 0.0, 0.0, 0.0, 0.6451613, 0.09090909
TRUE, 0, 0, 3, 17, 0.85, 0.85, 1.0, 1.0, 0.83378744, 0.8360656
FALSE, 17, 3, 0, 0, 0.85, 0.0, 0.0, 0.0, 0.62068963, 0.09090909
TRUE, 0, 0, 3, 17, 0.85, 0.85, 1.0, 1.0, 0.83378744, 0.8360656
FALSE, 17, 3, 0, 0, 0.85, 0.0, 0.0, 0.0, 0.62068963, 0.09090909
TRUE, 0, 0, 2, 18, 0.9, 0.9, 1.0, 1.0, 0.8814433, 0.7826087
FALSE, 18, 2, 0, 0, 0.9, 0.0, 0.0, 0.0, 0.6333333, 0.09090909

SHARED-KC1
TRUE, 0, 0, 15, 70, 0.8235294, 0.8235294, 1.0, 1.0, 0.8197938, 0.9610984
FALSE, 70, 15, 0, 0, 0.8235294, 0.0, 0.0, 0.0, 0.6200873, 0.022988506
TRUE, 0, 0, 18, 67, 0.7882353, 0.7882353, 1.0, 1.0, 0.78490824, 0.96595913
FALSE, 67, 18, 0, 0, 0.7882353, 0.0, 0.0, 0.0, 0.6098655, 0.022988506
TRUE, 0, 0, 13, 72, 0.84705883, 0.84705883, 1.0, 1.0, 0.8430508, 0.95656615
FALSE, 72, 13, 0, 0, 0.84705883, 0.0, 0.0, 0.0, 0.62660944, 0.022988506
TRUE, 0, 0, 9, 76, 0.89411765, 0.89411765, 1.0, 1.0, 0.8895645, 0.94150037
FALSE, 76, 9, 0, 0, 0.89411765, 0.0, 0.0, 0.0, 0.6390042, 0.022988506
TRUE, 0, 0, 16, 69, 0.8117647, 0.8117647, 1.0, 1.0, 0.8081653, 0.9629307
FALSE, 69, 16, 0, 0, 0.8117647, 0.0, 0.0, 0.0, 0.6167401, 0.022988506

SHARED-KC2
TRUE, 0, 0, 4, 17, 0.8095238, 0.8095238, 1.0, 1.0, 0.7958388, 0.86624205
FALSE, 17, 4, 0, 0, 0.8095238, 0.0, 0.0, 0.0, 0.6101695, 0.08695652
TRUE, 0, 1, 2, 18, 0.85714287, 0.9, 0.94736844, 1.0, 0.8814433, 0.7826087
FALSE, 18, 2, 1, 0, 0.85714287, 0.0, 0.0, 0.05263158, 0.6333333, 0.09090909
TRUE, 3, 0, 3, 15, 0.85714287, 0.8333333, 1.0, 0.5, 0.82568806, 0.65217394
FALSE, 15, 3, 0, 3, 0.85714287, 1.0, 0.5, 0.0, 0.7826087, 0.11111111
TRUE, 0, 0, 5, 16, 0.7619048, 0.7619048, 1.0, 1.0, 0.7503448, 0.8839779
FALSE, 16, 5, 0, 0, 0.7619048, 0.0, 0.0, 0.0, 0.5964912, 0.08695652
TRUE, 1, 0, 2, 18, 0.9047619, 0.9, 1.0, 0.6666667, 0.8814433, 0.7826087
FALSE, 18, 2, 0, 1, 0.9047619, 1.0, 0.33333334, 0.0, 0.6333333, 0.09090909

SHARED-KC3
TRUE, 0, 0, 1, 18, 0.94736844, 0.94736844, 1.0, 1.0, 0.9255751, 0.6545454
FALSE, 18, 1, 0, 0, 0.94736844, 0.0, 0.0, 0.0, 0.6440678, 0.0952381
TRUE, 0, 1, 4, 14, 0.7368421, 0.7777778, 0.93333334, 1.0, 0.76363635, 0.86153847
FALSE, 14, 4, 1, 0, 0.7368421, 0.0, 0.0, 0.06666667, 0.6, 0.1
TRUE, 0, 1, 3, 15, 0.7894737, 0.8333333, 0.9375, 1.0, 0.81632656, 0.8333333
FALSE, 15, 3, 1, 0, 0.7894737, 0.0, 0.0, 0.0625, 0.61538464, 0.1
TRUE, 0, 0, 5, 14, 0.7368421, 0.7368421, 1.0, 1.0, 0.7253886, 0.8805031
FALSE, 14, 5, 0, 0, 0.7368421, 0.0, 0.0, 0.0, 0.5882353, 0.0952381
TRUE, 0, 0, 3, 16, 0.84210527, 0.84210527, 1.0, 1.0, 0.82549316, 0.8347826
FALSE, 16, 3, 0, 0, 0.84210527, 0.0, 0.0, 0.0, 0.6181818, 0.0952381

SHARED-MW1
TRUE, 0, 0, 1, 15, 0.9375, 0.9375, 1.0, 1.0, 0.9125475, 0.65217394
FALSE, 15, 1, 0, 0, 0.9375, 0.0, 0.0, 0.0, 0.64, 0.11111111
TRUE, 0, 0, 1, 15, 0.9375, 0.9375, 1.0, 1.0, 0.9125475, 0.65217394
FALSE, 15, 1, 0, 0, 0.9375, 0.0, 0.0, 0.0, 0.64, 0.11111111
TRUE, 0, 0, 2, 15, 0.88235295, 0.88235295, 1.0, 1.0, 0.8617594, 0.77922076
FALSE, 15, 2, 0, 0, 0.88235295, 0.0, 0.0, 0.0, 0.627451, 0.10526316
TRUE, 0, 0, 1, 16, 0.9411765, 0.9411765, 1.0, 1.0, 0.9173693, 0.6530612
FALSE, 16, 1, 0, 0, 0.9411765, 0.0, 0.0, 0.0, 0.6415094, 0.10526316
TRUE, 0, 0, 3, 14, 0.8235294, 0.8235294, 1.0, 1.0, 0.80614203, 0.83168316
FALSE, 14, 3, 0, 0, 0.8235294, 0.0, 0.0, 0.0, 0.6122449, 0.10526316

SHARED-MC2
TRUE, 0, 0, 3, 4, 0.5714286, 0.5714286, 1.0, 1.0, 0.5633803, 0.7741935
FALSE, 4, 3, 0, 0, 0.5714286, 0.0, 0.0, 0.0, 0.5263158, 0.22222222
TRUE, 0, 1, 2, 4, 0.5714286, 0.6666667, 0.8, 1.0, 0.6451613, 0.72727275
FALSE, 4, 2, 1, 0, 0.5714286, 0.0, 0.0, 0.2, 0.5555556, 0.25
TRUE, 0, 1, 3, 3, 0.42857143, 0.5, 0.75, 1.0, 0.5, 0.75
FALSE, 3, 3, 1, 0, 0.42857143, 0.0, 0.0, 0.25, 0.5, 0.25
TRUE, 0, 0, 4, 3, 0.42857143, 0.42857143, 1.0, 1.0, 0.43636364, 0.7741935
FALSE, 3, 4, 0, 0, 0.42857143, 0.0, 0.0, 0.0, 0.47058824, 0.22222222
TRUE, 0, 0, 3, 4, 0.5714286, 0.5714286, 1.0, 1.0, 0.5633803, 0.7741935
FALSE, 4, 3, 0, 0, 0.5714286, 0.0, 0.0, 0.0, 0.5263158, 0.22222222

SHARED-PC1
TRUE, 0, 3, 3, 39, 0.8666667, 0.9285714, 0.9285714, 1.0, 0.8981002, 0.82978725
FALSE, 39, 3, 3, 0, 0.8666667, 0.0, 0.0, 0.071428575, 0.3883495, 0.11111111
TRUE, 0, 1, 6, 38, 0.84444445, 0.8636364, 0.974359, 1.0, 0.8556582, 0.912
FALSE, 38, 6, 1, 0, 0.84444445, 0.0, 0.0, 0.025641026, 0.62903225, 0.04347826
TRUE, 0, 2, 3, 40, 0.8888889, 0.9302326, 0.95238096, 1.0, 0.91035247, 0.83916086
FALSE, 40, 3, 2, 0, 0.8888889, 0.0, 0.0, 0.04761905, 0.4852071, 0.08
TRUE, 0, 1, 5, 39, 0.8666667, 0.8863636, 0.975, 1.0, 0.8778841, 0.8986175
FALSE, 39, 5, 1, 0, 0.8666667, 0.0, 0.0, 0.025, 0.63492066, 0.04347826
TRUE, 0, 0, 3, 42, 0.93333334, 0.93333334, 1.0, 1.0, 0.9240215, 0.8484849
FALSE, 42, 3, 0, 0, 0.93333334, 0.0, 0.0, 0.0, 0.6466165, 0.04255319

AR3
TRUE, 0, 0, 0, 3, 1.0, 1.0, 1.0, 0.0, 0.7058824, 0.6
FALSE, 3, 0, 0, 0, 1.0, 0.0, 0.0, 0.0, 0.5714286, 0.33333334
TRUE, 0, 0, 1, 2, 0.6666667, 0.6666667, 1.0, 1.0, 0.6315789, 0.5714286
FALSE, 2, 1, 0, 0, 0.6666667, 0.0, 0.0, 0.0, 0.54545456, 0.4
TRUE, 0, 0, 0, 3, 1.0, 1.0, 1.0, 0.0, 0.7058824, 0.6
FALSE, 3, 0, 0, 0, 1.0, 0.0, 0.0, 0.0, 0.5714286, 0.33333334
TRUE, 0, 0, 0, 3, 1.0, 1.0, 1.0, 0.0, 0.7058824, 0.6
FALSE, 3, 0, 0, 0, 1.0, 0.0, 0.0, 0.0, 0.5714286, 0.33333334
TRUE, 0, 0, 1, 2, 0.6666667, 0.6666667, 1.0, 1.0, 0.6315789, 0.5714286
FALSE, 2, 1, 0, 0, 0.6666667, 0.0, 0.0, 0.0, 0.54545456, 0.4

AR4
TRUE, 0, 0, 0, 5, 1.0, 1.0, 1.0, 0.0, 0.7894737, 0.625
FALSE, 5, 0, 0, 0, 1.0, 0.0, 0.0, 0.0, 0.6, 0.25
TRUE, 0, 0, 0, 5, 1.0, 1.0, 1.0, 0.0, 0.7894737, 0.625
FALSE, 5, 0, 0, 0, 1.0, 0.0, 0.0, 0.0, 0.6, 0.25
TRUE, 0, 0, 1, 4, 0.8, 0.8, 1.0, 1.0, 0.754717, 0.61538464
FALSE, 4, 1, 0, 0, 0.8, 0.0, 0.0, 0.0, 0.5882353, 0.2857143
TRUE, 0, 1, 0, 4, 0.8, 1.0, 0.8, 0.0, 0.754717, 0.61538464
FALSE, 4, 0, 1, 0, 0.8, 0.0, 0.0, 0.2, 0.5882353, 0.2857143
TRUE, 0, 0, 1, 4, 0.8, 0.8, 1.0, 1.0, 0.754717, 0.61538464
FALSE, 4, 1, 0, 0, 0.8, 0.0, 0.0, 0.0, 0.5882353, 0.2857143

AR5
TRUE, 0, 0, 0, 2, 1.0, 1.0, 1.0, 0.0, 0.6315789, 0.5714286
FALSE, 2, 0, 0, 0, 1.0, 0.0, 0.0, 0.0, 0.54545456, 0.4
TRUE, 0, 0, 0, 2, 1.0, 1.0, 1.0, 0.0, 0.6315789, 0.5714286
FALSE, 2, 0, 0, 0, 1.0, 0.0, 0.0, 0.0, 0.54545456, 0.4
TRUE, 0, 0, 1, 1, 0.5, 0.5, 1.0, 1.0, 0.5, 0.5
FALSE, 1, 1, 0, 0, 0.5, 0.0, 0.0, 0.0, 0.5, 0.5
TRUE, 0, 0, 1, 1, 0.5, 0.5, 1.0, 1.0, 0.5, 0.5
FALSE, 1, 1, 0, 0, 0.5, 0.0, 0.0, 0.0, 0.5, 0.5
TRUE, 0, 0, 0, 2, 1.0, 1.0, 1.0, 0.0, 0.6315789, 0.5714286
FALSE, 2, 0, 0, 0, 1.0, 0.0, 0.0, 0.0, 0.54545456, 0.4

