SHARED-CM1
TRUE, 0, 0, 16, 4, 0.2, 0.2, 1.0, 1.0, 0.21276596, 0.8648649
FALSE, 4, 16, 0, 0, 0.2, 0.0, 0.0, 0.0, 0.3125, 0.09090909
TRUE, 3, 0, 16, 1, 0.2, 0.05882353, 1.0, 0.84210527, 0.08988764, 0.627451
FALSE, 1, 16, 0, 3, 0.2, 1.0, 0.15789473, 0.0, 0.30379745, 0.24
TRUE, 15, 1, 4, 0, 0.75, 0.0, 0.0, 0.21052632, 0.31683168, 0.2962963
FALSE, 0, 4, 1, 15, 0.75, 0.9375, 0.7894737, 1.0, 0.8406305, 0.6122449
TRUE, 5, 1, 11, 3, 0.4, 0.21428572, 0.75, 0.6875, 0.27906978, 0.7173913
FALSE, 3, 11, 1, 5, 0.4, 0.8333333, 0.3125, 0.25, 0.5405405, 0.2777778
TRUE, 4, 0, 15, 1, 0.25, 0.0625, 1.0, 0.7894737, 0.0990099, 0.6122449
FALSE, 1, 15, 0, 4, 0.25, 1.0, 0.21052632, 0.0, 0.36697248, 0.2962963

SHARED-KC1
TRUE, 17, 1, 58, 9, 0.30588236, 0.13432837, 0.9, 0.7733333, 0.1866773, 0.8318725
FALSE, 9, 58, 1, 17, 0.30588236, 0.9444444, 0.22666667, 0.1, 0.4621014, 0.13877551
TRUE, 35, 0, 42, 8, 0.5058824, 0.16, 1.0, 0.54545456, 0.24242425, 0.6760563
FALSE, 8, 42, 0, 35, 0.5058824, 1.0, 0.45454547, 0.0, 0.6603774, 0.17857143
TRUE, 31, 3, 42, 9, 0.47058824, 0.1764706, 0.75, 0.5753425, 0.25668448, 0.6511628
FALSE, 9, 42, 3, 31, 0.47058824, 0.9117647, 0.42465752, 0.25, 0.620776, 0.3147208
TRUE, 24, 4, 47, 10, 0.4, 0.1754386, 0.71428573, 0.6619718, 0.24390244, 0.6871345
FALSE, 10, 47, 4, 24, 0.4, 0.85714287, 0.33802816, 0.2857143, 0.54545456, 0.30967742
TRUE, 37, 1, 28, 19, 0.65882355, 0.40425533, 0.95, 0.43076923, 0.5010596, 0.59275764
FALSE, 19, 28, 1, 37, 0.65882355, 0.9736842, 0.5692308, 0.05, 0.7858904, 0.091925465

SHARED-KC2
TRUE, 4, 0, 15, 2, 0.2857143, 0.11764706, 1.0, 0.7894737, 0.16438356, 0.72289157
FALSE, 2, 15, 0, 4, 0.2857143, 1.0, 0.21052632, 0.0, 0.40677965, 0.2580645
TRUE, 5, 0, 10, 6, 0.52380955, 0.375, 1.0, 0.6666667, 0.42857143, 0.75
FALSE, 6, 10, 0, 5, 0.52380955, 1.0, 0.33333334, 0.0, 0.625, 0.2
TRUE, 2, 0, 14, 5, 0.33333334, 0.2631579, 1.0, 0.875, 0.28806585, 0.85365856
FALSE, 5, 14, 0, 2, 0.33333334, 1.0, 0.125, 0.0, 0.43076923, 0.14285715
TRUE, 9, 2, 9, 1, 0.47619048, 0.1, 0.33333334, 0.5, 0.16528925, 0.4
FALSE, 1, 9, 2, 9, 0.47619048, 0.8181818, 0.5, 0.6666667, 0.6020067, 0.5714286
TRUE, 9, 0, 8, 4, 0.61904764, 0.33333334, 1.0, 0.47058824, 0.4262295, 0.5925926
FALSE, 4, 8, 0, 9, 0.61904764, 1.0, 0.5294118, 0.0, 0.7134146, 0.29032257

SHARED-KC3
TRUE, 8, 0, 9, 2, 0.5263158, 0.18181819, 1.0, 0.5294118, 0.26666668, 0.59016395
FALSE, 2, 9, 0, 8, 0.5263158, 1.0, 0.47058824, 0.0, 0.64, 0.3902439
TRUE, 4, 0, 13, 2, 0.31578946, 0.13333334, 1.0, 0.7647059, 0.18461539, 0.7123288
FALSE, 2, 13, 0, 4, 0.31578946, 1.0, 0.23529412, 0.0, 0.43636364, 0.27586207
TRUE, 1, 0, 17, 1, 0.10526316, 0.055555556, 1.0, 0.9444444, 0.071428575, 0.65384614
FALSE, 1, 17, 0, 1, 0.10526316, 1.0, 0.055555556, 0.0, 0.16666667, 0.1
TRUE, 8, 0, 8, 3, 0.57894737, 0.27272728, 1.0, 0.5, 0.3646409, 0.6
FALSE, 3, 8, 0, 8, 0.57894737, 1.0, 0.5, 0.0, 0.6795367, 0.33333334
TRUE, 0, 0, 18, 1, 0.05263158, 0.05263158, 1.0, 1.0, 0.06779661, 0.6545454
FALSE, 1, 18, 0, 0, 0.05263158, 0.0, 0.0, 0.0, 0.16, 0.0952381

SHARED-MW1
TRUE, 5, 0, 11, 0, 0.3125, 0.0, 0.0, 0.6875, 0.13333334, 0.57894737
FALSE, 0, 11, 0, 5, 0.3125, 1.0, 0.3125, 0.0, 0.47619048, 0.3846154
TRUE, 0, 0, 14, 2, 0.125, 0.125, 1.0, 1.0, 0.14285715, 0.7777778
FALSE, 2, 14, 0, 0, 0.125, 0.0, 0.0, 0.0, 0.25, 0.11111111
TRUE, 8, 0, 9, 0, 0.47058824, 0.0, 0.0, 0.5294118, 0.16513762, 0.51428574
FALSE, 0, 9, 0, 8, 0.47058824, 1.0, 0.47058824, 0.0, 0.6180258, 0.4848485
TRUE, 1, 0, 16, 0, 0.05882353, 0.0, 0.0, 0.9411765, 0.0754717, 0.6530612
FALSE, 0, 16, 0, 1, 0.05882353, 1.0, 0.05882353, 0.0, 0.17391305, 0.10526316
TRUE, 3, 0, 13, 1, 0.23529412, 0.071428575, 1.0, 0.8125, 0.10810811, 0.61904764
FALSE, 1, 13, 0, 3, 0.23529412, 1.0, 0.1875, 0.0, 0.34285715, 0.27272728

SHARED-MC2
TRUE, 0, 0, 6, 1, 0.14285715, 0.14285715, 1.0, 1.0, 0.17391305, 0.6315789
FALSE, 1, 6, 0, 0, 0.14285715, 0.0, 0.0, 0.0, 0.30769232, 0.22222222
TRUE, 1, 1, 3, 2, 0.42857143, 0.4, 0.6666667, 0.75, 0.41379312, 0.7058824
FALSE, 2, 3, 1, 1, 0.42857143, 0.5, 0.25, 0.33333334, 0.46153846, 0.2857143
TRUE, 0, 0, 4, 3, 0.42857143, 0.42857143, 1.0, 1.0, 0.43636364, 0.7741935
FALSE, 3, 4, 0, 0, 0.42857143, 0.0, 0.0, 0.0, 0.47058824, 0.22222222
TRUE, 1, 1, 3, 2, 0.42857143, 0.4, 0.6666667, 0.75, 0.41379312, 0.7058824
FALSE, 2, 3, 1, 1, 0.42857143, 0.5, 0.25, 0.33333334, 0.46153846, 0.2857143
TRUE, 2, 0, 5, 0, 0.2857143, 0.0, 0.0, 0.71428573, 0.22222222, 0.5882353
FALSE, 0, 5, 0, 2, 0.2857143, 1.0, 0.2857143, 0.0, 0.44444445, 0.36363637

SHARED-PC1
TRUE, 3, 1, 39, 2, 0.11111111, 0.048780486, 0.6666667, 0.9285714, 0.06779661, 0.7761194
FALSE, 2, 39, 1, 3, 0.11111111, 0.75, 0.071428575, 0.33333334, 0.19354838, 0.11764706
TRUE, 24, 2, 16, 3, 0.6, 0.15789473, 0.6, 0.4, 0.25, 0.48
FALSE, 3, 16, 2, 24, 0.6, 0.9230769, 0.6, 0.4, 0.72727275, 0.48
TRUE, 3, 0, 39, 3, 0.13333334, 0.071428575, 1.0, 0.9285714, 0.092307694, 0.82978725
FALSE, 3, 39, 0, 3, 0.13333334, 1.0, 0.071428575, 0.0, 0.22222222, 0.11111111
TRUE, 0, 0, 39, 6, 0.13333334, 0.13333334, 1.0, 1.0, 0.14070351, 0.9122807
FALSE, 6, 39, 0, 0, 0.13333334, 0.0, 0.0, 0.0, 0.22950819, 0.04255319
TRUE, 3, 1, 40, 1, 0.08888889, 0.024390243, 0.5, 0.9302326, 0.03827751, 0.6504065
FALSE, 1, 40, 1, 3, 0.08888889, 0.75, 0.069767445, 0.5, 0.1589404, 0.12244898

AR3
TRUE, 0, 0, 3, 0, 0.0, 0.0, 0.0, 1.0, 0.2857143, 0.6
FALSE, 0, 3, 0, 0, 0.0, 0.0, 0.0, 0.0, 0.4, 0.33333334
TRUE, 0, 0, 3, 0, 0.0, 0.0, 0.0, 1.0, 0.2857143, 0.6
FALSE, 0, 3, 0, 0, 0.0, 0.0, 0.0, 0.0, 0.4, 0.33333334
TRUE, 2, 0, 1, 0, 0.6666667, 0.0, 0.0, 0.33333334, 0.54545456, 0.4
FALSE, 0, 1, 0, 2, 0.6666667, 1.0, 0.6666667, 0.0, 0.6315789, 0.5714286
TRUE, 1, 2, 0, 0, 0.33333334, 0.0, 0.0, 0.0, 0.44444445, 0.4
FALSE, 0, 0, 2, 1, 0.33333334, 0.33333334, 1.0, 1.0, 0.36363637, 0.5714286
TRUE, 3, 0, 0, 0, 1.0, 0.0, 0.0, 0.0, 0.5714286, 0.33333334
FALSE, 0, 0, 0, 3, 1.0, 1.0, 1.0, 0.0, 0.7058824, 0.6

AR4
TRUE, 4, 1, 0, 0, 0.8, 0.0, 0.0, 0.0, 0.5882353, 0.2857143
FALSE, 0, 0, 1, 4, 0.8, 0.8, 1.0, 1.0, 0.754717, 0.61538464
TRUE, 4, 0, 1, 0, 0.8, 0.0, 0.0, 0.2, 0.5882353, 0.2857143
FALSE, 0, 1, 0, 4, 0.8, 1.0, 0.8, 0.0, 0.754717, 0.61538464
TRUE, 5, 0, 0, 0, 1.0, 0.0, 0.0, 0.0, 0.6, 0.25
FALSE, 0, 0, 0, 5, 1.0, 1.0, 1.0, 0.0, 0.7894737, 0.625
TRUE, 4, 1, 0, 0, 0.8, 0.0, 0.0, 0.0, 0.5882353, 0.2857143
FALSE, 0, 0, 1, 4, 0.8, 0.8, 1.0, 1.0, 0.754717, 0.61538464
TRUE, 5, 0, 0, 0, 1.0, 0.0, 0.0, 0.0, 0.6, 0.25
FALSE, 0, 0, 0, 5, 1.0, 1.0, 1.0, 0.0, 0.7894737, 0.625

AR5
TRUE, 1, 1, 0, 0, 0.5, 0.0, 0.0, 0.0, 0.5, 0.5
FALSE, 0, 0, 1, 1, 0.5, 0.5, 1.0, 1.0, 0.5, 0.5
TRUE, 1, 1, 0, 0, 0.5, 0.0, 0.0, 0.0, 0.5, 0.5
FALSE, 0, 0, 1, 1, 0.5, 0.5, 1.0, 1.0, 0.5, 0.5
TRUE, 1, 1, 0, 0, 0.5, 0.0, 0.0, 0.0, 0.5, 0.5
FALSE, 0, 0, 1, 1, 0.5, 0.5, 1.0, 1.0, 0.5, 0.5
TRUE, 2, 0, 0, 0, 1.0, 0.0, 0.0, 0.0, 0.54545456, 0.4
FALSE, 0, 0, 0, 2, 1.0, 1.0, 1.0, 0.0, 0.6315789, 0.5714286
TRUE, 1, 0, 1, 0, 0.5, 0.0, 0.0, 0.5, 0.5, 0.5
FALSE, 0, 1, 0, 1, 0.5, 1.0, 0.5, 0.0, 0.5, 0.5

