SHARED-CM1
TRUE, 18, 2, 0, 0, 0.9, 0.0, 0.0, 0.0, 0.6333333, 0.09090909
FALSE, 0, 0, 2, 18, 0.9, 0.9, 1.0, 1.0, 0.8814433, 0.7826087
TRUE, 17, 3, 0, 0, 0.85, 0.0, 0.0, 0.0, 0.62068963, 0.09090909
FALSE, 0, 0, 3, 17, 0.85, 0.85, 1.0, 1.0, 0.83378744, 0.8360656
TRUE, 20, 0, 0, 0, 1.0, 0.0, 0.0, 0.0, 0.64615387, 0.08695652
FALSE, 0, 0, 0, 20, 1.0, 1.0, 1.0, 0.0, 0.93229747, 0.6557377
TRUE, 19, 1, 0, 0, 0.95, 0.0, 0.0, 0.0, 0.6451613, 0.09090909
FALSE, 0, 0, 1, 19, 0.95, 0.95, 1.0, 1.0, 0.9290953, 0.6551724
TRUE, 17, 3, 0, 0, 0.85, 0.0, 0.0, 0.0, 0.62068963, 0.09090909
FALSE, 0, 0, 3, 17, 0.85, 0.85, 1.0, 1.0, 0.83378744, 0.8360656

SHARED-KC1
TRUE, 72, 13, 0, 0, 0.84705883, 0.0, 0.0, 0.0, 0.62660944, 0.022988506
FALSE, 0, 0, 13, 72, 0.84705883, 0.84705883, 1.0, 1.0, 0.8430508, 0.95656615
TRUE, 69, 16, 0, 0, 0.8117647, 0.0, 0.0, 0.0, 0.6167401, 0.022988506
FALSE, 0, 0, 16, 69, 0.8117647, 0.8117647, 1.0, 1.0, 0.8081653, 0.9629307
TRUE, 70, 15, 0, 0, 0.8235294, 0.0, 0.0, 0.0, 0.6200873, 0.022988506
FALSE, 0, 0, 15, 70, 0.8235294, 0.8235294, 1.0, 1.0, 0.8197938, 0.9610984
TRUE, 77, 8, 0, 0, 0.90588236, 0.0, 0.0, 0.0, 0.6419753, 0.022988506
FALSE, 0, 0, 8, 77, 0.90588236, 0.90588236, 1.0, 1.0, 0.9011929, 0.9354594
TRUE, 69, 16, 0, 0, 0.8117647, 0.0, 0.0, 0.0, 0.6167401, 0.022988506
FALSE, 0, 0, 16, 69, 0.8117647, 0.8117647, 1.0, 1.0, 0.8081653, 0.9629307

SHARED-KC2
TRUE, 12, 1, 6, 2, 0.6666667, 0.25, 0.6666667, 0.33333334, 0.36363637, 0.44444445
FALSE, 2, 6, 1, 12, 0.6666667, 0.9230769, 0.6666667, 0.33333334, 0.7741935, 0.44444445
TRUE, 14, 1, 3, 3, 0.8095238, 0.5, 0.75, 0.1764706, 0.6181818, 0.2857143
FALSE, 3, 3, 1, 14, 0.8095238, 0.93333334, 0.8235294, 0.25, 0.867031, 0.38356164
TRUE, 14, 4, 0, 3, 0.8095238, 1.0, 0.42857143, 0.0, 0.76119405, 0.115384616
FALSE, 3, 0, 4, 14, 0.8095238, 0.7777778, 1.0, 0.5714286, 0.7752443, 0.70886075
TRUE, 17, 0, 2, 2, 0.9047619, 0.5, 1.0, 0.10526316, 0.6333333, 0.18181819
FALSE, 2, 2, 0, 17, 0.9047619, 1.0, 0.8947368, 0.0, 0.9022346, 0.4857143
TRUE, 14, 2, 4, 1, 0.71428573, 0.2, 0.33333334, 0.22222222, 0.3125, 0.26666668
FALSE, 1, 4, 2, 14, 0.71428573, 0.875, 0.7777778, 0.6666667, 0.78651685, 0.71794873

SHARED-KC3
TRUE, 16, 3, 0, 0, 0.84210527, 0.0, 0.0, 0.0, 0.6181818, 0.0952381
FALSE, 0, 0, 3, 16, 0.84210527, 0.84210527, 1.0, 1.0, 0.82549316, 0.8347826
TRUE, 19, 0, 0, 0, 1.0, 0.0, 0.0, 0.0, 0.6451613, 0.09090909
FALSE, 0, 0, 0, 19, 1.0, 1.0, 1.0, 0.0, 0.9290953, 0.6551724
TRUE, 16, 3, 0, 0, 0.84210527, 0.0, 0.0, 0.0, 0.6181818, 0.0952381
FALSE, 0, 0, 3, 16, 0.84210527, 0.84210527, 1.0, 1.0, 0.82549316, 0.8347826
TRUE, 14, 5, 0, 0, 0.7368421, 0.0, 0.0, 0.0, 0.5882353, 0.0952381
FALSE, 0, 0, 5, 14, 0.7368421, 0.7368421, 1.0, 1.0, 0.7253886, 0.8805031
TRUE, 15, 4, 0, 0, 0.7894737, 0.0, 0.0, 0.0, 0.6037736, 0.0952381
FALSE, 0, 0, 4, 15, 0.7894737, 0.7894737, 1.0, 1.0, 0.77544427, 0.8633093

SHARED-MW1
TRUE, 16, 0, 0, 0, 1.0, 0.0, 0.0, 0.0, 0.6415094, 0.10526316
FALSE, 0, 0, 0, 16, 1.0, 1.0, 1.0, 0.0, 0.9173693, 0.6530612
TRUE, 15, 1, 0, 0, 0.9375, 0.0, 0.0, 0.0, 0.64, 0.11111111
FALSE, 0, 0, 1, 15, 0.9375, 0.9375, 1.0, 1.0, 0.9125475, 0.65217394
TRUE, 16, 1, 0, 0, 0.9411765, 0.0, 0.0, 0.0, 0.6415094, 0.10526316
FALSE, 0, 0, 1, 16, 0.9411765, 0.9411765, 1.0, 1.0, 0.9173693, 0.6530612
TRUE, 16, 1, 0, 0, 0.9411765, 0.0, 0.0, 0.0, 0.6415094, 0.10526316
FALSE, 0, 0, 1, 16, 0.9411765, 0.9411765, 1.0, 1.0, 0.9173693, 0.6530612
TRUE, 15, 2, 0, 0, 0.88235295, 0.0, 0.0, 0.0, 0.627451, 0.10526316
FALSE, 0, 0, 2, 15, 0.88235295, 0.88235295, 1.0, 1.0, 0.8617594, 0.77922076

SHARED-MC2
TRUE, 4, 2, 0, 1, 0.71428573, 1.0, 0.33333334, 0.0, 0.5555556, 0.25
FALSE, 1, 0, 2, 4, 0.71428573, 0.6666667, 1.0, 0.6666667, 0.6451613, 0.72727275
TRUE, 4, 1, 1, 1, 0.71428573, 0.5, 0.5, 0.2, 0.5882353, 0.2857143
FALSE, 1, 1, 1, 4, 0.71428573, 0.8, 0.8, 0.5, 0.754717, 0.61538464
TRUE, 2, 2, 1, 2, 0.5714286, 0.6666667, 0.5, 0.33333334, 0.61538464, 0.4
FALSE, 2, 1, 2, 2, 0.5714286, 0.5, 0.6666667, 0.5, 0.53333336, 0.5714286
TRUE, 5, 2, 0, 0, 0.71428573, 0.0, 0.0, 0.0, 0.5714286, 0.22222222
FALSE, 0, 0, 2, 5, 0.71428573, 0.71428573, 1.0, 1.0, 0.6896552, 0.7407407
TRUE, 3, 2, 2, 0, 0.42857143, 0.0, 0.0, 0.4, 0.4, 0.36363637
FALSE, 0, 2, 2, 3, 0.42857143, 0.6, 0.6, 1.0, 0.54545456, 0.6315789

SHARED-PC1
TRUE, 42, 2, 1, 0, 0.93333334, 0.0, 0.0, 0.023255814, 0.6515151, 0.04347826
FALSE, 0, 1, 2, 42, 0.93333334, 0.95454544, 0.9767442, 1.0, 0.94456065, 0.7924528
TRUE, 40, 1, 3, 1, 0.9111111, 0.25, 0.5, 0.069767445, 0.3923445, 0.12244898
FALSE, 1, 3, 1, 40, 0.9111111, 0.9756098, 0.9302326, 0.5, 0.942258, 0.6504065
TRUE, 39, 2, 3, 1, 0.8888889, 0.25, 0.33333334, 0.071428575, 0.3902439, 0.11764706
FALSE, 1, 3, 2, 39, 0.8888889, 0.9512195, 0.9285714, 0.6666667, 0.91899854, 0.7761194
TRUE, 43, 1, 0, 1, 0.9777778, 1.0, 0.5, 0.0, 0.6567164, 0.04347826
FALSE, 1, 0, 1, 43, 0.9777778, 0.97727275, 1.0, 0.5, 0.9667859, 0.6615385
TRUE, 43, 1, 1, 0, 0.95555556, 0.0, 0.0, 0.022727273, 0.6567164, 0.04347826
FALSE, 0, 1, 1, 43, 0.95555556, 0.97727275, 0.97727275, 1.0, 0.9667859, 0.6615385

AR3
TRUE, 3, 0, 0, 0, 1.0, 0.0, 0.0, 0.0, 0.5714286, 0.33333334
FALSE, 0, 0, 0, 3, 1.0, 1.0, 1.0, 0.0, 0.7058824, 0.6
TRUE, 3, 0, 0, 0, 1.0, 0.0, 0.0, 0.0, 0.5714286, 0.33333334
FALSE, 0, 0, 0, 3, 1.0, 1.0, 1.0, 0.0, 0.7058824, 0.6
TRUE, 3, 0, 0, 0, 1.0, 0.0, 0.0, 0.0, 0.5714286, 0.33333334
FALSE, 0, 0, 0, 3, 1.0, 1.0, 1.0, 0.0, 0.7058824, 0.6
TRUE, 3, 0, 0, 0, 1.0, 0.0, 0.0, 0.0, 0.5714286, 0.33333334
FALSE, 0, 0, 0, 3, 1.0, 1.0, 1.0, 0.0, 0.7058824, 0.6
TRUE, 2, 1, 0, 0, 0.6666667, 0.0, 0.0, 0.0, 0.54545456, 0.4
FALSE, 0, 0, 1, 2, 0.6666667, 0.6666667, 1.0, 1.0, 0.6315789, 0.5714286

AR4
TRUE, 5, 0, 0, 0, 1.0, 0.0, 0.0, 0.0, 0.6, 0.25
FALSE, 0, 0, 0, 5, 1.0, 1.0, 1.0, 0.0, 0.7894737, 0.625
TRUE, 4, 1, 0, 0, 0.8, 0.0, 0.0, 0.0, 0.5882353, 0.2857143
FALSE, 0, 0, 1, 4, 0.8, 0.8, 1.0, 1.0, 0.754717, 0.61538464
TRUE, 4, 1, 0, 0, 0.8, 0.0, 0.0, 0.0, 0.5882353, 0.2857143
FALSE, 0, 0, 1, 4, 0.8, 0.8, 1.0, 1.0, 0.754717, 0.61538464
TRUE, 4, 1, 0, 0, 0.8, 0.0, 0.0, 0.0, 0.5882353, 0.2857143
FALSE, 0, 0, 1, 4, 0.8, 0.8, 1.0, 1.0, 0.754717, 0.61538464
TRUE, 4, 1, 0, 0, 0.8, 0.0, 0.0, 0.0, 0.5882353, 0.2857143
FALSE, 0, 0, 1, 4, 0.8, 0.8, 1.0, 1.0, 0.754717, 0.61538464

AR5
TRUE, 1, 1, 0, 0, 0.5, 0.0, 0.0, 0.0, 0.5, 0.5
FALSE, 0, 0, 1, 1, 0.5, 0.5, 1.0, 1.0, 0.5, 0.5
TRUE, 1, 1, 0, 0, 0.5, 0.0, 0.0, 0.0, 0.5, 0.5
FALSE, 0, 0, 1, 1, 0.5, 0.5, 1.0, 1.0, 0.5, 0.5
TRUE, 1, 1, 0, 0, 0.5, 0.0, 0.0, 0.0, 0.5, 0.5
FALSE, 0, 0, 1, 1, 0.5, 0.5, 1.0, 1.0, 0.5, 0.5
TRUE, 2, 0, 0, 0, 1.0, 0.0, 0.0, 0.0, 0.54545456, 0.4
FALSE, 0, 0, 0, 2, 1.0, 1.0, 1.0, 0.0, 0.6315789, 0.5714286
TRUE, 2, 0, 0, 0, 1.0, 0.0, 0.0, 0.0, 0.54545456, 0.4
FALSE, 0, 0, 0, 2, 1.0, 1.0, 1.0, 0.0, 0.6315789, 0.5714286

