SHARED-CM1
TRUE, 18, 1, 1, 0, 0.9, 0.0, 0.0, 0.05263158, 0.6440678, 0.0952381
FALSE, 0, 1, 1, 18, 0.9, 0.94736844, 0.94736844, 1.0, 0.9255751, 0.6545454
TRUE, 18, 2, 0, 0, 0.9, 0.0, 0.0, 0.0, 0.6333333, 0.09090909
FALSE, 0, 0, 2, 18, 0.9, 0.9, 1.0, 1.0, 0.8814433, 0.7826087
TRUE, 19, 1, 0, 0, 0.95, 0.0, 0.0, 0.0, 0.6451613, 0.09090909
FALSE, 0, 0, 1, 19, 0.95, 0.95, 1.0, 1.0, 0.9290953, 0.6551724
TRUE, 17, 3, 0, 0, 0.85, 0.0, 0.0, 0.0, 0.62068963, 0.09090909
FALSE, 0, 0, 3, 17, 0.85, 0.85, 1.0, 1.0, 0.83378744, 0.8360656
TRUE, 18, 2, 0, 0, 0.9, 0.0, 0.0, 0.0, 0.6333333, 0.09090909
FALSE, 0, 0, 2, 18, 0.9, 0.9, 1.0, 1.0, 0.8814433, 0.7826087

SHARED-KC1
TRUE, 54, 5, 18, 8, 0.7294118, 0.30769232, 0.61538464, 0.25, 0.43280977, 0.35555556
FALSE, 8, 18, 5, 54, 0.7294118, 0.91525424, 0.75, 0.3846154, 0.81183314, 0.5084746
TRUE, 49, 2, 21, 13, 0.7294118, 0.38235295, 0.8666667, 0.3, 0.5017118, 0.4457143
FALSE, 13, 21, 2, 49, 0.7294118, 0.9607843, 0.7, 0.13333334, 0.82926166, 0.224
TRUE, 47, 4, 23, 11, 0.68235296, 0.32352942, 0.73333335, 0.32857144, 0.4389405, 0.45381165
FALSE, 11, 23, 4, 47, 0.68235296, 0.92156863, 0.67142856, 0.26666668, 0.784122, 0.38172588
TRUE, 57, 4, 20, 4, 0.7176471, 0.16666667, 0.5, 0.25974026, 0.27051, 0.34188035
FALSE, 4, 20, 4, 57, 0.7176471, 0.93442625, 0.74025977, 0.5, 0.8118141, 0.5968586
TRUE, 55, 7, 20, 3, 0.68235296, 0.13043478, 0.3, 0.26666668, 0.21900566, 0.28235295
FALSE, 3, 20, 7, 55, 0.68235296, 0.88709676, 0.73333335, 0.7, 0.7713699, 0.7162791

SHARED-KC2
TRUE, 15, 4, 1, 1, 0.7619048, 0.5, 0.2, 0.0625, 0.6037736, 0.0952381
FALSE, 1, 1, 4, 15, 0.7619048, 0.7894737, 0.9375, 0.8, 0.77544427, 0.8633093
TRUE, 15, 2, 1, 3, 0.85714287, 0.75, 0.6, 0.0625, 0.8, 0.11320755
FALSE, 3, 1, 2, 15, 0.85714287, 0.88235295, 0.9375, 0.4, 0.8695652, 0.5607477
TRUE, 12, 7, 1, 1, 0.61904764, 0.5, 0.125, 0.07692308, 0.5531915, 0.0952381
FALSE, 1, 1, 7, 12, 0.61904764, 0.6315789, 0.9230769, 0.875, 0.6252505, 0.8983957
TRUE, 13, 2, 3, 3, 0.7619048, 0.5, 0.6, 0.1875, 0.6037736, 0.2857143
FALSE, 3, 3, 2, 13, 0.7619048, 0.8666667, 0.8125, 0.4, 0.8109162, 0.53608245
TRUE, 12, 0, 6, 3, 0.71428573, 0.33333334, 1.0, 0.33333334, 0.4477612, 0.46153846
FALSE, 3, 6, 0, 12, 0.71428573, 1.0, 0.6666667, 0.0, 0.78431374, 0.36363637

SHARED-KC3
TRUE, 18, 1, 0, 0, 0.94736844, 0.0, 0.0, 0.0, 0.6440678, 0.0952381
FALSE, 0, 0, 1, 18, 0.94736844, 0.94736844, 1.0, 1.0, 0.9255751, 0.6545454
TRUE, 15, 4, 0, 0, 0.7894737, 0.0, 0.0, 0.0, 0.6037736, 0.0952381
FALSE, 0, 0, 4, 15, 0.7894737, 0.7894737, 1.0, 1.0, 0.77544427, 0.8633093
TRUE, 13, 2, 4, 0, 0.68421054, 0.0, 0.0, 0.23529412, 0.31111112, 0.27586207
FALSE, 0, 4, 2, 13, 0.68421054, 0.8666667, 0.7647059, 1.0, 0.77446806, 0.7123288
TRUE, 16, 1, 2, 0, 0.84210527, 0.0, 0.0, 0.11111111, 0.47887325, 0.18181819
FALSE, 0, 2, 1, 16, 0.84210527, 0.9411765, 0.8888889, 1.0, 0.89326763, 0.64
TRUE, 17, 1, 0, 1, 0.94736844, 1.0, 0.5, 0.0, 0.64285713, 0.1
FALSE, 1, 0, 1, 17, 0.94736844, 0.9444444, 1.0, 0.5, 0.92168677, 0.65384614

SHARED-MW1
TRUE, 16, 0, 0, 0, 1.0, 0.0, 0.0, 0.0, 0.6415094, 0.10526316
FALSE, 0, 0, 0, 16, 1.0, 1.0, 1.0, 0.0, 0.9173693, 0.6530612
TRUE, 14, 1, 1, 0, 0.875, 0.0, 0.0, 0.06666667, 0.63829786, 0.11764706
FALSE, 0, 1, 1, 14, 0.875, 0.93333334, 0.93333334, 1.0, 0.90712744, 0.6511628
TRUE, 16, 1, 0, 0, 0.9411765, 0.0, 0.0, 0.0, 0.6415094, 0.10526316
FALSE, 0, 0, 1, 16, 0.9411765, 0.9411765, 1.0, 1.0, 0.9173693, 0.6530612
TRUE, 17, 0, 0, 0, 1.0, 0.0, 0.0, 0.0, 0.64285713, 0.1
FALSE, 0, 0, 0, 17, 1.0, 1.0, 1.0, 0.0, 0.92168677, 0.65384614
TRUE, 16, 0, 1, 0, 0.9411765, 0.0, 0.0, 0.05882353, 0.6415094, 0.10526316
FALSE, 0, 1, 0, 16, 0.9411765, 1.0, 0.9411765, 0.0, 0.9173693, 0.6530612

SHARED-MC2
TRUE, 4, 2, 1, 0, 0.5714286, 0.0, 0.0, 0.2, 0.5555556, 0.25
FALSE, 0, 1, 2, 4, 0.5714286, 0.6666667, 0.8, 1.0, 0.6451613, 0.72727275
TRUE, 4, 3, 0, 0, 0.5714286, 0.0, 0.0, 0.0, 0.5263158, 0.22222222
FALSE, 0, 0, 3, 4, 0.5714286, 0.5714286, 1.0, 1.0, 0.5633803, 0.7741935
TRUE, 4, 2, 1, 0, 0.5714286, 0.0, 0.0, 0.2, 0.5555556, 0.25
FALSE, 0, 1, 2, 4, 0.5714286, 0.6666667, 0.8, 1.0, 0.6451613, 0.72727275
TRUE, 5, 0, 2, 0, 0.71428573, 0.0, 0.0, 0.2857143, 0.44444445, 0.36363637
FALSE, 0, 2, 0, 5, 0.71428573, 1.0, 0.71428573, 0.0, 0.7407407, 0.5882353
TRUE, 2, 3, 1, 1, 0.42857143, 0.5, 0.25, 0.33333334, 0.46153846, 0.2857143
FALSE, 1, 1, 3, 2, 0.42857143, 0.4, 0.6666667, 0.75, 0.41379312, 0.7058824

SHARED-PC1
TRUE, 44, 1, 0, 0, 0.9777778, 0.0, 0.0, 0.0, 0.6569343, 0.04255319
FALSE, 0, 0, 1, 44, 0.9777778, 0.9777778, 1.0, 1.0, 0.9675055, 0.6616541
TRUE, 42, 1, 1, 1, 0.95555556, 0.5, 0.5, 0.023255814, 0.65648854, 0.044444446
FALSE, 1, 1, 1, 42, 0.95555556, 0.9767442, 0.9767442, 0.5, 0.9660337, 0.6614173
TRUE, 39, 4, 2, 0, 0.8666667, 0.0, 0.0, 0.048780486, 0.48192772, 0.078431375
FALSE, 0, 2, 4, 39, 0.8666667, 0.90697676, 0.9512195, 1.0, 0.88787705, 0.8690808
TRUE, 42, 2, 1, 0, 0.93333334, 0.0, 0.0, 0.023255814, 0.6515151, 0.04347826
FALSE, 0, 1, 2, 42, 0.93333334, 0.95454544, 0.9767442, 1.0, 0.94456065, 0.7924528
TRUE, 43, 1, 1, 0, 0.95555556, 0.0, 0.0, 0.022727273, 0.6567164, 0.04347826
FALSE, 0, 1, 1, 43, 0.95555556, 0.97727275, 0.97727275, 1.0, 0.9667859, 0.6615385

AR3
TRUE, 2, 1, 0, 0, 0.6666667, 0.0, 0.0, 0.0, 0.54545456, 0.4
FALSE, 0, 0, 1, 2, 0.6666667, 0.6666667, 1.0, 1.0, 0.6315789, 0.5714286
TRUE, 3, 0, 0, 0, 1.0, 0.0, 0.0, 0.0, 0.5714286, 0.33333334
FALSE, 0, 0, 0, 3, 1.0, 1.0, 1.0, 0.0, 0.7058824, 0.6
TRUE, 2, 1, 0, 0, 0.6666667, 0.0, 0.0, 0.0, 0.54545456, 0.4
FALSE, 0, 0, 1, 2, 0.6666667, 0.6666667, 1.0, 1.0, 0.6315789, 0.5714286
TRUE, 2, 1, 0, 0, 0.6666667, 0.0, 0.0, 0.0, 0.54545456, 0.4
FALSE, 0, 0, 1, 2, 0.6666667, 0.6666667, 1.0, 1.0, 0.6315789, 0.5714286
TRUE, 2, 1, 0, 0, 0.6666667, 0.0, 0.0, 0.0, 0.54545456, 0.4
FALSE, 0, 0, 1, 2, 0.6666667, 0.6666667, 1.0, 1.0, 0.6315789, 0.5714286

AR4
TRUE, 4, 0, 0, 1, 1.0, 1.0, 1.0, 0.0, 0.5882353, 0.2857143
FALSE, 1, 0, 0, 4, 1.0, 1.0, 1.0, 0.0, 0.754717, 0.61538464
TRUE, 4, 1, 0, 0, 0.8, 0.0, 0.0, 0.0, 0.5882353, 0.2857143
FALSE, 0, 0, 1, 4, 0.8, 0.8, 1.0, 1.0, 0.754717, 0.61538464
TRUE, 3, 2, 0, 0, 0.6, 0.0, 0.0, 0.0, 0.53333336, 0.2857143
FALSE, 0, 0, 2, 3, 0.6, 0.6, 1.0, 1.0, 0.58536583, 0.7058824
TRUE, 3, 2, 0, 0, 0.6, 0.0, 0.0, 0.0, 0.53333336, 0.2857143
FALSE, 0, 0, 2, 3, 0.6, 0.6, 1.0, 1.0, 0.58536583, 0.7058824
TRUE, 4, 1, 0, 0, 0.8, 0.0, 0.0, 0.0, 0.5882353, 0.2857143
FALSE, 0, 0, 1, 4, 0.8, 0.8, 1.0, 1.0, 0.754717, 0.61538464

AR5
TRUE, 1, 1, 0, 0, 0.5, 0.0, 0.0, 0.0, 0.5, 0.5
FALSE, 0, 0, 1, 1, 0.5, 0.5, 1.0, 1.0, 0.5, 0.5
TRUE, 2, 0, 0, 0, 1.0, 0.0, 0.0, 0.0, 0.54545456, 0.4
FALSE, 0, 0, 0, 2, 1.0, 1.0, 1.0, 0.0, 0.6315789, 0.5714286
TRUE, 2, 0, 0, 0, 1.0, 0.0, 0.0, 0.0, 0.54545456, 0.4
FALSE, 0, 0, 0, 2, 1.0, 1.0, 1.0, 0.0, 0.6315789, 0.5714286
TRUE, 2, 0, 0, 0, 1.0, 0.0, 0.0, 0.0, 0.54545456, 0.4
FALSE, 0, 0, 0, 2, 1.0, 1.0, 1.0, 0.0, 0.6315789, 0.5714286
TRUE, 1, 1, 0, 0, 0.5, 0.0, 0.0, 0.0, 0.5, 0.5
FALSE, 0, 0, 1, 1, 0.5, 0.5, 1.0, 1.0, 0.5, 0.5

